# Created by Octave 2.1.51, Tue Feb 03 16:15:37 2004 BRST <rodrigo@colibrih>
# name: xxx_bus
# type: matrix
# rows: 837
# columns: 9
 0 0 -0.0125514 1000 1000 0.0174997 0.0222783 0.0248711 0.0331304
 0.0300301 0.00220755 0.0889851 1000 1000 0.00876988 0.0658584 0.0517843 0.0279897
 0.059844 0.00662963 0.133647 1000 1000 0.00587756 0.105181 0.0141871 0.107504
 0.0895921 0.0104052 0.146118 1000 1000 0.0044445 0.126063 0.0224404 0.0582496
 0.119114 0.0165311 0.176359 1000 1000 0.00359503 0.187029 0.0435586 0.0819664
 0.149176 0.0169064 0.156869 1000 1000 0.00303721 0.193839 0.0527308 0.0868349
 0.178748 0.0221077 0.174951 1000 1000 0.00264591 0.216541 0.030427 0.137025
 0.20907 0.0211235 0.157413 1000 1000 0.00235853 0.24732 0.000316439 0.175921
 0.237568 0.0345227 0.213215 1000 1000 0.00214029 0.285639 0.0553002 0.204294
 0.267195 0.0386854 0.218865 1000 1000 0.00197031 0.314871 0.083315 0.198086
 0.296344 0.0461084 0.237463 1000 1000 0.00183529 0.379089 0.0926675 0.23839
 0.326932 0.044181 0.219202 1000 1000 0.00172635 0.403143 0.079526 0.215817
 0.355346 0.0559531 0.252544 1000 1000 0.00163734 0.413151 0.0871622 0.246747
 0.383782 0.0669689 0.279257 1000 1000 0.00156387 0.418494 0.0876764 0.284004
 0.412354 0.0766839 0.298871 1000 1000 0.00150271 0.431229 0.0945272 0.307221
 0.44179 0.081575 0.30173 1000 1000 0.00145144 0.4217 0.133492 0.30409
 0.470291 0.0911958 0.318837 1000 1000 0.00140821 0.496874 0.145953 0.303181
 0.499159 0.0988203 0.328662 1000 1000 0.00137157 0.526368 0.171248 0.315196
 0.527723 0.107746 0.34151 1000 1000 0.00134039 0.558551 0.187686 0.358069
 0.556577 0.115276 0.349488 1000 1000 0.00131376 0.566722 0.167492 0.410323
 0.583105 0.13238 0.383227 1000 1000 0.00129094 0.574129 0.190765 0.453923
 0.610216 0.146403 0.40582 1000 1000 0.00127135 0.597528 0.192695 0.496472
 0.638306 0.156269 0.415528 1000 1000 0.00125448 0.631772 0.201566 0.549367
 0.663817 0.175339 0.448989 1000 1000 0.00123992 0.633342 0.219527 0.579327
 0.689256 0.193799 0.47832 1000 1000 0.00122735 0.678687 0.244827 0.616368
 0.712465 0.218769 0.522592 1000 1000 0.00121647 0.700683 0.28953 0.620201
 0.737455 0.236847 0.545716 1000 1000 0.00120705 0.73829 0.31288 0.592831
 0.762192 0.255069 0.567646 1000 1000 0.00119888 0.761107 0.30871 0.662724
 0.78556 0.276549 0.596645 1000 1000 0.00119178 0.752031 0.345044 0.658464
 0.810824 0.292227 0.608557 1000 1000 0.00118562 0.798377 0.329861 0.665259
 0.833358 0.314593 0.637268 1000 1000 0.00118026 0.808624 0.329728 0.620949
 0.857435 0.332527 0.652488 1000 1000 0.0011756 0.86472 0.383286 0.63515
 0.880373 0.352789 0.672918 1000 1000 0.00117155 0.867088 0.435478 0.630238
 0.904921 0.369124 0.681615 1000 1000 0.00116801 0.921261 0.430949 0.623641
 0.930178 0.383949 0.685675 1000 1000 0.00116494 0.912202 0.459514 0.651937
 0.956101 0.397548 0.686105 1000 1000 0.00116225 0.920309 0.483858 0.657021
 0.981118 0.413079 0.691671 1000 1000 0.00115992 0.955383 0.486666 0.672924
 1.00462 0.431473 0.704646 1000 1000 0.00115788 0.964039 0.493297 0.668909
 1.02687 0.451991 0.722631 1000 1000 0.0011561 1.00214 0.530548 0.69031
 1.05148 0.468176 0.727512 1000 1000 0.00115455 1.02697 0.578289 0.72476
 1.07396 0.487989 0.74213 1000 1000 0.0011532 1.03106 0.599058 0.777016
 1.0939 0.511815 0.767095 1000 1000 0.00115202 1.0489 0.654254 0.804412
 1.1165 0.531059 0.777629 1000 1000 0.00115099 1.04236 0.683899 0.809231
 1.13841 0.551284 0.790283 1000 1000 0.00115009 1.03803 0.722723 0.766123
 1.15958 0.572516 0.805039 1000 1000 0.0011493 1.02987 0.793401 0.76314
 1.18447 0.588224 0.802843 1000 1000 0.00114862 1.0582 0.850136 0.783593
 1.20248 0.613777 0.829488 1000 1000 0.00114802 1.10182 0.875869 0.818512
 1.22426 0.633826 0.838337 1000 1000 0.00114749 1.15259 0.899155 0.835484
 1.23965 0.662323 0.871836 1000 1000 0.00114704 1.17194 0.968241 0.860175
 1.25844 0.68594 0.888805 1000 1000 0.00114664 1.18371 0.962881 0.896294
 1.27902 0.707158 0.89747 1000 1000 0.00114629 1.17363 1.00009 0.881504
 1.29827 0.729949 0.910421 1000 1000 0.00114599 1.21851 0.997914 0.876083
 1.31524 0.75533 0.930709 1000 1000 0.00114572 1.24222 1.00655 0.909535
 1.33379 0.778673 0.94343 1000 1000 0.00114549 1.23397 1.04104 0.924845
 1.35165 0.802679 0.957527 1000 1000 0.00114529 1.26023 1.02586 0.922975
 1.36917 0.826938 0.971633 1000 1000 0.00114511 1.28589 1.10454 0.916631
 1.38416 0.853724 0.993281 1000 1000 0.00114496 1.30251 1.14322 0.957892
 1.40442 0.874937 0.995129 1000 1000 0.00114482 1.30999 1.19175 0.925108
 1.42579 0.895154 0.993299 1000 1000 0.00114471 1.31691 1.22965 0.934522
 1.43998 0.922384 1.01552 1000 1000 0.0011446 1.38019 1.21067 0.944472
 1.45986 0.944093 1.01729 1000 1000 0.00114451 1.37846 1.24788 0.947095
 1.47612 0.969166 1.0307 1000 1000 0.00114443 1.39857 1.30996 0.941153
 1.49126 0.995148 1.04661 1000 1000 0.00114437 1.44126 1.36582 0.925811
 1.50843 1.01927 1.05485 1000 1000 0.00114431 1.44767 1.42528 0.979328
 1.5267 1.04246 1.05908 1000 1000 0.00114425 1.44454 1.47687 0.971575
 1.54019 1.0696 1.07777 1000 1000 0.00114421 1.47599 1.50686 1.00159
 1.55556 1.0951 1.08922 1000 1000 0.00114417 1.46397 1.54991 0.992037
 1.57248 1.11934 1.09511 1000 1000 0.00114413 1.48191 1.58767 0.996887
 1.58467 1.14718 1.11473 1000 1000 0.0011441 1.48457 1.6191 1.00357
 1.60254 1.17068 1.11598 1000 1000 0.00114408 1.48223 1.68558 1.06142
 1.6171 1.19664 1.12694 1000 1000 0.00114405 1.4692 1.73357 1.05565
 1.63037 1.22346 1.14081 1000 1000 0.00114403 1.50538 1.73664 1.05465
 1.64229 1.25113 1.15751 1000 1000 0.00114401 1.50886 1.78472 1.06206
 1.65465 1.27839 1.1716 1000 1000 0.001144 1.49401 1.82816 1.10607
 1.66458 1.30716 1.1915 1000 1000 0.00114399 1.51557 1.83843 1.15856
 1.67653 1.33449 1.20413 1000 1000 0.00114397 1.51504 1.85861 1.18484
 1.68357 1.36477 1.22949 1000 1000 0.00114396 1.53153 1.9182 1.21576
 1.69521 1.39209 1.24005 1000 1000 0.00114395 1.53566 2.00765 1.22888
 1.70338 1.42137 1.25938 1000 1000 0.00114395 1.53436 2.01896 1.24321
 1.7122 1.45013 1.27538 1000 1000 0.00114394 1.56913 2.07384 1.25473
 1.72586 1.47619 1.2771 1000 1000 0.00114393 1.53669 2.10155 1.2853
 1.73435 1.505 1.29262 1000 1000 0.00114393 1.52377 2.11527 1.31232
 1.74479 1.53274 1.30175 1000 1000 0.00114392 1.52732 2.20027 1.34161
 1.74586 1.56503 1.33501 1000 1000 0.00114392 1.55117 2.21772 1.33939
 1.75783 1.59186 1.33697 1000 1000 0.00114392 1.53448 2.24683 1.34412
 1.7621 1.62227 1.35898 1000 1000 0.00114391 1.52019 2.28705 1.35348
 1.77054 1.65066 1.36844 1000 1000 0.00114391 1.53177 2.33345 1.37921
 1.77294 1.68157 1.39279 1000 1000.01 0.00114391 1.54646 2.31583 1.39279
 1.78436 1.70864 1.39213 1000.01 1000.01 0.00114391 1.58832 2.32104 1.36665
 1.7919 1.7373 1.4015 1000.01 1000.01 0.0011439 1.60908 2.35703 1.35937
 1.80055 1.76554 1.40739 1000.01 1000.01 0.0011439 1.58425 2.36631 1.35605
 1.80971 1.79361 1.4116 1000.01 1000.01 0.0011439 1.58467 2.41132 1.36773
 1.82194 1.82066 1.40782 1000.01 1000.01 0.0011439 1.55554 2.45323 1.41661
 1.82171 1.85195 1.43556 1000.01 1000.01 0.0011439 1.57639 2.45544 1.43033
 1.82137 1.88307 1.46148 1000.01 1000.01 0.0011439 1.58706 2.50486 1.40401
 1.82507 1.91276 1.47543 1000.01 1000.01 0.0011439 1.59402 2.4888 1.46405
 1.83222 1.94138 1.47982 1000.01 1000.01 0.0011439 1.58896 2.54443 1.45699
 1.82914 1.97286 1.50912 1000.01 1000.01 0.0011439 1.56674 2.5925 1.51022
 1.83393 2.00204 1.51691 1000.01 1000.01 0.0011439 1.58371 2.6381 1.50693
 1.83056 2.03322 1.54409 1000.01 1000.01 0.0011439 1.57789 2.67722 1.54114
 1.83506 2.06235 1.55007 1000.01 1000.01 0.00114389 1.57721 2.69335 1.55239
 1.83896 2.09163 1.55711 1000.01 1000.01 0.00114389 1.54492 2.718 1.54429
 1.84528 2.12043 1.55779 1000.01 1000.01 0.00114389 1.56865 2.71906 1.55072
 1.84426 2.15069 1.57618 1000.01 1000.01 0.00114389 1.57494 2.78231 1.55939
 1.8427 2.18094 1.59457 1000.01 1000.01 0.00114389 1.56303 2.85327 1.5808
 1.84297 2.21077 1.6072 1000.01 1000.01 0.00114389 1.54118 2.90449 1.66639
 1.83877 2.24122 1.62967 1000.01 1000.01 0.00114389 1.4998 2.96086 1.70021
 1.83641 2.27125 1.64608 1000.01 1000.01 0.00114389 1.48844 2.96196 1.71264
 1.82945 2.30174 1.67234 1000.01 1000.01 0.00114389 1.49667 3.0448 1.76636
 1.82675 2.33155 1.68654 1000.01 1000.01 0.00114389 1.52868 3.08836 1.76692
 1.82139 2.36152 1.70607 1000.01 1000.01 0.00114389 1.48834 3.11549 1.76656
 1.81833 2.39117 1.7187 1000.01 1000.01 0.00114389 1.50148 3.1642 1.77236
 1.81461 2.4208 1.73205 1000.01 1000.01 0.00114389 1.51928 3.18182 1.77984
 1.81148 2.45033 1.74302 1000.01 1000.01 0.00114389 1.5151 3.22973 1.77436
 1.80391 2.47997 1.7638 1000.01 1000.01 0.00114389 1.53314 3.26815 1.76026
 1.79619 2.50945 1.78348 1000.01 1000.01 0.00114389 1.51167 3.30796 1.74012
 1.78967 2.53877 1.79892 1000.01 1000.01 0.00114389 1.51384 3.32138 1.77523
 1.78426 2.56801 1.81064 1000.01 1000.01 0.00114389 1.5282 3.34125 1.75378
 1.77449 2.59708 1.83194 1000.01 1000.01 0.00114389 1.50815 3.32998 1.75257
 1.76634 2.62604 1.84791 1000.01 1000.01 0.00114389 1.47256 3.33256 1.77081
 1.76436 2.65526 1.84806 1000.01 1000.01 0.00114389 1.45984 3.36273 1.74439
 1.75952 2.68437 1.85499 1000.01 1000.01 0.00114389 1.42137 3.41644 1.73434
 1.74902 2.71298 1.87499 1000.01 1000.01 0.00114389 1.43439 3.41738 1.77232
 1.74296 2.7419 1.88299 1000.01 1000.01 0.00114389 1.43065 3.46862 1.80391
 1.72946 2.76995 1.90827 1000.01 1000.01 0.00114389 1.39975 3.52303 1.85315
 1.71847 2.79812 1.92581 1000.01 1000.01 0.00114389 1.39398 3.58611 1.90413
 1.71196 2.82683 1.93136 1000.01 1000.01 0.00114389 1.32857 3.62483 1.95799
 1.69858 2.85445 1.95311 1000.01 1000.01 0.00114389 1.29789 3.66614 2.00206
 1.68701 2.88221 1.96903 1000.01 1000.01 0.00114389 1.28937 3.68395 2.02984
 1.67639 2.91006 1.98157 1000.01 1000.01 0.00114389 1.24956 3.72415 2.09454
 1.65796 2.93623 2.01227 1000.01 1000.01 0.00114389 1.21044 3.73042 2.13542
 1.64991 2.96442 2.01562 1000.01 1000.01 0.00114389 1.20327 3.74416 2.12092
 1.63988 2.99219 2.02355 1000.01 1000.01 0.00114389 1.20533 3.77757 2.09863
 1.61683 3.01664 2.06298 1000.01 1000.01 0.00114389 1.21442 3.80117 2.11722
 1.60306 3.04319 2.07697 1000.01 1000.01 0.00114389 1.1991 3.79934 2.14665
 1.58624 3.06877 2.09762 1000.01 1000.01 0.00114389 1.20413 3.85943 2.13903
 1.56436 3.09262 2.1296 1000.01 1000.01 0.00114389 1.19108 3.90884 2.15942
 1.54695 3.11757 2.14838 1000.01 1000.01 0.00114389 1.17678 3.95017 2.17688
 1.52614 3.14118 2.17458 1000.01 1000.01 0.00114389 1.22635 3.96773 2.20246
 1.50736 3.16524 2.19402 1000.01 1000.01 0.00114389 1.23644 3.98778 2.23055
 1.48562 3.18796 2.21988 1000.01 1000.01 0.00114389 1.22336 4.03375 2.28199
 1.46093 3.20919 2.25182 1000.01 1000.01 0.00114389 1.21908 4.07161 2.31487
 1.44116 3.23212 2.26913 1000.01 1000.01 0.00114389 1.21336 4.0605 2.29412
 1.4208 3.25461 2.28695 1000.01 1000.01 0.00114389 1.19101 4.09168 2.31803
 1.39922 3.27634 2.30695 1000.01 1000.01 0.00114389 1.17877 4.13218 2.38302
 1.3697 3.29388 2.34714 1000.01 1000.01 0.00114389 1.12611 4.19097 2.43014
 1.34591 3.31383 2.36968 1000.01 1000.01 0.00114389 1.07724 4.21343 2.43216
 1.32275 3.33383 2.38925 1000.01 1000.01 0.00114389 1.05621 4.2368 2.50084
 1.30215 3.35509 2.40063 1000.01 1000.01 0.00114389 1.03345 4.28322 2.51509
 1.27506 3.37232 2.4296 1000.01 1000.01 0.00114389 0.986577 4.28655 2.5305
 1.25441 3.39324 2.4387 1000.01 1000.01 0.00114389 0.952252 4.33035 2.52487
 1.22844 3.41057 2.46266 1000.01 1000.01 0.00114389 0.974677 4.34179 2.50924
 1.20634 3.43028 2.47399 1000.01 1000.01 0.00114389 0.938323 4.32654 2.56083
 1.17621 3.44409 2.5086 1000.01 1000.01 0.00114389 0.920056 4.31212 2.63647
 1.15177 3.46165 2.52435 1000.01 1000.01 0.00114389 0.897963 4.32645 2.68477
 1.12634 3.47825 2.54232 1000.01 1000.01 0.00114389 0.909137 4.32419 2.68038
 1.09829 3.49247 2.5676 1000.01 1000.01 0.00114389 0.897131 4.34211 2.68792
 1.0725 3.50824 2.58452 1000.01 1000.01 0.00114389 0.907933 4.38094 2.69723
 1.04278 3.5203 2.61336 1000.01 1000.01 0.00114389 0.885849 4.40131 2.72488
 1.01862 3.53706 2.62254 1000.01 1000.01 0.00114389 0.813112 4.41076 2.69717
 0.989989 3.54943 2.64627 1000.01 1000.01 0.00114389 0.78495 4.43796 2.70719
 0.962019 3.56209 2.66671 1000.01 1000.01 0.00114389 0.728017 4.46621 2.74297
 0.933536 3.57391 2.68806 1000.01 1000.01 0.00114389 0.694835 4.4871 2.73037
 0.908972 3.58969 2.6944 1000.01 1000.01 0.00114389 0.629748 4.53926 2.8021
 0.882525 3.60335 2.70718 1000.01 1000.01 0.00114389 0.574872 4.55977 2.75434
 0.8536 3.61395 2.72863 1000.01 1000.01 0.00114389 0.539277 4.58555 2.77609
 0.820401 3.61892 2.76568 1000.01 1000.01 0.00114389 0.522006 4.56709 2.75704
 0.793475 3.6312 2.77681 1000.01 1000.01 0.00114389 0.482888 4.60295 2.82124
 0.764848 3.64109 2.79425 1000.01 1000.01 0.00114389 0.474857 4.64986 2.83887
 0.734392 3.64816 2.81862 1000.01 1000.01 0.00114389 0.431144 4.62422 2.86468
 0.703459 3.65406 2.84429 1000.01 1000.01 0.00114389 0.433287 4.64404 2.87398
 0.675215 3.66352 2.85734 1000.01 1000.01 0.00114389 0.375994 4.68438 2.88727
 0.644153 3.66832 2.88269 1000.01 1000.01 0.00114389 0.354184 4.69408 2.88867
 0.617826 3.68046 2.88507 1000.01 1000.01 0.00114389 0.307245 4.6948 2.92817
 0.589781 3.68977 2.89533 1000.01 1000.01 0.00114389 0.283791 4.71061 2.89337
 0.559287 3.69454 2.91737 1000.01 1000.01 0.00114389 0.250514 4.72525 2.93566
 0.530343 3.70179 2.93078 1000.01 1000.01 0.00114389 0.22967 4.73578 2.93414
 0.497885 3.70185 2.96264 1000.01 1000.01 0.00114389 0.181365 4.7319 2.93489
 0.471764 3.71429 2.95855 1000.01 1000.01 0.00114389 0.126864 4.74785 2.94053
 0.442903 3.72115 2.96983 1000.01 1000.01 0.00114389 0.0873359 4.80093 2.94023
 0.414923 3.72989 2.97527 1000.01 1000.01 0.00114389 0.0430997 4.81088 2.95287
 0.384934 3.73389 2.9928 1000.01 1000.01 0.00114389 -0.0419818 4.77737 2.95269
 0.356617 3.74174 2.99895 1000.01 1000.01 0.00114389 -0.0648959 4.77894 2.93026
 0.327566 3.7477 3.00956 1000.01 1000.01 0.00114389 -0.0878976 4.78362 2.9314
 0.296486 3.74795 3.03409 1000.01 1000.01 0.00114389 -0.104223 4.80601 2.94717
 0.268557 3.75669 3.03498 1000.01 1000.01 0.00114389 -0.145702 4.82502 2.93127
 0.238283 3.75852 3.05344 1000.01 1000.01 0.00114389 -0.198397 4.85835 2.95482
 0.207722 3.75898 3.07395 1000.01 1000.01 0.00114389 -0.209936 4.85475 2.96574
 0.17947 3.76673 3.07457 1000.01 1000.01 0.00114389 -0.223957 4.87365 3.01078
 0.150372 3.77175 3.08204 1000.01 1000.01 0.00114389 -0.227762 4.87117 3.04324
 0.119346 3.76942 3.10728 1000.01 1000.01 0.00114389 -0.276064 4.89716 3.04372
 0.0885835 3.76728 3.13013 1000.01 1000.01 0.00114389 -0.294506 4.88676 3.06217
 0.0598245 3.77301 3.13184 1000.01 1000.01 0.00114389 -0.336925 4.88034 3.05933
 0.0293725 3.77119 3.15203 1000.01 1000.01 0.00114389 -0.36398 4.84533 3.06829
 0.000493246 3.77649 3.15328 1000.01 1000.01 0.00114389 -0.420514 4.85452 3.06321
 -0.0295981 3.77564 3.16952 1000.01 1000.01 0.00114389 -0.393621 4.91327 3.10121
 -0.0595147 3.77522 3.18349 1000.01 1000.01 0.00114389 -0.443444 4.93105 3.13803
 -0.0895958 3.77328 3.20016 1000.01 1000.01 0.00114389 -0.503894 4.92334 3.15381
 -0.118742 3.77719 3.20144 1000.01 1000.01 0.00114389 -0.538323 4.93551 3.17196
 -0.148869 3.77398 3.21985 1000.01 1000.01 0.00114389 -0.600683 4.89823 3.16333
 -0.178101 3.77757 3.22055 1000.01 1000.01 0.00114389 -0.606011 4.92815 3.13098
 -0.207882 3.77644 3.23257 1000.01 1000.01 0.00114389 -0.645194 4.90571 3.18099
 -0.237872 3.77243 3.25067 1000.01 1000.01 0.00114389 -0.659847 4.88765 3.22014
 -0.267596 3.77046 3.26255 1000.01 1000.01 0.00114389 -0.714911 4.89215 3.26544
 -0.297303 3.76804 3.27468 1000.01 1000.01 0.00114389 -0.718808 4.86094 3.31426
 -0.327107 3.76263 3.2931 1000.01 1000.01 0.00114389 -0.746301 4.83706 3.30499
 -0.356744 3.75865 3.3068 1000.01 1000.01 0.00114389 -0.775303 4.81442 3.3271
 -0.386284 3.75605 3.31622 1000.01 1000.01 0.00114389 -0.785098 4.83833 3.3457
 -0.415896 3.74336 3.34906 1000.01 1000.01 0.00114389 -0.842323 4.80123 3.36056
 -0.445226 3.73217 3.37601 1000.01 1000.01 0.00114389 -0.876049 4.81784 3.34646
 -0.474527 3.73113 3.37688 1000.01 1000.01 0.00114389 -0.904731 4.84158 3.3384
 -0.503651 3.72273 3.39523 1000.01 1000.01 0.00114389 -0.935558 4.83408 3.31427
 -0.532901 3.71945 3.40007 1000.01 1000.01 0.00114389 -0.968811 4.8229 3.35191
 -0.561763 3.70955 3.42043 1000.01 1000.01 0.00114389 -0.964134 4.81412 3.37041
 -0.590904 3.70516 3.42618 1000.01 1000.01 0.00114389 -0.957175 4.80393 3.43021
 -0.619863 3.69854 3.43684 1000.01 1000.01 0.00114389 -0.974161 4.80147 3.44965
 -0.648796 3.69201 3.44659 1000.01 1000.01 0.00114389 -1.00031 4.78896 3.43851
 -0.67693 3.67894 3.47132 1000.01 1000.01 0.00114389 -1.04684 4.76103 3.48033
 -0.705278 3.66896 3.48697 1000.01 1000.01 0.00114389 -1.08266 4.75593 3.53177
 -0.734194 3.66347 3.49073 1000.01 1000.01 0.00114389 -1.13412 4.69383 3.50427
 -0.762003 3.65084 3.51144 1000.01 1000.01 0.00114389 -1.1915 4.70886 3.49114
 -0.789523 3.63742 3.53267 1000.01 1000.01 0.00114389 -1.21365 4.69396 3.48607
 -0.81745 3.62699 3.54522 1000.01 1000.01 0.00114389 -1.23322 4.66414 3.46227
 -0.845717 3.61852 3.55218 1000.01 1000.01 0.00114389 -1.25294 4.66252 3.53505
 -0.872368 3.60264 3.57669 1000.01 1000.01 0.00114389 -1.27261 4.64762 3.53734
 -0.900385 3.59346 3.58323 1000.01 1000.01 0.00114389 -1.29316 4.63646 3.53644
 -0.928333 3.58395 3.59009 1000.01 1000.01 0.00114389 -1.35048 4.61457 3.51706
 -0.955864 3.57282 3.60045 1000.01 1000.01 0.00114389 -1.38218 4.58971 3.48128
 -0.983271 3.56137 3.61092 1000.01 1000.01 0.00114389 -1.41289 4.55592 3.51531
 -1.00929 3.54528 3.63217 1000.01 1000.01 0.00114389 -1.41752 4.51562 3.53342
 -1.03563 3.53075 3.64816 1000.01 1000.01 0.00114389 -1.41307 4.46669 3.5879
 -1.06245 3.51802 3.6586 1000.01 1000.01 0.00114389 -1.41857 4.40169 3.63069
 -1.08572 3.49488 3.69449 1000.01 1000.01 0.00114389 -1.43834 4.41545 3.63037
 -1.11198 3.48118 3.70428 1000.01 1000.01 0.00114389 -1.43699 4.38339 3.6387
 -1.13861 3.46856 3.71068 1000.01 1000.01 0.00114389 -1.47334 4.39636 3.65498
 -1.16535 3.45618 3.71601 1000.01 1000.01 0.00114389 -1.49889 4.3876 3.67795
 -1.19028 3.43925 3.73263 1000.01 1000.01 0.00114389 -1.50502 4.40344 3.75887
 -1.21331 3.41805 3.75921 1000.01 1000.01 0.00114389 -1.52274 4.44683 3.77621
 -1.23568 3.39589 3.78666 1000.01 1000.01 0.00114389 -1.53433 4.4613 3.80802
 -1.25937 3.37723 3.80329 1000.01 1000.01 0.00114389 -1.57249 4.4535 3.84292
 -1.2857 3.3644 3.8035 1000.01 1000.01 0.00114389 -1.58331 4.41121 3.83908
 -1.30904 3.34531 3.82023 1000.01 1000.01 0.00114389 -1.61336 4.35275 3.84972
 -1.33096 3.32368 3.84273 1000.01 1000.01 0.00114389 -1.65046 4.31299 3.87705
 -1.35563 3.30761 3.84887 1000.01 1000.01 0.00114389 -1.66927 4.29372 3.84874
 -1.37887 3.28891 3.86171 1000.01 1000.01 0.00114389 -1.70183 4.25723 3.91985
 -1.39969 3.26608 3.88506 1000.01 1000.01 0.00114389 -1.70447 4.22857 3.94829
 -1.42107 3.24458 3.90336 1000.01 1000.01 0.00114389 -1.70083 4.23972 3.97496
 -1.4365 3.21355 3.94718 1000.01 1000.01 0.00114389 -1.7112 4.25659 4.02797
 -1.45529 3.18875 3.97108 1000.01 1000.01 0.00114389 -1.71333 4.24953 4.03156
 -1.47358 3.16364 3.9946 1000.01 1000.01 0.00114389 -1.73681 4.21555 4.01564
 -1.49439 3.14262 4.00504 1000.01 1000.01 0.00114389 -1.80251 4.17072 4.00936
 -1.51527 3.12176 4.01435 1000.01 1000.01 0.00114389 -1.81569 4.16602 4.01351
 -1.53654 3.10149 4.02131 1000.01 1000.01 0.00114389 -1.85419 4.14828 4.0459
 -1.55585 3.07863 4.03554 1000.01 1000.01 0.00114389 -1.8559 4.08744 4.02508
 -1.57595 3.05691 4.04547 1000.01 1000.01 0.00114389 -1.90859 4.04862 4.02093
 -1.59664 3.03596 4.05238 1000.01 1000.01 0.00114389 -1.92423 4.02214 4.0612
 -1.61463 3.01177 4.0689 1000.01 1000.01 0.00114389 -1.9346 4.01532 4.02568
 -1.63424 2.98964 4.078 1000.01 1000.01 0.00114389 -2.00903 3.97036 4.01995
 -1.65289 2.96646 4.08985 1000.01 1000.02 0.00114389 -2.01789 3.91319 4.01459
 -1.66904 2.94062 4.10961 1000.01 1000.02 0.00114389 -2.04572 3.88725 4.07651
 -1.6862 2.91607 4.12409 1000.01 1000.02 0.00114389 -2.09465 3.86168 4.06639
 -1.70327 2.89154 4.13766 1000.01 1000.02 0.00114389 -2.12573 3.85761 4.06418
 -1.72528 2.87205 4.13339 1000.01 1000.02 0.00114389 -2.114 3.85765 4.13634
 -1.74184 2.84708 4.14791 1000.01 1000.02 0.00114389 -2.12062 3.86113 4.14758
 -1.75431 2.81836 4.17467 1000.02 1000.02 0.00114389 -2.12948 3.84911 4.12657
 -1.7734 2.796 4.1776 1000.02 1000.02 0.00114389 -2.15486 3.81819 4.1489
 -1.79295 2.77399 4.17898 1000.02 1000.02 0.00114389 -2.19761 3.81917 4.17659
 -1.80683 2.74697 4.19831 1000.02 1000.02 0.00114389 -2.2601 3.84074 4.17334
 -1.8214 2.72069 4.2139 1000.02 1000.02 0.00114389 -2.28282 3.85477 4.1832
 -1.83896 2.69699 4.21895 1000.02 1000.02 0.00114389 -2.29762 3.81063 4.18089
 -1.8575 2.67403 4.22073 1000.02 1000.02 0.00114389 -2.32468 3.82575 4.21587
 -1.87505 2.65023 4.22547 1000.02 1000.02 0.00114389 -2.36617 3.78518 4.19742
 -1.89183 2.62581 4.23226 1000.02 1000.02 0.00114389 -2.44141 3.77086 4.20057
 -1.90705 2.60022 4.24321 1000.02 1000.02 0.00114389 -2.45936 3.70402 4.22064
 -1.91834 2.57181 4.2649 1000.02 1000.02 0.00114389 -2.48431 3.65308 4.26773
 -1.93118 2.54466 4.28031 1000.02 1000.02 0.00114389 -2.50159 3.64941 4.30168
 -1.94855 2.52074 4.28142 1000.02 1000.02 0.00114389 -2.5362 3.61475 4.2909
 -1.95912 2.49216 4.30205 1000.02 1000.02 0.00114389 -2.55225 3.59657 4.3084
 -1.96788 2.46254 4.32616 1000.02 1000.02 0.00114389 -2.55499 3.5588 4.29799
 -1.97918 2.43475 4.34116 1000.02 1000.02 0.00114389 -2.60304 3.57053 4.24507
 -1.99647 2.41077 4.33826 1000.02 1000.02 0.00114389 -2.61857 3.5323 4.24467
 -2.00892 2.38374 4.34914 1000.02 1000.02 0.00114389 -2.64584 3.51824 4.29614
 -2.02061 2.3563 4.36128 1000.02 1000.02 0.00114389 -2.65955 3.47325 4.28218
 -2.0298 2.32749 4.37938 1000.02 1000.02 0.00114389 -2.72408 3.47148 4.30697
 -2.0456 2.30246 4.37811 1000.02 1000.02 0.00114389 -2.76673 3.45047 4.33875
 -2.05645 2.27467 4.39037 1000.02 1000.02 0.00114389 -2.75436 3.37002 4.33947
 -2.07391 2.25039 4.38403 1000.02 1000.02 0.00114389 -2.75203 3.33772 4.349
 -2.07988 2.2201 4.40889 1000.02 1000.02 0.00114389 -2.76262 3.29631 4.33923
 -2.09239 2.19324 4.41451 1000.02 1000.02 0.00114389 -2.80449 3.28494 4.32922
 -2.09905 2.16352 4.43516 1000.02 1000.02 0.00114389 -2.78638 3.2484 4.3633
 -2.11154 2.13668 4.43894 1000.02 1000.02 0.00114389 -2.75371 3.23313 4.38171
 -2.1235 2.10956 4.4439 1000.02 1000.02 0.00114389 -2.75352 3.18346 4.45201
 -2.12872 2.07942 4.46599 1000.02 1000.02 0.00114389 -2.74694 3.14989 4.45926
 -2.13102 2.04816 4.49393 1000.02 1000.02 0.00114389 -2.76488 3.10663 4.50016
 -2.13461 2.01766 4.51641 1000.02 1000.02 0.00114389 -2.75797 3.05922 4.53367
 -2.13843 1.98742 4.53658 1000.02 1000.02 0.00114389 -2.75587 3.04018 4.51789
 -2.14609 1.95881 4.54545 1000.02 1000.02 0.00114389 -2.74363 3.01931 4.5433
 -2.15255 1.92978 4.55672 1000.02 1000.02 0.00114389 -2.78732 2.99653 4.54927
 -2.15516 1.89942 4.57685 1000.02 1000.02 0.00114389 -2.80025 2.96116 4.59589
 -2.15473 1.86817 4.60308 1000.02 1000.02 0.00114389 -2.80702 2.88929 4.67377
 -2.15672 1.83793 4.62128 1000.02 1000.02 0.00114389 -2.79738 2.85663 4.67625
 -2.16112 1.80857 4.63212 1000.02 1000.02 0.00114389 -2.80879 2.81062 4.65459
 -2.1624 1.77834 4.64992 1000.02 1000.02 0.00114389 -2.8057 2.79642 4.7075
 -2.16765 1.74933 4.6566 1000.02 1000.02 0.00114389 -2.84033 2.71391 4.73203
 -2.16701 1.71877 4.67726 1000.02 1000.02 0.00114389 -2.79624 2.68433 4.78975
 -2.16791 1.68875 4.69264 1000.02 1000.02 0.00114389 -2.77309 2.676 4.80614
 -2.16204 1.65727 4.72341 1000.02 1000.02 0.00114389 -2.75307 2.62075 4.81324
 -2.16351 1.62766 4.73403 1000.02 1000.02 0.00114389 -2.71078 2.57826 4.8425
 -2.16186 1.59746 4.75145 1000.02 1000.02 0.00114389 -2.73319 2.52081 4.82609
 -2.15858 1.5671 4.77155 1000.02 1000.02 0.00114389 -2.71902 2.48559 4.81097
 -2.15075 1.53615 4.80117 1000.02 1000.02 0.00114389 -2.72752 2.42699 4.81342
 -2.14728 1.50615 4.81812 1000.02 1000.02 0.00114389 -2.71705 2.40179 4.87555
 -2.14434 1.47635 4.83256 1000.02 1000.02 0.00114389 -2.74881 2.37562 4.89704
 -2.13352 1.44574 4.8649 1000.02 1000.02 0.00114389 -2.77713 2.33587 4.87058
 -2.12805 1.416 4.88209 1000.02 1000.02 0.00114389 -2.77608 2.34432 4.88332
 -2.12581 1.38665 4.89031 1000.02 1000.02 0.00114389 -2.79092 2.28486 4.92099
 -2.11762 1.35695 4.91222 1000.02 1000.02 0.00114389 -2.80036 2.23541 4.88543
 -2.10467 1.32723 4.94394 1000.02 1000.02 0.00114389 -2.8446 2.22233 4.8529
 -2.10646 1.29826 4.9382 1000.02 1000.02 0.00114389 -2.83946 2.21646 4.86943
 -2.09636 1.26899 4.96128 1000.02 1000.02 0.00114389 -2.83107 2.17642 4.92007
 -2.08666 1.23993 4.98182 1000.02 1000.02 0.00114389 -2.87013 2.15102 4.97293
 -2.07927 1.211 4.9954 1000.02 1000.02 0.00114389 -2.84537 2.12434 5.01943
 -2.07496 1.18202 5.00065 1000.02 1000.02 0.00114389 -2.8559 2.09987 5.03073
 -2.06586 1.15329 5.017 1000.02 1000.02 0.00114389 -2.83903 2.05914 5.04832
 -2.05411 1.12488 5.03863 1000.02 1000.02 0.00114389 -2.82709 2.064 5.05961
 -2.03511 1.09733 5.07621 1000.02 1000.02 0.00114389 -2.7998 2.02558 5.08478
 -2.01938 1.06985 5.1034 1000.02 1000.02 0.00114389 -2.81116 2.01473 5.0966
 -2.00199 1.04288 5.1328 1000.02 1000.02 0.00114389 -2.77017 2.01963 5.11483
 -1.98854 1.01567 5.15072 1000.02 1000.02 0.00114389 -2.79792 2.00281 5.10882
 -1.97764 0.988199 5.16127 1000.02 1000.02 0.00114389 -2.8 1.9918 5.16516
 -1.96924 0.960303 5.16497 1000.02 1000.02 0.00114389 -2.77221 1.94109 5.20747
 -1.95637 0.933271 5.17935 1000.02 1000.02 0.00114389 -2.73687 1.93753 5.184
 -1.94542 0.905909 5.18806 1000.02 1000.02 0.00114389 -2.7129 1.91898 5.17
 -1.92841 0.880032 5.21114 1000.02 1000.02 0.00114389 -2.73399 1.88485 5.21447
 -1.91121 0.854433 5.23324 1000.02 1000.02 0.00114389 -2.68008 1.86939 5.22065
 -1.89653 0.828341 5.24761 1000.02 1000.02 0.00114389 -2.61677 1.85809 5.28174
 -1.87615 0.804053 5.27535 1000.02 1000.02 0.00114389 -2.61089 1.79612 5.31657
 -1.86149 0.778255 5.28696 1000.02 1000.02 0.00114389 -2.6337 1.77003 5.30815
 -1.84608 0.752768 5.29968 1000.02 1000.02 0.00114389 -2.59756 1.75383 5.30221
 -1.82899 0.727961 5.31586 1000.02 1000.02 0.00114389 -2.59462 1.71431 5.32079
 -1.8089 0.704417 5.33874 1000.02 1000.02 0.00114389 -2.55871 1.67271 5.34152
 -1.79273 0.67955 5.35009 1000.02 1000.02 0.00114389 -2.56614 1.63983 5.3936
 -1.77044 0.6573 5.37665 1000.02 1000.02 0.00114389 -2.57251 1.66506 5.39932
 -1.74916 0.634901 5.39896 1000.02 1000.02 0.00114389 -2.53821 1.62467 5.45005
 -1.73252 0.610602 5.40766 1000.02 1000.02 0.00114389 -2.50082 1.61459 5.45371
 -1.71416 0.587152 5.42037 1000.02 1000.02 0.00114389 -2.45372 1.57426 5.48121
 -1.69162 0.565889 5.44354 1000.02 1000.02 0.00114389 -2.41963 1.54908 5.49909
 -1.67408 0.542246 5.45176 1000.02 1000.02 0.00114389 -2.44609 1.50521 5.51926
 -1.65146 0.521397 5.47336 1000.02 1000.02 0.00114389 -2.42885 1.4727 5.5249
 -1.63213 0.498899 5.48461 1000.02 1000.02 0.00114389 -2.42339 1.44554 5.52653
 -1.60748 0.479611 5.50999 1000.02 1000.02 0.00114389 -2.405 1.47144 5.56447
 -1.58114 0.46167 5.53879 1000.02 1000.02 0.00114389 -2.42714 1.44145 5.61506
 -1.55885 0.441488 5.55443 1000.02 1000.02 0.00114389 -2.39495 1.4623 5.61979
 -1.54015 0.419045 5.55875 1000.02 1000.02 0.00114389 -2.33456 1.46525 5.57659
 -1.5201 0.397492 5.56669 1000.02 1000.02 0.00114389 -2.3337 1.46178 5.55211
 -1.50359 0.37339 5.56355 1000.02 1000.02 0.00114389 -2.29231 1.47146 5.54531
 -1.4838 0.351562 5.57026 1000.02 1000.02 0.00114389 -2.30654 1.45681 5.5275
 -1.46493 0.329018 5.5737 1000.02 1000.02 0.00114389 -2.27174 1.44113 5.58681
 -1.44533 0.30698 5.579 1000.02 1000.02 0.00114389 -2.25833 1.36746 5.59973
 -1.42126 0.288534 5.59773 1000.02 1000.02 0.00114389 -2.21777 1.37197 5.63589
 -1.39807 0.269521 5.61265 1000.02 1000.02 0.00114389 -2.24746 1.36762 5.65142
 -1.37394 0.251407 5.6296 1000.02 1000.02 0.00114389 -2.2171 1.38827 5.65287
 -1.35245 0.231121 5.63718 1000.02 1000.02 0.00114389 -2.23299 1.40553 5.72488
 -1.33184 0.210039 5.64139 1000.02 1000.02 0.00114389 -2.22426 1.41646 5.68404
 -1.30407 0.195551 5.6686 1000.02 1000.02 0.00114389 -2.18418 1.41392 5.70033
 -1.28228 0.175657 5.67461 1000.02 1000.02 0.00114389 -2.17111 1.38039 5.66313
 -1.25547 0.160649 5.69693 1000.02 1000.02 0.00114389 -2.14798 1.35581 5.6957
 -1.23347 0.141046 5.70181 1000.02 1000.02 0.00114389 -2.12105 1.33091 5.72663
 -1.20517 0.127911 5.7279 1000.02 1000.02 0.00114389 -2.11162 1.34993 5.77911
 -1.1799 0.111859 5.74213 1000.02 1000.02 0.00114389 -2.06384 1.34583 5.71768
 -1.15238 0.0983837 5.76352 1000.02 1000.02 0.00114389 -2.10331 1.32747 5.7256
 -1.12477 0.0852569 5.78417 1000.02 1000.02 0.00114389 -2.08898 1.30775 5.78737
 -1.09975 0.0693625 5.79433 1000.02 1000.02 0.00114389 -2.05567 1.30167 5.86688
 -1.06826 0.0612736 5.82799 1000.02 1000.02 0.00114389 -2.02508 1.31288 5.94566
 -1.03672 0.0537706 5.86045 1000.02 1000.02 0.00114389 -1.98596 1.25703 5.95001
 -1.00743 0.043931 5.88294 1000.02 1000.02 0.00114389 -1.96805 1.25655 5.97455
 -0.974272 0.0395957 5.91994 1000.02 1000.02 0.00114389 -1.96313 1.29419 6.03187
 -0.941735 0.0351459 5.95328 1000.02 1000.02 0.00114389 -1.88431 1.29139 6.04725
 -0.917001 0.0201723 5.95296 1000.02 1000.02 0.00114389 -1.89615 1.2689 6.06279
 -0.885707 0.0148129 5.98055 1000.02 1000.02 0.00114389 -1.85646 1.29556 6.09919
 -0.852578 0.0128874 6.01553 1000.02 1000.02 0.00114389 -1.82723 1.29506 6.11947
 -0.823978 0.00441275 6.02901 1000.02 1000.02 0.00114389 -1.72137 1.23634 6.12172
 -0.793209 -0.000173285 6.05224 1000.02 1000.02 0.00114389 -1.64574 1.25329 6.08992
 -0.76173 -0.00297267 6.07845 1000.02 1000.02 0.00114389 -1.59061 1.21393 6.10274
 -0.731852 -0.00812513 6.09603 1000.02 1000.02 0.00114389 -1.57787 1.23389 6.10916
 -0.703205 -0.0153395 6.10662 1000.02 1000.02 0.00114389 -1.59759 1.21937 6.09949
 -0.67376 -0.0207934 6.12113 1000.02 1000.02 0.00114389 -1.5586 1.18132 6.05432
 -0.646096 -0.0298603 6.12491 1000.02 1000.02 0.00114389 -1.53121 1.18269 6.12148
 -0.615936 -0.0333665 6.14313 1000.02 1000.02 0.00114389 -1.47109 1.1927 6.1104
 -0.583896 -0.0319492 6.17277 1000.02 1000.02 0.00114389 -1.43837 1.20843 6.14963
 -0.555471 -0.0387871 6.17861 1000.02 1000.02 0.00114389 -1.44149 1.20109 6.19037
 -0.526409 -0.0439899 6.18828 1000.02 1000.02 0.00114389 -1.43273 1.16058 6.22858
 -0.49492 -0.0422405 6.21503 1000.02 1000.02 0.00114389 -1.38824 1.16049 6.26195
 -0.464299 -0.0422121 6.23529 1000.02 1000.02 0.00114389 -1.33585 1.17946 6.258
 -0.434553 -0.0443504 6.24852 1000.02 1000.02 0.00114389 -1.349 1.16534 6.2918
 -0.405188 -0.0474922 6.25823 1000.02 1000.02 0.00114389 -1.29499 1.15964 6.32066
 -0.373899 -0.0435123 6.28506 1000.02 1000.02 0.00114389 -1.26418 1.15709 6.34921
 -0.343446 -0.0416814 6.30448 1000.02 1000.02 0.00114389 -1.20957 1.12965 6.32131
 -0.315016 -0.0476621 6.30307 1000.02 1000.02 0.00114389 -1.17875 1.16897 6.2429
 -0.284432 -0.0443665 6.32473 1000.02 1000.02 0.00114389 -1.14873 1.14392 6.27684
 -0.254729 -0.0444719 6.33641 1000.02 1000.02 0.00114389 -1.12055 1.10568 6.30259
 -0.225047 -0.0443798 6.34773 1000.02 1000.02 0.00114389 -1.0672 1.13914 6.27823
 -0.195445 -0.0444642 6.35779 1000.02 1000.02 0.00114389 -1.06132 1.117 6.28563
 -0.166411 -0.0481199 6.35845 1000.02 1000.02 0.00114389 -1.0178 1.12406 6.31577
 -0.136346 -0.0447491 6.37615 1000.02 1000.02 0.00114389 -0.980463 1.1105 6.34739
 -0.106138 -0.0391264 6.39803 1000.02 1000.02 0.00114389 -0.919318 1.13811 6.36995
 -0.075879 -0.0312725 6.42371 1000.02 1000.02 0.00114389 -0.875048 1.12825 6.3697
 -0.0465417 -0.0312946 6.42851 1000.02 1000.02 0.00114389 -0.834692 1.1211 6.38854
 -0.0168627 -0.027017 6.44335 1000.02 1000.02 0.00114389 -0.826794 1.16402 6.42271
 0.0129322 -0.0190257 6.46607 1000.02 1000.02 0.00114389 -0.798358 1.19561 6.43368
 0.0424227 -0.0137997 6.48052 1000.02 1000.02 0.00114389 -0.735232 1.20956 6.4474
 0.0718065 -0.00933568 6.49211 1000.02 1000.02 0.00114389 -0.729281 1.19439 6.42949
 0.101156 -0.00284836 6.50775 1000.02 1000.02 0.00114389 -0.699279 1.18575 6.41999
 0.130429 0.000209958 6.51405 1000.02 1000.02 0.00114389 -0.649221 1.19829 6.37824
 0.159492 0.0134692 6.5444 1000.02 1000.02 0.00114389 -0.608787 1.19968 6.36948
 0.188728 0.014528 6.54334 1000.02 1000.02 0.00114389 -0.575245 1.2366 6.35568
 0.217958 0.0177129 6.54746 1000.02 1000.02 0.00114389 -0.577164 1.27322 6.34235
 0.247012 0.0241328 6.55905 1000.02 1000.02 0.00114389 -0.533654 1.2829 6.34592
 0.276428 0.0255098 6.55772 1000.02 1000.02 0.00114389 -0.528194 1.30116 6.34883
 0.305662 0.0298427 6.56358 1000.02 1000.02 0.00114389 -0.50367 1.33114 6.37169
 0.334932 0.0339937 6.53859 1000.02 1000.02 0.00114389 -0.467365 1.33284 6.36439
 0.364063 0.040682 6.52145 1000.02 1000.02 0.00114389 -0.442834 1.33247 6.35907
 0.393126 0.0484831 6.50818 1000.02 1000.02 0.00114389 -0.390425 1.33108 6.36252
 0.422723 0.052491 6.48672 1000.02 1000.02 0.00114389 -0.369877 1.32174 6.30382
 0.452468 0.0558967 6.46534 1000.02 1000.02 0.00114389 -0.329174 1.32649 6.28445
 0.482331 0.0587575 6.44416 1000.02 1000.02 0.00114389 -0.250024 1.31425 6.27218
 0.512221 0.0616047 6.42445 1000.02 1000.02 0.00114389 -0.214812 1.32489 6.27081
 0.5433 0.0560848 6.38611 1000.02 1000.02 0.00114389 -0.195147 1.28381 6.24864
 0.574253 0.051156 6.35194 1000.02 1000.02 0.00114389 -0.154803 1.30566 6.24511
 0.60465 0.0497323 6.32862 1000.02 1000.02 0.00114389 -0.135991 1.28459 6.22438
 0.634834 0.0494201 6.30963 1000.02 1000.02 0.00114389 -0.111044 1.29108 6.20108
 0.664998 0.0487717 6.29119 1000.02 1000.02 0.00114389 -0.0878287 1.31053 6.20048
 0.695089 0.0482095 6.27429 1000.02 1000.02 0.00114389 -0.0646809 1.29325 6.19878
 0.725009 0.0486889 6.26106 1000.02 1000.03 0.00114389 -0.0392613 1.29873 6.177
 0.754603 0.0521216 6.25577 1000.02 1000.03 0.00114389 -0.0353448 1.30299 6.16091
 0.785294 0.0434096 6.22208 1000.02 1000.03 0.00114389 0.00368258 1.29861 6.13751
 0.814921 0.0455804 6.21656 1000.02 1000.03 0.00114389 0.0483728 1.30478 6.1263
 0.844775 0.044742 6.2043 1000.02 1000.03 0.00114389 0.129728 1.28417 6.09326
 0.875117 0.0350529 6.17199 1000.02 1000.03 0.00114389 0.178703 1.27505 6.07915
 0.905078 0.0286972 6.14984 1000.03 1000.03 0.00114389 0.197038 1.25438 6.03065
 0.935004 0.0194275 6.12236 1000.03 1000.03 0.00114389 0.177701 1.20257 6.00471
 0.964679 0.0119327 6.10101 1000.03 1000.03 0.00114389 0.171861 1.21893 5.99988
 0.994198 0.00499667 6.08246 1000.03 1000.03 0.00114389 0.234095 1.24936 6.00909
 1.02361 0.00384144 6.07887 1000.03 1000.03 0.00114389 0.229186 1.21676 5.9909
 1.05294 -0.00497122 6.05743 1000.03 1000.03 0.00114389 0.271698 1.21263 5.95765
 1.08223 -0.0102426 6.04584 1000.03 1000.03 0.00114389 0.290359 1.20899 5.92616
 1.1113 -0.0191481 6.02646 1000.03 1000.03 0.00114389 0.302594 1.17887 5.96726
 1.14006 -0.0312913 6.00073 1000.03 1000.03 0.00114389 0.323022 1.19044 5.98084
 1.16876 -0.0411588 5.98215 1000.03 1000.03 0.00114389 0.344387 1.164 6.0154
 1.19749 -0.0491541 5.96929 1000.03 1000.03 0.00114389 0.382614 1.16136 5.99797
 1.22596 -0.0589589 5.953 1000.03 1000.03 0.00114389 0.416271 1.15928 5.99224
 1.25507 -0.0625874 5.95256 1000.03 1000.03 0.00114389 0.457054 1.17018 6.00355
 1.28334 -0.0730685 5.93579 1000.03 1000.03 0.00114389 0.504848 1.19059 6.00689
 1.313 -0.0734301 5.94442 1000.03 1000.03 0.00114389 0.55487 1.20238 6.00488
 1.34155 -0.0818196 5.93322 1000.03 1000.03 0.00114389 0.575809 1.17963 6.0225
 1.3693 -0.0945844 5.91225 1000.03 1000.03 0.00114389 0.610247 1.17696 5.97015
 1.39741 -0.104683 5.89912 1000.03 1000.03 0.00114389 0.618159 1.16258 5.99782
 1.42464 -0.118831 5.87708 1000.03 1000.03 0.00114389 0.632715 1.14963 5.97155
 1.45371 -0.123671 5.87911 1000.03 1000.03 0.00114389 0.632618 1.14304 5.95136
 1.48181 -0.133183 5.86966 1000.03 1000.03 0.00114389 0.641276 1.14165 5.90884
 1.50809 -0.150176 5.84261 1000.03 1000.03 0.00114389 0.705536 1.13008 5.85292
 1.53716 -0.155407 5.84614 1000.03 1000.03 0.00114389 0.752642 1.07542 5.82745
 1.56426 -0.168428 5.83034 1000.03 1000.03 0.00114389 0.770105 1.04624 5.79438
 1.59104 -0.182232 5.81367 1000.03 1000.03 0.00114389 0.779085 1.06459 5.79088
 1.61844 -0.193634 5.80405 1000.03 1000.03 0.00114389 0.809467 1.03052 5.72515
 1.64571 -0.205367 5.79426 1000.03 1000.03 0.00114389 0.827475 1.03222 5.64339
 1.67008 -0.225982 5.76298 1000.03 1000.03 0.00114389 0.837681 1.06883 5.6219
 1.69412 -0.246772 5.73325 1000.03 1000.03 0.00114389 0.865768 1.06503 5.61333
 1.7196 -0.262713 5.71759 1000.03 1000.03 0.00114389 0.936111 1.08835 5.62023
 1.74405 -0.281166 5.69657 1000.03 1000.03 0.00114389 0.983559 1.05651 5.58347
 1.7678 -0.30094 5.6735 1000.03 1000.03 0.00114389 1.03601 1.03243 5.59289
 1.79366 -0.315007 5.66648 1000.03 1000.03 0.00114389 1.06151 1.02144 5.55725
 1.81882 -0.330751 5.65563 1000.03 1000.03 0.00114389 1.07053 0.978782 5.56308
 1.84112 -0.352829 5.62902 1000.03 1000.03 0.00114389 1.04796 0.954885 5.4896
 1.86382 -0.373473 5.60776 1000.03 1000.03 0.00114389 1.1047 0.920737 5.4886
 1.88631 -0.394163 5.58765 1000.03 1000.03 0.00114389 1.11601 0.901836 5.4704
 1.90879 -0.414488 5.56972 1000.03 1000.03 0.00114389 1.15456 0.903817 5.46857
 1.92615 -0.444298 5.52735 1000.03 1000.03 0.00114389 1.11944 0.912352 5.4041
 1.94552 -0.469377 5.50012 1000.03 1000.03 0.00114389 1.15165 0.900097 5.34113
 1.96256 -0.497942 5.46477 1000.03 1000.03 0.00114389 1.14869 0.879951 5.37359
 1.98086 -0.523528 5.43951 1000.03 1000.03 0.00114389 1.17289 0.859056 5.29924
 2.00004 -0.547162 5.42107 1000.03 1000.03 0.00114389 1.18821 0.853085 5.28711
 2.01716 -0.57362 5.39553 1000.03 1000.03 0.00114389 1.20693 0.812365 5.26821
 2.03136 -0.603817 5.36041 1000.03 1000.03 0.00114389 1.22847 0.770279 5.24848
 2.04877 -0.628724 5.34249 1000.03 1000.03 0.00114389 1.24618 0.779312 5.20833
 2.06539 -0.654365 5.32328 1000.03 1000.03 0.00114389 1.27083 0.750495 5.16586
 2.07976 -0.68258 5.29716 1000.03 1000.03 0.00114389 1.28418 0.730326 5.17089
 2.09525 -0.708906 5.27808 1000.03 1000.03 0.00114389 1.31677 0.719893 5.16511
 2.10733 -0.738924 5.24821 1000.03 1000.03 0.00114389 1.31606 0.723773 5.16468
 2.11686 -0.771225 5.21217 1000.03 1000.03 0.00114389 1.34373 0.653624 5.13368
 2.13352 -0.795098 5.20529 1000.03 1000.03 0.00114389 1.3422 0.615704 5.08381
 2.15039 -0.818782 5.19957 1000.03 1000.03 0.00114389 1.3586 0.597371 5.06689
 2.15865 -0.850992 5.16489 1000.03 1000.03 0.00114389 1.37518 0.533167 5.04081
 2.17027 -0.879383 5.14491 1000.03 1000.03 0.00114389 1.3762 0.488275 5.01148
 2.17448 -0.914175 5.10257 1000.03 1000.03 0.00114389 1.37788 0.462558 5.00513
 2.18362 -0.943876 5.08029 1000.03 1000.03 0.00114389 1.39846 0.438714 5.02249
 2.19494 -0.971432 5.06696 1000.03 1000.03 0.00114389 1.44045 0.44528 5.00538
 2.20372 -1.00085 5.0469 1000.03 1000.03 0.00114389 1.46281 0.3881 4.94296
 2.21294 -1.02966 5.02999 1000.03 1000.03 0.00114389 1.465 0.393362 4.93904
 2.21699 -1.06197 4.99905 1000.03 1000.03 0.00114389 1.47404 0.361514 4.94373
 2.22197 -1.09314 4.97372 1000.03 1000.03 0.00114389 1.46551 0.335548 4.98535
 2.22906 -1.12255 4.95679 1000.03 1000.03 0.00114389 1.4577 0.313081 4.99606
 2.24056 -1.14904 4.95395 1000.03 1000.03 0.00114389 1.45902 0.290772 4.98223
 2.25302 -1.17505 4.95393 1000.03 1000.03 0.00114389 1.50078 0.2755 4.938
 2.26193 -1.2032 4.94377 1000.03 1000.03 0.00114389 1.5212 0.236204 4.89209
 2.27291 -1.23018 4.94015 1000.03 1000.03 0.00114389 1.53914 0.191884 4.8812
 2.27934 -1.25959 4.92419 1000.03 1000.03 0.00114389 1.54914 0.162198 4.89818
 2.28265 -1.2904 4.90106 1000.03 1000.03 0.00114389 1.57299 0.157863 4.87396
 2.28266 -1.32252 4.87094 1000.03 1000.03 0.00114389 1.55947 0.144616 4.85943
 2.28877 -1.35152 4.85961 1000.03 1000.03 0.00114389 1.57022 0.0968963 4.86144
 2.29719 -1.37948 4.85524 1000.03 1000.03 0.00114389 1.56804 0.0323797 4.82391
 2.30253 -1.40874 4.84304 1000.03 1000.03 0.00114389 1.578 -3.74963e-05 4.81425
 2.3045 -1.43924 4.82299 1000.03 1000.03 0.00114389 1.57358 -0.0567413 4.7775
 2.30248 -1.47101 4.79421 1000.03 1000.03 0.00114389 1.55747 -0.117754 4.76501
 2.30865 -1.49962 4.78876 1000.03 1000.03 0.00114389 1.60454 -0.147532 4.73365
 2.30894 -1.53019 4.76866 1000.03 1000.03 0.00114389 1.60307 -0.157376 4.70363
 2.30944 -1.5605 4.75066 1000.03 1000.03 0.00114389 1.634 -0.1784 4.66509
 2.30758 -1.59135 4.72809 1000.03 1000.03 0.00114389 1.6563 -0.19998 4.60696
 2.30267 -1.62279 4.69959 1000.03 1000.03 0.00114389 1.6588 -0.234253 4.57017
 2.29645 -1.65425 4.67003 1000.03 1000.03 0.00114389 1.66239 -0.312834 4.56783
 2.29205 -1.68494 4.64726 1000.03 1000.03 0.00114389 1.70669 -0.316014 4.57629
 2.29158 -1.71457 4.63591 1000.03 1000.03 0.00114389 1.73307 -0.35787 4.57347
 2.28859 -1.74461 4.61919 1000.03 1000.03 0.00114389 1.71658 -0.38212 4.55991
 2.2854 -1.77455 4.60323 1000.03 1000.03 0.00114389 1.71953 -0.372609 4.53347
 2.2762 -1.80526 4.57369 1000.03 1000.03 0.00114389 1.71569 -0.371913 4.59878
 2.27262 -1.8349 4.56009 1000.03 1000.03 0.00114389 1.71708 -0.389054 4.60488
 2.27073 -1.86425 4.55158 1000.03 1000.03 0.00114389 1.74062 -0.407761 4.60144
 2.27161 -1.89334 4.55039 1000.03 1000.03 0.00114389 1.7241 -0.407804 4.62017
 2.27073 -1.92264 4.54498 1000.03 1000.03 0.00114389 1.72812 -0.448524 4.63174
 2.26728 -1.95213 4.53374 1000.03 1000.03 0.00114389 1.7539 -0.494049 4.5616
 2.2608 -1.9817 4.51596 1000.03 1000.03 0.00114389 1.73458 -0.531447 4.55332
 2.2519 -2.01121 4.49361 1000.03 1000.03 0.00114389 1.73087 -0.553668 4.50062
 2.24389 -2.04051 4.47499 1000.03 1000.03 0.00114389 1.68131 -0.568451 4.48276
 2.23607 -2.06967 4.45814 1000.03 1000.03 0.00114389 1.66119 -0.536934 4.49832
 2.22607 -2.09865 4.43723 1000.03 1000.03 0.00114389 1.63962 -0.574324 4.50146
 2.22186 -2.12767 4.43173 1000.03 1000.03 0.00114389 1.62862 -0.60369 4.50965
 2.21484 -2.15657 4.41984 1000.03 1000.03 0.00114389 1.63959 -0.592342 4.50806
 2.20668 -2.18533 4.40604 1000.03 1000.03 0.00114389 1.62105 -0.605389 4.48318
 2.20814 -2.21485 4.41644 1000.03 1000.03 0.00114389 1.65852 -0.650416 4.50107
 2.19977 -2.24358 4.40235 1000.03 1000.03 0.00114389 1.63354 -0.678683 4.48694
 2.19006 -2.27209 4.38601 1000.03 1000.03 0.00114389 1.586 -0.708808 4.45463
 2.18191 -2.3007 4.37458 1000.03 1000.03 0.00114389 1.57148 -0.758822 4.4022
 2.17244 -2.32907 4.36072 1000.03 1000.03 0.00114389 1.59294 -0.784823 4.38816
 2.15365 -2.35589 4.32517 1000.03 1000.03 0.00114389 1.60385 -0.821941 4.36032
 2.13718 -2.38278 4.29763 1000.03 1000.03 0.00114389 1.59844 -0.799163 4.34984
 2.12442 -2.41011 4.281 1000.03 1000.03 0.00114389 1.56439 -0.831387 4.32875
 2.114 -2.4378 4.27122 1000.03 1000.03 0.00114389 1.52273 -0.811246 4.30701
 2.10176 -2.46505 4.2576 1000.03 1000.03 0.00114389 1.49212 -0.828549 4.30147
 2.08541 -2.49124 4.23478 1000.03 1000.03 0.00114389 1.47972 -0.899726 4.29795
 2.07455 -2.51864 4.22704 1000.03 1000.03 0.00114389 1.47784 -0.93786 4.2935
 2.06186 -2.54553 4.21529 1000.03 1000.03 0.00114389 1.40329 -0.973545 4.27125
 2.04866 -2.57223 4.20306 1000.03 1000.03 0.00114389 1.41146 -0.967571 4.3074
 2.03889 -2.59991 4.20024 1000.03 1000.03 0.00114389 1.43825 -0.987234 4.29742
 2.02934 -2.62772 4.19818 1000.03 1000.03 0.00114389 1.40158 -1.05343 4.28791
 2.01765 -2.65488 4.19095 1000.03 1000.03 0.00114389 1.37771 -1.07375 4.29835
 2.00342 -2.68114 4.17775 1000.03 1000.03 0.00114389 1.38001 -1.09533 4.27485
 1.99321 -2.70882 4.17568 1000.03 1000.03 0.00114389 1.36598 -1.07848 4.28239
 1.97647 -2.73407 4.15711 1000.03 1000.03 0.00114389 1.29893 -1.12619 4.25049
 1.95901 -2.75891 4.13788 1000.03 1000.03 0.00114389 1.26175 -1.1394 4.21563
 1.94899 -2.78668 4.13909 1000.03 1000.03 0.00114389 1.23629 -1.18732 4.21075
 1.93529 -2.81298 4.13078 1000.03 1000.03 0.00114389 1.26817 -1.18046 4.18633
 1.92232 -2.83958 4.12491 1000.03 1000.03 0.00114389 1.24603 -1.19516 4.14937
 1.90448 -2.86401 4.10675 1000.03 1000.03 0.00114389 1.222 -1.20532 4.1158
 1.88718 -2.88857 4.09117 1000.03 1000.03 0.00114389 1.16982 -1.23672 4.10194
 1.87262 -2.91436 4.08385 1000.03 1000.03 0.00114389 1.11223 -1.25801 4.10186
 1.85764 -2.93995 4.07591 1000.03 1000.03 0.00114389 1.11876 -1.25092 4.09618
 1.84445 -2.96646 4.07332 1000.03 1000.03 0.00114389 1.11151 -1.27548 4.11032
 1.8305 -2.99261 4.0689 1000.03 1000.03 0.00114389 1.08014 -1.29186 4.06673
 1.81199 -3.01634 4.05255 1000.03 1000.03 0.00114389 1.1012 -1.3037 4.07094
 1.79667 -3.04173 4.04587 1000.03 1000.03 0.00114389 1.06467 -1.3354 4.08318
 1.77721 -3.0648 4.02839 1000.03 1000.03 0.00114389 1.08387 -1.36619 4.10203
 1.76285 -3.09073 4.02603 1000.03 1000.03 0.00114389 1.08606 -1.40072 4.07041
 1.74512 -3.1147 4.01455 1000.03 1000.03 0.00114389 1.08593 -1.39851 4.13278
 1.72917 -3.13972 4.0088 1000.03 1000.03 0.00114389 1.08577 -1.40051 4.07362
 1.709 -3.16212 3.99168 1000.03 1000.03 0.00114389 1.08882 -1.42101 4.04017
 1.69114 -3.1859 3.98215 1000.03 1000.03 0.00114389 1.06686 -1.43551 4.04427
 1.67161 -3.20856 3.96849 1000.03 1000.03 0.00114389 1.0656 -1.44893 4.06173
 1.65223 -3.23127 3.95615 1000.03 1000.03 0.00114389 1.04433 -1.48201 4.0463
 1.63151 -3.253 3.94078 1000.03 1000.03 0.00114389 1.06633 -1.49252 4.01885
 1.61225 -3.27567 3.93059 1000.03 1000.03 0.00114389 1.08095 -1.50375 3.98256
 1.58731 -3.29422 3.90448 1000.03 1000.03 0.00114389 1.05795 -1.51857 3.96735
 1.56568 -3.31499 3.88964 1000.03 1000.03 0.00114389 1.04354 -1.56037 3.92017
 1.54134 -3.33362 3.86768 1000.03 1000.03 0.00114389 1.02257 -1.61452 3.92553
 1.52228 -3.35616 3.86279 1000.03 1000.03 0.00114389 0.98365 -1.60696 3.96597
 1.49956 -3.37582 3.84721 1000.03 1000.03 0.00114389 0.924165 -1.606 3.93294
 1.486 -3.40288 3.86062 1000.03 1000.03 0.00114389 0.929521 -1.61446 3.93078
 1.47225 -3.43003 3.8729 1000.03 1000.03 0.00114389 0.923581 -1.63355 3.92928
 1.45237 -3.45216 3.86553 1000.03 1000.03 0.00114389 0.962596 -1.64773 3.86711
 1.42747 -3.46992 3.84292 1000.03 1000.03 0.00114389 0.924774 -1.68543 3.85143
 1.40687 -3.49134 3.83525 1000.03 1000.03 0.00114389 0.890628 -1.72876 3.84214
 1.38534 -3.51191 3.82517 1000.03 1000.03 0.00114389 0.890796 -1.76376 3.79342
 1.35859 -3.52764 3.79894 1000.03 1000.03 0.00114389 0.879354 -1.77484 3.81853
 1.33381 -3.54499 3.78057 1000.03 1000.03 0.00114389 0.907873 -1.76362 3.77864
 1.31022 -3.56335 3.76718 1000.03 1000.03 0.00114389 0.891928 -1.78436 3.78647
 1.28632 -3.58134 3.75359 1000.03 1000.03 0.00114389 0.911794 -1.80684 3.79999
 1.26419 -3.60103 3.74674 1000.03 1000.03 0.00114389 0.896266 -1.80355 3.78909
 1.24049 -3.61911 3.73507 1000.03 1000.03 0.00114389 0.903224 -1.83328 3.76801
 1.21208 -3.63213 3.70787 1000.03 1000.03 0.00114389 0.854365 -1.83215 3.72485
 1.1823 -3.64337 3.67727 1000.03 1000.03 0.00114389 0.869793 -1.80547 3.66943
 1.15497 -3.65696 3.65681 1000.03 1000.03 0.00114389 0.84294 -1.83604 3.6892
 1.13255 -3.67598 3.65511 1000.03 1000.03 0.00114389 0.819497 -1.85593 3.69937
 1.11022 -3.69522 3.65406 1000.03 1000.03 0.00114389 0.783892 -1.85581 3.67262
 1.08031 -3.70536 3.62502 1000.03 1000.03 0.00114389 0.772493 -1.87367 3.64588
 1.05311 -3.71852 3.60764 1000.03 1000.03 0.00114389 0.694799 -1.88741 3.62787
 1.02397 -3.72899 3.58361 1000.03 1000.03 0.00114389 0.716219 -1.8945 3.58918
 0.999716 -3.74561 3.57986 1000.03 1000.03 0.00114389 0.689315 -1.88684 3.57693
 0.973662 -3.75985 3.56931 1000.03 1000.03 0.00114389 0.672059 -1.88042 3.54225
 0.944226 -3.7693 3.54558 1000.03 1000.03 0.00114389 0.637828 -1.87263 3.52063
 0.917952 -3.78298 3.53604 1000.03 1000.03 0.00114389 0.627495 -1.87644 3.50115
 0.887235 -3.79002 3.5082 1000.04 1000.03 0.00114389 0.580149 -1.90022 3.47342
 0.858557 -3.79974 3.49027 1000.04 1000.04 0.00114389 0.556136 -1.93572 3.40795
 0.830463 -3.81015 3.47572 1000.04 1000.04 0.00114389 0.489558 -1.971 3.34039
 0.802453 -3.82054 3.46223 1000.04 1000.04 0.00114389 0.478193 -1.95872 3.33077
 0.769166 -3.82181 3.42467 1000.04 1000.04 0.00114389 0.454752 -1.99817 3.26474
 0.740506 -3.83045 3.41037 1000.04 1000.04 0.00114389 0.444321 -2.00501 3.2623
 0.710209 -3.83589 3.38855 1000.04 1000.04 0.00114389 0.414541 -2.02056 3.27873
 0.678072 -3.83741 3.35792 1000.04 1000.04 0.00114389 0.364934 -2.01589 3.24524
 0.646042 -3.83841 3.32842 1000.04 1000.04 0.00114389 0.333553 -2.04795 3.2346
 0.615192 -3.84112 3.30584 1000.04 1000.04 0.00114389 0.325183 -2.07591 3.19392
 0.583745 -3.84197 3.2802 1000.04 1000.04 0.00114389 0.316949 -2.07654 3.23308
 0.553832 -3.84565 3.26399 1000.04 1000.04 0.00114389 0.258322 -2.02837 3.21342
 0.524394 -3.85013 3.25112 1000.04 1000.04 0.00114389 0.190631 -2.01434 3.16504
 0.494898 -3.85424 3.23825 1000.04 1000.04 0.00114389 0.167436 -1.99919 3.09458
 0.464242 -3.85498 3.21774 1000.04 1000.04 0.00114389 0.166668 -2.02607 3.1221
 0.431633 -3.84951 3.18308 1000.04 1000.04 0.00114389 0.117912 -2.00162 3.06668
 0.398628 -3.84146 3.14463 1000.04 1000.04 0.00114389 0.0897269 -1.98329 2.99295
 0.367619 -3.83823 3.12129 1000.04 1000.04 0.00114389 0.0345823 -2.00228 3.00266
 0.336553 -3.8338 3.09675 1000.04 1000.04 0.00114389 0.0146092 -1.98469 2.98667
 0.306905 -3.83371 3.08485 1000.04 1000.04 0.00114389 -0.0472504 -1.9756 2.99241
 0.275496 -3.82584 3.05459 1000.04 1000.04 0.00114389 -0.10297 -1.95819 2.97241
 0.245468 -3.82257 3.03795 1000.04 1000.04 0.00114389 -0.161298 -1.99636 3.01042
 0.216304 -3.82297 3.03158 1000.04 1000.04 0.00114389 -0.216616 -1.99841 2.9784
 0.185777 -3.81555 3.00647 1000.04 1000.04 0.00114389 -0.223697 -2.02218 2.96975
 0.155807 -3.8099 2.98753 1000.04 1000.04 0.00114389 -0.250833 -2.01803 2.93957
 0.126067 -3.80456 2.97073 1000.04 1000.04 0.00114389 -0.272746 -2.04771 2.95474
 0.0959361 -3.79428 2.94314 1000.04 1000.04 0.00114389 -0.265961 -2.03871 2.94608
 0.0664274 -3.78727 2.92548 1000.04 1000.04 0.00114389 -0.304593 -2.00795 2.90927
 0.0370337 -3.7795 2.90723 1000.04 1000.04 0.00114389 -0.302857 -1.99166 2.89646
 0.00792454 -3.774 2.89579 1000.04 1000.04 0.00114389 -0.338716 -1.97104 2.84083
 -0.0210541 -3.77091 2.891 1000.04 1000.04 0.00114389 -0.343348 -1.95807 2.83566
 -0.0501469 -3.7604 2.86855 1000.04 1000.04 0.00114389 -0.399638 -1.93514 2.77687
 -0.0790083 -3.74936 2.84642 1000.04 1000.04 0.00114389 -0.455208 -1.93089 2.72809
 -0.107784 -3.7432 2.83763 1000.04 1000.04 0.00114389 -0.490281 -1.89061 2.71246
 -0.136222 -3.73025 2.81299 1000.04 1000.04 0.00114389 -0.506978 -1.86081 2.69514
 -0.164816 -3.7236 2.80535 1000.04 1000.04 0.00114389 -0.544326 -1.8311 2.70103
 -0.193077 -3.713 2.78864 1000.04 1000.04 0.00114389 -0.60945 -1.80109 2.6946
 -0.221058 -3.70096 2.76959 1000.04 1000.04 0.00114389 -0.595085 -1.77627 2.67573
 -0.248811 -3.68844 2.75066 1000.04 1000.04 0.00114389 -0.595095 -1.7565 2.67365
 -0.276334 -3.67548 2.73191 1000.04 1000.04 0.00114389 -0.617697 -1.70707 2.66391
 -0.303358 -3.66039 2.70924 1000.04 1000.04 0.00114389 -0.654155 -1.67419 2.61977
 -0.329538 -3.64183 2.6795 1000.04 1000.04 0.00114389 -0.674638 -1.64279 2.59106
 -0.355059 -3.62167 2.64779 1000.04 1000.04 0.00114389 -0.700444 -1.62322 2.51431
 -0.380093 -3.6011 2.61705 1000.04 1000.04 0.00114389 -0.711561 -1.60738 2.50538
 -0.406193 -3.58663 2.60344 1000.04 1000.04 0.00114389 -0.743755 -1.55236 2.49777
 -0.43079 -3.56679 2.57727 1000.04 1000.04 0.00114389 -0.784243 -1.52881 2.46218
 -0.455629 -3.54895 2.55775 1000.04 1000.04 0.00114389 -0.868345 -1.55327 2.46422
 -0.481169 -3.53408 2.54697 1000.04 1000.04 0.00114389 -0.907932 -1.55802 2.437
 -0.504111 -3.51144 2.5171 1000.04 1000.04 0.00114389 -0.914148 -1.53995 2.4447
 -0.525095 -3.48433 2.47749 1000.04 1000.04 0.00114389 -0.948666 -1.50363 2.42554
 -0.546027 -3.45866 2.44389 1000.04 1000.04 0.00114389 -0.988422 -1.48954 2.37662
 -0.566495 -3.43311 2.41243 1000.04 1000.04 0.00114389 -1.05757 -1.462 2.35071
 -0.590437 -3.41678 2.40713 1000.04 1000.04 0.00114389 -1.08309 -1.43831 2.39391
 -0.610941 -3.3928 2.38178 1000.04 1000.04 0.00114389 -1.09038 -1.46968 2.36528
 -0.633102 -3.373 2.36909 1000.04 1000.04 0.00114389 -1.08417 -1.42273 2.36642
 -0.65406 -3.35102 2.35126 1000.04 1000.04 0.00114389 -1.12254 -1.43639 2.33816
 -0.673566 -3.32672 2.328 1000.04 1000.04 0.00114389 -1.12789 -1.4008 2.30377
 -0.694178 -3.30493 2.31303 1000.04 1000.04 0.00114389 -1.17085 -1.40186 2.26213
 -0.712476 -3.27947 2.28856 1000.04 1000.04 0.00114389 -1.2043 -1.42751 2.26964
 -0.729234 -3.2521 2.25983 1000.04 1000.04 0.00114389 -1.22811 -1.39824 2.24507
 -0.749305 -3.23047 2.24928 1000.04 1000.04 0.00114389 -1.23345 -1.35637 2.26118
 -0.769288 -3.2088 2.23928 1000.04 1000.04 0.00114389 -1.27595 -1.2967 2.26428
 -0.792957 -3.19237 2.24559 1000.04 1000.04 0.00114389 -1.29568 -1.28783 2.28003
 -0.813088 -3.17082 2.23627 1000.04 1000.04 0.00114389 -1.29598 -1.28016 2.26993
 -0.832091 -3.14784 2.22318 1000.04 1000.04 0.00114389 -1.29195 -1.2723 2.27072
 -0.848847 -3.12218 2.2025 1000.04 1000.04 0.00114389 -1.28899 -1.24586 2.18074
 -0.866542 -3.09794 2.18742 1000.04 1000.04 0.00114389 -1.27853 -1.23277 2.14411
 -0.883703 -3.07325 2.17173 1000.04 1000.04 0.00114389 -1.29106 -1.21173 2.15933
 -0.89987 -3.04761 2.15382 1000.04 1000.04 0.00114389 -1.27293 -1.19161 2.18663
 -0.913772 -3.01973 2.12946 1000.04 1000.04 0.00114389 -1.30405 -1.16857 2.17088
 -0.928644 -2.99322 2.11084 1000.04 1000.04 0.00114389 -1.30556 -1.13421 2.12031
 -0.940317 -2.9637 2.0829 1000.04 1000.04 0.00114389 -1.39027 -1.13208 2.05879
 -0.953854 -2.93642 2.06397 1000.04 1000.04 0.00114389 -1.43205 -1.10598 2.03012
 -0.965917 -2.90799 2.04186 1000.04 1000.04 0.00114389 -1.41288 -1.07562 2.02225
 -0.974229 -2.87647 2.00955 1000.04 1000.04 0.00114389 -1.3793 -1.05283 1.99951
 -0.986899 -2.84925 1.99431 1000.04 1000.04 0.00114389 -1.35393 -1.05516 2.00523
 -0.99538 -2.81869 1.96717 1000.04 1000.04 0.00114389 -1.32492 -0.999157 1.93424
 -1.0081 -2.79193 1.9557 1000.04 1000.04 0.00114389 -1.36319 -0.977857 1.91718
 -1.02071 -2.76516 1.94481 1000.04 1000.04 0.00114389 -1.37917 -0.951416 1.86576
 -1.02625 -2.73323 1.91348 1000.04 1000.04 0.00114389 -1.40912 -0.927361 1.85371
 -1.03643 -2.70504 1.89876 1000.04 1000.04 0.00114389 -1.40779 -0.907295 1.88823
 -1.04993 -2.67925 1.89501 1000.04 1000.04 0.00114389 -1.45525 -0.855212 1.86537
 -1.05374 -2.64706 1.86338 1000.04 1000.04 0.00114389 -1.4536 -0.86544 1.84725
 -1.06629 -2.62078 1.85953 1000.04 1000.04 0.00114389 -1.48545 -0.828179 1.83445
 -1.07671 -2.59315 1.84984 1000.04 1000.04 0.00114389 -1.465 -0.804066 1.79809
 -1.07688 -2.55963 1.8122 1000.04 1000.04 0.00114389 -1.49274 -0.779979 1.79654
 -1.08697 -2.53212 1.80528 1000.04 1000.04 0.00114389 -1.46493 -0.776556 1.79079
 -1.09423 -2.50309 1.79108 1000.04 1000.04 0.00114389 -1.45908 -0.706231 1.76274
 -1.10414 -2.47551 1.78517 1000.04 1000.04 0.00114389 -1.43348 -0.647257 1.75044
 -1.10771 -2.44483 1.76259 1000.04 1000.04 0.00114389 -1.43432 -0.621936 1.72586
 -1.11526 -2.41623 1.75248 1000.04 1000.04 0.00114389 -1.44088 -0.596612 1.65761
 -1.1166 -2.38492 1.72669 1000.04 1000.04 0.00114389 -1.4593 -0.572054 1.67876
 -1.11915 -2.35439 1.70615 1000.04 1000.04 0.00114389 -1.47702 -0.54792 1.65823
 -1.12017 -2.32345 1.68327 1000.04 1000.04 0.00114389 -1.45476 -0.531094 1.62965
 -1.12565 -2.29444 1.67374 1000.04 1000.04 0.00114389 -1.45999 -0.546876 1.59052
 -1.12659 -2.26383 1.65324 1000.04 1000.04 0.00114389 -1.45432 -0.522215 1.56865
 -1.12825 -2.23365 1.63616 1000.04 1000.04 0.00114389 -1.46946 -0.497836 1.60305
 -1.13117 -2.20403 1.6236 1000.04 1000.04 0.00114389 -1.44138 -0.508297 1.62304
 -1.1333 -2.17423 1.60998 1000.04 1000.04 0.00114389 -1.46868 -0.482413 1.59249
 -1.13739 -2.14508 1.6023 1000.04 1000.04 0.00114389 -1.49173 -0.463433 1.59064
 -1.14325 -2.11641 1.59958 1000.04 1000.04 0.00114389 -1.5102 -0.437415 1.59076
 -1.15206 -2.08841 1.60433 1000.04 1000.04 0.00114389 -1.5238 -0.38856 1.57835
 -1.153 -2.05841 1.58915 1000.04 1000.04 0.00114389 -1.56868 -0.348846 1.5467
 -1.16328 -2.03056 1.59815 1000.04 1000.04 0.00114389 -1.57191 -0.31682 1.58189
 -1.16346 -2.00044 1.58158 1000.04 1000.04 0.00114389 -1.59534 -0.266923 1.54814
 -1.16346 -1.97037 1.56577 1000.04 1000.04 0.00114389 -1.58158 -0.267425 1.47988
 -1.16535 -1.94074 1.55576 1000.04 1000.04 0.00114389 -1.58428 -0.268951 1.43638
 -1.16394 -1.91058 1.53841 1000.04 1000.04 0.00114389 -1.56095 -0.305501 1.42621
 -1.15766 -1.87979 1.51054 1000.04 1000.04 0.00114389 -1.55234 -0.293008 1.41263
 -1.15487 -1.84971 1.49318 1000.04 1000.04 0.00114389 -1.56044 -0.230715 1.39586
 -1.15239 -1.81978 1.4778 1000.04 1000.04 0.00114389 -1.57912 -0.215167 1.37933
 -1.14936 -1.78988 1.4622 1000.04 1000.04 0.00114389 -1.558 -0.194333 1.38207
 -1.14039 -1.75952 1.43345 1000.04 1000.04 0.00114389 -1.51336 -0.153754 1.37251
 -1.13177 -1.72944 1.40763 1000.04 1000.04 0.00114389 -1.51483 -0.130826 1.34105
 -1.12282 -1.69958 1.38285 1000.04 1000.04 0.00114389 -1.51805 -0.0593735 1.28466
 -1.10816 -1.66969 1.34615 1000.04 1000.04 0.00114389 -1.48674 -0.0328712 1.26773
 -1.09872 -1.64037 1.32452 1000.04 1000.04 0.00114389 -1.49965 0.000168539 1.25026
 -1.08786 -1.61124 1.30103 1000.04 1000.04 0.00114389 -1.48941 0.0440082 1.26418
 -1.07617 -1.58236 1.27718 1000.04 1000.04 0.00114389 -1.50481 0.0693137 1.2704
 -1.06719 -1.55365 1.26147 1000.04 1000.04 0.00114389 -1.50491 0.0724321 1.19364
 -1.05638 -1.52515 1.24242 1000.04 1000.04 0.00114389 -1.54108 0.0844893 1.16421
 -1.04456 -1.49689 1.22226 1000.04 1000.04 0.00114389 -1.53312 0.106428 1.1435
 -1.02489 -1.46949 1.18452 1000.04 1000.04 0.00114389 -1.53227 0.131763 1.06185
 -1.00952 -1.44212 1.1597 1000.04 1000.04 0.00114389 -1.52609 0.155743 1.07695
 -0.99355 -1.41512 1.13503 1000.04 1000.04 0.00114389 -1.54128 0.186319 1.09736
 -0.986686 -1.38708 1.13415 1000.04 1000.04 0.00114389 -1.55118 0.214673 1.07366
 -0.976194 -1.35953 1.12452 1000.04 1000.04 0.00114389 -1.57232 0.188493 1.09045
 -0.961747 -1.33274 1.10584 1000.04 1000.04 0.00114389 -1.55061 0.271028 1.09825
 -0.949683 -1.30564 1.09426 1000.04 1000.04 0.00114389 -1.48099 0.305079 1.08027
 -0.940259 -1.27801 1.08998 1000.04 1000.04 0.00114389 -1.42381 0.347989 1.09901
 -0.931192 -1.25025 1.08692 1000.04 1000.04 0.00114389 -1.36667 0.354936 1.06347
 -0.917817 -1.22354 1.07336 1000.04 1000.04 0.00114389 -1.37234 0.384974 1.03948
 -0.904354 -1.19694 1.0605 1000.04 1000.04 0.00114389 -1.35231 0.4453 1.03299
 -0.89446 -1.16936 1.05745 1000.04 1000.04 0.00114389 -1.38126 0.444521 0.997122
 -0.882748 -1.14229 1.05007 1000.04 1000.04 0.00114389 -1.34106 0.48571 0.98124
 -0.86822 -1.11613 1.03607 1000.04 1000.04 0.00114389 -1.32423 0.475409 0.950833
 -0.853474 -1.09013 1.02245 1000.04 1000.04 0.00114389 -1.33411 0.528353 0.946399
 -0.834716 -1.06566 0.999482 1000.04 1000.04 0.00114389 -1.34272 0.536458 0.938872
 -0.816172 -1.0413 0.97852 1000.04 1000.04 0.00114389 -1.31572 0.532309 0.920465
 -0.796347 -1.01762 0.955573 1000.04 1000.04 0.00114389 -1.27693 0.536903 0.905109
 -0.774867 -0.994844 0.92975 1000.04 1000.04 0.00114389 -1.28455 0.578118 0.919623
 -0.751819 -0.973011 0.901386 1000.04 1000.04 0.00114389 -1.28403 0.588253 0.985101
 -0.731544 -0.950239 0.88201 1000.04 1000.04 0.00114389 -1.26105 0.620037 0.948498
 -0.71138 -0.927599 0.864097 1000.04 1000.04 0.00114389 -1.25488 0.665521 0.921998
 -0.694981 -0.903253 0.857359 1000.04 1000.04 0.00114389 -1.24352 0.710858 0.938717
 -0.680218 -0.878047 0.855537 1000.04 1000.04 0.00114389 -1.20287 0.710608 0.936383
 -0.661154 -0.855071 0.842203 1000.04 1000.04 0.00114389 -1.14814 0.757745 0.916767
 -0.641345 -0.832596 0.827656 1000.04 1000.04 0.00114389 -1.17017 0.797961 0.947743
 -0.624418 -0.808553 0.822008 1000.04 1000.04 0.00114389 -1.17747 0.839059 0.924852
 -0.607382 -0.784547 0.816485 1000.04 1000.04 0.00114389 -1.17489 0.838825 0.870643
 -0.590402 -0.76048 0.811535 1000.04 1000.04 0.00114389 -1.13562 0.899574 0.855635
 -0.566258 -0.740948 0.786605 1000.04 1000.04 0.00114389 -1.11641 0.937785 0.865042
 -0.542487 -0.72141 0.764194 1000.04 1000.04 0.00114389 -1.0803 0.958842 0.825722
 -0.517614 -0.702838 0.739878 1000.04 1000.04 0.00114389 -1.07806 1.01349 0.805795
 -0.495256 -0.682753 0.724289 1000.04 1000.04 0.00114389 -1.08405 1.03817 0.808302
 -0.472038 -0.663419 0.707072 1000.04 1000.04 0.00114389 -1.06134 1.06135 0.764968
 -0.451336 -0.64235 0.698378 1000.04 1000.04 0.00114389 -1.05265 1.1249 0.767867
 -0.429421 -0.622238 0.686595 1000.04 1000.04 0.00114389 -1.02872 1.14228 0.752552
 -0.410138 -0.600089 0.683606 1000.04 1000.04 0.00114389 -1.0235 1.15753 0.737168
 -0.389036 -0.579367 0.675292 1000.04 1000.04 0.00114389 -0.986458 1.19208 0.724646
 -0.369194 -0.557589 0.67149 1000.04 1000.04 0.00114389 -0.992743 1.19927 0.730796
 -0.341494 -0.542585 0.643145 1000.04 1000.04 0.00114389 -0.969815 1.22688 0.688616
 -0.311859 -0.529626 0.610096 1000.04 1000.04 0.00114389 -0.938493 1.24674 0.679859
 -0.286703 -0.512961 0.593249 1000.04 1000.04 0.00114389 -0.9347 1.29065 0.695559
 -0.261848 -0.496171 0.578312 1000.04 1000.04 0.00114389 -0.857601 1.31472 0.676179
 -0.240537 -0.476036 0.576071 1000.04 1000.04 0.00114389 -0.813908 1.35038 0.697583
 -0.214722 -0.460357 0.55884 1000.04 1000.04 0.00114389 -0.784373 1.41756 0.728575
 -0.190473 -0.443216 0.547933 1000.04 1000.04 0.00114389 -0.712175 1.45594 0.701655
 -0.166064 -0.426304 0.537132 1000.04 1000.04 0.00114389 -0.686763 1.46465 0.647798
 -0.142113 -0.408945 0.528616 1000.04 1000.04 0.00114389 -0.671283 1.50852 0.638777
 -0.122307 -0.386906 0.535626 1000.04 1000.04 0.00114389 -0.633637 1.54188 0.630916
 -0.095092 -0.373239 0.515445 1000.04 1000.04 0.00114389 -0.622607 1.54022 0.625421
 -0.0704772 -0.356678 0.505969 1000.04 1000.04 0.00114389 -0.588831 1.49369 0.59342
 -0.0435129 -0.343023 0.488243 1000.05 1000.04 0.00114389 -0.537259 1.48733 0.566726
 -0.0170167 -0.328953 0.473237 1000.05 1000.04 0.00114389 -0.515189 1.52272 0.550183
 0.00613733 -0.310695 0.472059 1000.05 1000.04 0.00114389 -0.545964 1.52574 0.552037
 0.0331048 -0.297383 0.456076 1000.05 1000.05 0.00114389 -0.47219 1.50631 0.522552
 0.0565415 -0.279411 0.455144 1000.05 1000.05 0.00114389 -0.404489 1.54374 0.479745
 0.0810378 -0.262805 0.450157 1000.05 1000.05 0.00114389 -0.339557 1.55958 0.451643
 0.104538 -0.244733 0.449736 1000.05 1000.05 0.00114389 -0.309305 1.56483 0.39081
 0.131374 -0.231427 0.435497 1000.05 1000.05 0.00114389 -0.281639 1.57737 0.388864
 0.156394 -0.215508 0.429828 1000.05 1000.05 0.00114389 -0.227566 1.58201 0.393815
 0.184998 -0.205048 0.409035 1000.05 1000.05 0.00114389 -0.20614 1.61398 0.343826
 0.213033 -0.193917 0.391779 1000.05 1000.05 0.00114389 -0.141844 1.65555 0.316972
 0.24028 -0.181688 0.378942 1000.05 1000.05 0.00114389 -0.108564 1.71931 0.331088
 0.271169 -0.175582 0.350093 1000.05 1000.05 0.00114389 -0.128903 1.75695 0.320463
 0.300459 -0.167181 0.329892 1000.05 1000.05 0.00114389 -0.109896 1.74683 0.307563
 0.329339 -0.158337 0.312503 1000.05 1000.05 0.00114389 -0.0691234 1.72223 0.313324
 0.357154 -0.147786 0.301105 1000.05 1000.05 0.00114389 -0.0227085 1.74326 0.318374
 0.386955 -0.141043 0.280306 1000.05 1000.05 0.00114389 -0.0176178 1.73458 0.355454
 0.41316 -0.127664 0.278883 1000.05 1000.05 0.00114389 0.033723 1.76897 0.317183
 0.440564 -0.116531 0.271514 1000.05 1000.05 0.00114389 0.0529076 1.7779 0.321248
 0.47234 -0.114422 0.240851 1000.05 1000.05 0.00114389 0.0849432 1.78892 0.295995
 0.497649 -0.0990805 0.24731 1000.05 1000.05 0.00114389 0.131755 1.83808 0.273919
 0.527643 -0.0937417 0.227085 1000.05 1000.05 0.00114389 0.163215 1.82001 0.237733
 0.556843 -0.0869206 0.212258 1000.05 1000.05 0.00114389 0.198232 1.80287 0.25802
 0.58275 -0.0724733 0.218198 1000.05 1000.05 0.00114389 0.19901 1.83729 0.282313
 0.611651 -0.0650261 0.205641 1000.05 1000.05 0.00114389 0.222826 1.85353 0.264595
 0.640655 -0.0579742 0.193003 1000.05 1000.05 0.00114389 0.250745 1.86583 0.224776
 0.670409 -0.0530384 0.175925 1000.05 1000.05 0.00114389 0.287803 1.90215 0.254163
 0.699855 -0.0475389 0.161554 1000.05 1000.05 0.00114389 0.34665 1.87926 0.251517
 0.729439 -0.0426418 0.146734 1000.05 1000.05 0.00114389 0.420912 1.91129 0.219396
 0.756479 -0.0304266 0.151337 1000.05 1000.05 0.00114389 0.465751 1.92982 0.189191
 0.784733 -0.0215757 0.147131 1000.05 1000.05 0.00114389 0.486237 1.94787 0.208016
 0.814907 -0.0187746 0.128163 1000.05 1000.05 0.00114389 0.556013 1.95745 0.23237
 0.844724 -0.0151498 0.112645 1000.05 1000.05 0.00114389 0.601058 1.96745 0.189163
 0.875121 -0.0138268 0.0925906 1000.05 1000.05 0.00114389 0.665516 1.93147 0.176776
 0.90718 -0.0190556 0.0579225 1000.05 1000.05 0.00114389 0.755057 1.94026 0.134404
 0.936237 -0.0138667 0.0513781 1000.05 1000.05 0.00114389 0.809698 1.95199 0.102519
 0.965923 -0.0112025 0.0391213 1000.05 1000.05 0.00114389 0.841043 1.96897 0.133775
 0.99553 -0.0084226 0.0280317 1000.05 1000.05 0.00114389 0.868875 1.96756 0.10324
 1.02646 -0.0119328 0.00247117 1000.05 1000.05 0.00114389 0.908849 1.9916 0.0921831
 1.05571 -0.00816344 -0.00358413 1000.05 1000.05 0.00114389 0.9021 1.98492 0.100589
 1.08559 -0.00759468 -0.0169512 1000.05 1000.05 0.00114389 0.952964 2.02915 0.0701763
 1.11586 -0.00972261 -0.0358523 1000.05 1000.05 0.00114389 1.03331 2.06928 0.053305
 1.1449 -0.00487391 -0.0366119 1000.05 1000.05 0.00114389 1.04982 2.04989 0.0169428
 1.17488 -0.00603247 -0.051757 1000.05 1000.05 0.00114389 1.09042 2.06932 -0.0279524
 1.2043 -0.00349301 -0.0569591 1000.05 1000.05 0.00114389 1.14052 2.07359 -0.0553994
 1.2339 -0.00231363 -0.0650565 1000.05 1000.05 0.00114389 1.17575 2.09724 -0.0549934
 1.26402 -0.00599547 -0.0841898 1000.05 1000.05 0.00114389 1.19962 2.039 -0.00936959
 1.29385 -0.00785334 -0.0976048 1000.05 1000.05 0.00114389 1.2198 2.03902 -0.0326058
 1.32394 -0.0134922 -0.119071 1000.05 1000.05 0.00114389 1.27676 2.03009 -0.0909509
 1.35374 -0.0173469 -0.134763 1000.05 1000.05 0.00114389 1.32011 2.01822 -0.122334
 1.38341 -0.0202841 -0.147163 1000.05 1000.05 0.00114389 1.36029 2.02791 -0.164419
 1.41309 -0.0248215 -0.162492 1000.05 1000.05 0.00114389 1.41734 2.04333 -0.17888
 1.44267 -0.0286229 -0.174994 1000.05 1000.05 0.00114389 1.41863 2.05187 -0.19281
 1.47224 -0.0357525 -0.194521 1000.05 1000.05 0.00114389 1.43208 2.05119 -0.198977
 1.50168 -0.0450661 -0.217867 1000.05 1000.05 0.00114389 1.47858 2.09671 -0.218363
