-0.315526	1.11283	0.78356	0.999001	0.999001	1.43793	0.029482	0.00166841	0.0154808	0.999001	0.999001	0.998562	
0.195509	1.13981	-0.0192623	0.499831	0.499832	0.719249	0.0603905	0.00387154	0.0299467	0.499831	0.499832	0.499479	
0.31385	0.211664	0.885915	0.333245	0.333575	0.479398	0.0910033	0.00219139	0.0466574	0.333245	0.333575	0.332915	
0.1996	0.202853	0.0155877	0.25012	0.250369	0.359369	0.120371	0.00392832	0.0599536	0.25012	0.250369	0.249562	
0.489965	0.341729	0.116311	0.200059	0.200729	0.287286	0.152397	0.00702534	0.0751847	0.200059	0.200729	0.199504	
0.292524	0.33441	0.0584353	0.166721	0.167744	0.239165	0.180764	0.00972928	0.0899161	0.166721	0.167744	0.166087	
0.257219	0.146823	0.267132	0.142901	0.14428	0.204742	0.21016	0.0107524	0.105849	0.142901	0.14428	0.142182	
0.284652	-0.046817	0.358578	0.125075	0.126731	0.178882	0.240064	0.0116272	0.121483	0.125075	0.126731	0.124223	
0.349497	0.225442	0.449187	0.111236	0.11312	0.158732	0.270432	0.0185989	0.136837	0.111236	0.11312	0.11023	
0.372228	0.301788	0.358294	0.100198	0.102251	0.142582	0.300142	0.0241623	0.151275	0.100198	0.102251	0.0990154	
0.532683	0.309954	0.440422	0.091156	0.0934377	0.12934	0.332134	0.0289146	0.166946	0.091156	0.0934377	0.0898197	
0.533231	0.196778	0.282925	0.0836524	0.0861058	0.118281	0.361375	0.0325429	0.18095	0.0836524	0.0861058	0.0821395	
0.47974	0.204463	0.345562	0.0772625	0.0799953	0.1089	0.389591	0.0380232	0.196372	0.0772625	0.0799953	0.075625	
0.422332	0.190477	0.414638	0.0718089	0.0747769	0.100838	0.417421	0.0434195	0.211962	0.0718089	0.0747769	0.0700266	
0.400931	0.189699	0.439709	0.0671098	0.070262	0.093833	0.445672	0.0496265	0.22718	0.0671098	0.070262	0.0651618	
0.326317	0.271404	0.4278	0.0630132	0.0663304	0.0876864	0.472344	0.0583887	0.241699	0.0630132	0.0663304	0.0608933	
0.490432	0.265591	0.37717	0.0594014	0.0628932	0.0822471	0.504594	0.0658026	0.256278	0.0594014	0.0628932	0.0571161	
0.521678	0.305058	0.388153	0.0561784	0.0598833	0.0773975	0.533672	0.074503	0.271198	0.0561784	0.0598833	0.0537483	
0.553593	0.334542	0.457579	0.0533026	0.0572103	0.0730448	0.562821	0.0830185	0.286938	0.0533026	0.0572103	0.0507256	
0.531867	0.277853	0.516893	0.0507437	0.0547972	0.0691152	0.590258	0.089449	0.302925	0.0507437	0.0547972	0.0479967	
0.511535	0.323337	0.589229	0.0484559	0.0526046	0.0655489	0.617544	0.0991568	0.318684	0.0484559	0.0526046	0.04552	
0.530984	0.314128	0.63039	0.0464098	0.0505895	0.0622973	0.645794	0.107803	0.334414	0.0464098	0.0505895	0.043262	
0.570027	0.324509	0.687647	0.0445661	0.0487404	0.0593198	0.67466	0.117286	0.350419	0.0445661	0.0487404	0.0411943	
0.550328	0.3443	0.72043	0.0429074	0.0470235	0.056583	0.701226	0.127739	0.365816	0.0429074	0.0470235	0.0392937	
0.612915	0.375894	0.750977	0.0414048	0.0454345	0.0540581	0.730598	0.139066	0.3814	0.0414048	0.0454345	0.0375404	
0.637741	0.429513	0.75205	0.0400407	0.0439583	0.0517212	0.758276	0.152068	0.396104	0.0400407	0.0439583	0.0359175	
0.701408	0.422066	0.685903	0.0387892	0.0426002	0.049551	0.786838	0.164039	0.409981	0.0387892	0.0426002	0.0344104	
0.714965	0.414695	0.749022	0.0376099	0.0413888	0.0475289	0.814214	0.174593	0.426436	0.0376099	0.0413888	0.0330062	
0.69295	0.449205	0.749959	0.0365455	0.0402305	0.0456405	0.839332	0.188201	0.440925	0.0365455	0.0402305	0.0316948	
0.767144	0.388862	0.705219	0.0355608	0.0391561	0.0438724	0.86798	0.198754	0.455708	0.0355608	0.0391561	0.0304669	
0.795883	0.340408	0.627717	0.0346277	0.0381849	0.0422127	0.894022	0.210706	0.469135	0.0346277	0.0381849	0.0293143	
0.867053	0.405437	0.645373	0.0337232	0.0373243	0.040651	0.922907	0.226692	0.484114	0.0337232	0.0373243	0.0282299	
0.862457	0.465818	0.663306	0.0328856	0.0365129	0.0391789	0.947999	0.242962	0.498586	0.0328856	0.0365129	0.0272076	
0.944551	0.423152	0.616694	0.0321093	0.0357453	0.0377887	0.976355	0.255817	0.513013	0.0321093	0.0357453	0.0262421	
0.918561	0.462974	0.663035	0.0313592	0.0350517	0.0364735	1.00025	0.271282	0.528366	0.0313592	0.0350517	0.0253288	
0.926688	0.481019	0.671908	0.0306753	0.0343773	0.0352274	1.0251	0.286818	0.543103	0.0306753	0.0343773	0.0244635	
0.973035	0.465929	0.665185	0.0300357	0.033739	0.034045	1.05155	0.301281	0.558127	0.0300357	0.033739	0.0236424	
0.989133	0.454159	0.654568	0.0294296	0.0331419	0.0329216	1.076	0.31636	0.572623	0.0294296	0.0331419	0.0228622	
1.02971	0.493562	0.676628	0.0288523	0.0325849	0.0318527	1.10219	0.333866	0.587792	0.0288523	0.0325849	0.0221199	
1.04682	0.555073	0.722384	0.0283163	0.0320474	0.0308345	1.12727	0.352422	0.603308	0.0283163	0.0320474	0.0214128	
1.0393	0.588097	0.772764	0.0278295	0.0315141	0.0298636	1.15074	0.369503	0.619296	0.0278295	0.0315141	0.0207386	
1.05034	0.653507	0.814508	0.0273904	0.0309801	0.028937	1.17493	0.389208	0.634625	0.0273904	0.0309801	0.0200951	
1.0452	0.677736	0.830058	0.0269921	0.0304486	0.0280519	1.19726	0.407533	0.649355	0.0269921	0.0304486	0.0194805	
1.05599	0.694006	0.811812	0.0266216	0.0299342	0.0272057	1.21947	0.426821	0.662814	0.0266216	0.0299342	0.0188928	
1.04195	0.771143	0.84916	0.0262631	0.0294556	0.0263957	1.24112	0.448627	0.677337	0.0262631	0.0294556	0.0183303	
1.06728	0.828753	0.877521	0.0259381	0.0289775	0.0256198	1.26495	0.469844	0.692482	0.0259381	0.0289775	0.0177915	
1.11343	0.846725	0.889324	0.0256408	0.0285047	0.0248761	1.28954	0.489303	0.70801	0.0256408	0.0285047	0.0172751	
1.17369	0.852013	0.88274	0.0253632	0.0280462	0.0241628	1.31436	0.508905	0.723062	0.0253632	0.0280462	0.0167797	
1.18355	0.92518	0.923416	0.0250969	0.0276118	0.0234778	1.3368	0.531898	0.738319	0.0250969	0.0276118	0.016304	
1.20139	0.911556	0.930582	0.024859	0.0271723	0.0228198	1.35846	0.550204	0.753879	0.024859	0.0271723	0.0158471	
1.20052	0.93652	0.938423	0.0246354	0.0267472	0.0221874	1.3784	0.571662	0.768089	0.0246354	0.0267472	0.0154079	
1.26758	0.904186	0.905224	0.0244253	0.0263352	0.021579	1.40171	0.590807	0.782548	0.0244253	0.0263352	0.0149854	
1.29534	0.906341	0.914588	0.0242126	0.0259589	0.0209932	1.42329	0.610993	0.798037	0.0242126	0.0259589	0.0145786	
1.28769	0.94062	0.941591	0.0240127	0.0255922	0.0204288	1.44244	0.633198	0.813045	0.0240127	0.0255922	0.0141867	
1.33699	0.902625	0.91504	0.0238312	0.0252246	0.0198849	1.46361	0.652364	0.827598	0.0238312	0.0252246	0.013809	
1.35966	0.970179	0.937343	0.0236476	0.0248854	0.0193603	1.48442	0.678126	0.842032	0.0236476	0.0248854	0.0134446	
1.36883	1.01127	0.969396	0.0234795	0.0245467	0.0188541	1.50428	0.701504	0.857728	0.0234795	0.0245467	0.0130931	
1.38954	1.03965	0.968853	0.0233295	0.0242029	0.0183655	1.52325	0.725804	0.871461	0.0233295	0.0242029	0.0127538	
1.39855	1.07154	0.986936	0.0231851	0.0238718	0.0178937	1.54182	0.749697	0.886313	0.0231851	0.0238718	0.0124262	
1.48251	1.02675	0.950586	0.0230524	0.0235427	0.0174379	1.56383	0.770048	0.901179	0.0230524	0.0235427	0.0121097	
1.48408	1.05951	0.970453	0.0229118	0.0232441	0.0169973	1.58116	0.794435	0.915851	0.0229118	0.0232441	0.0118037	
1.50325	1.10855	0.987421	0.0227829	0.0229452	0.0165712	1.59961	0.820758	0.930296	0.0227829	0.0229452	0.0115077	
1.54954	1.14117	0.986361	0.0226641	0.0226476	0.016159	1.61921	0.846933	0.944491	0.0226641	0.0226476	0.0112215	
1.53565	1.20955	1.03677	0.0225486	0.0223602	0.0157601	1.63602	0.87362	0.960513	0.0225486	0.0223602	0.0109445	
1.53492	1.25236	1.05747	0.0224531	0.0220565	0.015374	1.65188	0.899995	0.974909	0.0224531	0.0220565	0.0106764	
1.56369	1.27443	1.06909	0.0223668	0.0217524	0.0150003	1.66969	0.925174	0.990307	0.0223668	0.0217524	0.0104169	
1.55738	1.31066	1.08897	0.0222866	0.0214524	0.0146385	1.68425	0.951452	1.00466	0.0222866	0.0214524	0.0101656	
1.57794	1.33681	1.09878	0.0222143	0.0211522	0.0142881	1.70045	0.97762	1.01939	0.0222143	0.0211522	0.00992227	
1.58448	1.3624	1.11384	0.0221466	0.020857	0.0139485	1.71525	1.00359	1.03417	0.0221466	0.020857	0.00968649	
1.55967	1.43578	1.16608	0.0220848	0.0205639	0.0136195	1.72935	1.03214	1.0503	0.0220848	0.0205639	0.009458	
1.55113	1.47609	1.18794	0.0220376	0.0202549	0.0133007	1.74241	1.05963	1.06475	0.0220376	0.0202549	0.0092366	
1.60347	1.46206	1.17111	0.0219967	0.0199457	0.0129917	1.75839	1.08432	1.07933	0.0219967	0.0199457	0.00902204	
1.60619	1.50155	1.19127	0.0219526	0.0196548	0.0126921	1.77179	1.11225	1.09413	0.0219526	0.0196548	0.00881397	
1.58141	1.55149	1.23098	0.0219139	0.019364	0.0124015	1.78358	1.14006	1.1099	0.0219139	0.019364	0.00861216	
1.60151	1.56229	1.24302	0.0218842	0.0190643	0.0121197	1.79746	1.16582	1.12589	0.0218842	0.0190643	0.00841644	
1.60571	1.58164	1.25879	0.0218572	0.0187691	0.0118463	1.80953	1.19241	1.14119	0.0218572	0.0187691	0.00822657	
1.61348	1.62932	1.28204	0.0218333	0.0184767	0.011581	1.82238	1.22181	1.15661	0.0218333	0.0184767	0.00804233	
1.60584	1.69996	1.31423	0.0218135	0.0181838	0.0113235	1.83403	1.25339	1.17156	0.0218135	0.0181838	0.00786353	
1.61688	1.70838	1.32156	0.0217988	0.0178868	0.0110736	1.84493	1.27989	1.18654	0.0217988	0.0178868	0.00769001	
1.65065	1.74006	1.32646	0.021785	0.0175969	0.010831	1.85786	1.30948	1.20145	0.021785	0.0175969	0.00752155	
1.62124	1.77501	1.35856	0.0217715	0.0173148	0.0105955	1.86589	1.33741	1.21686	0.0217715	0.0173148	0.00735796	
1.61711	1.79194	1.37541	0.0217619	0.017029	0.0103667	1.87485	1.36454	1.23218	0.0217619	0.017029	0.00719909	
1.60753	1.85788	1.40716	0.0217538	0.0167464	0.0101445	1.88454	1.39659	1.24756	0.0217538	0.0167464	0.00704478	
1.64779	1.86014	1.39913	0.0217485	0.016461	0.00992865	1.89521	1.42425	1.26211	0.0217485	0.016461	0.0068949	
1.64223	1.88526	1.41528	0.0217417	0.0161887	0.0097189	1.90274	1.45282	1.27683	0.0217417	0.0161887	0.00674923	
1.63433	1.91858	1.43478	0.0217357	0.0159196	0.00951502	1.91003	1.48227	1.29168	0.0217357	0.0159196	0.00660765	
1.64522	1.95151	1.44888	0.0217306	0.0156527	0.00931682	1.91863	1.51226	1.30697	0.0217306	0.0156527	0.00647001	
1.68127	1.93689	1.44071	0.0217257	0.01539	0.0091241	1.92706	1.53806	1.32193	0.0217257	0.01539	0.00633618	
1.74803	1.9246	1.41723	0.0217193	0.0151391	0.00893662	1.9369	1.56551	1.33584	0.0217193	0.0151391	0.00620599	
1.7783	1.94391	1.41748	0.0217101	0.0149044	0.00875412	1.94487	1.59513	1.35025	0.0217101	0.0149044	0.00607925	
1.76963	1.95959	1.4322	0.0216999	0.0146772	0.00857642	1.94934	1.62305	1.36476	0.0216999	0.0146772	0.00595585	
1.77103	1.99433	1.44879	0.0216899	0.0144523	0.00840336	1.95508	1.65347	1.37967	0.0216899	0.0144523	0.00583567	
1.73424	2.04073	1.48592	0.0216801	0.0142294	0.00823481	1.95842	1.68377	1.39557	0.0216801	0.0142294	0.00571862	
1.76794	2.04216	1.48296	0.0216714	0.0140023	0.00807068	1.96474	1.71147	1.41054	0.0216714	0.0140023	0.00560464	
1.78974	2.07039	1.48613	0.0216616	0.0137836	0.00791079	1.96996	1.74241	1.42444	0.0216616	0.0137836	0.00549361	
1.80011	2.07277	1.49699	0.0216509	0.013571	0.007755	1.97447	1.76902	1.44064	0.0216509	0.013571	0.00538542	
1.79957	2.11191	1.51259	0.0216396	0.0133621	0.00760318	1.97781	1.8005	1.45505	0.0216396	0.0133621	0.00527999	
1.76749	2.15909	1.54693	0.0216278	0.0131556	0.00745522	1.97955	1.83152	1.47107	0.0216278	0.0131556	0.00517723	
1.79082	2.18622	1.55112	0.0216158	0.0129465	0.00731102	1.98356	1.86243	1.48558	0.0216158	0.0129465	0.0050771	
1.78291	2.22045	1.57162	0.0216029	0.0127433	0.00717047	1.98559	1.89293	1.50109	0.0216029	0.0127433	0.0049795	
1.79241	2.23714	1.58026	0.0215891	0.0125417	0.00703347	1.98758	1.92193	1.51599	0.0215891	0.0125417	0.00488436	
1.77413	2.26415	1.5994	0.0215743	0.0123446	0.0068999	1.98702	1.95153	1.53038	0.0215743	0.0123446	0.0047916	
1.81122	2.26684	1.59486	0.0215584	0.0121495	0.00676967	1.98977	1.97956	1.54515	0.0215584	0.0121495	0.00470116	
1.81559	2.3081	1.6092	0.0215416	0.011962	0.00664265	1.99092	2.01178	1.55998	0.0215416	0.011962	0.00461295	
1.79724	2.35867	1.63427	0.0215237	0.0117775	0.00651875	1.99042	2.04453	1.57515	0.0215237	0.0117775	0.00452691	
1.75773	2.40727	1.67138	0.0215043	0.0115937	0.00639789	1.98884	2.07595	1.59203	0.0215043	0.0115937	0.00444298	
1.71415	2.45593	1.7055	0.0214825	0.0114083	0.00628003	1.98562	2.10772	1.60752	0.0214825	0.0114083	0.00436114	
1.71784	2.46716	1.71459	0.0214581	0.0112226	0.00616511	1.98402	2.13578	1.62246	0.0214581	0.0112226	0.00428133	
1.71248	2.51915	1.73574	0.0214324	0.0110419	0.00605303	1.98331	2.16931	1.63848	0.0214324	0.0110419	0.0042035	
1.7526	2.54132	1.73194	0.0214046	0.0108637	0.00594372	1.98382	2.20019	1.6531	0.0214046	0.0108637	0.00412759	
1.72602	2.57045	1.75372	0.0213766	0.0106928	0.00583707	1.97904	2.22993	1.66769	0.0213766	0.0106928	0.00405352	
1.74468	2.59971	1.75907	0.0213463	0.0105242	0.005733	1.97741	2.26108	1.68245	0.0213463	0.0105242	0.00398125	
1.77274	2.61396	1.75922	0.021315	0.0103609	0.00563143	1.97566	2.29011	1.69725	0.021315	0.0103609	0.00391072	
1.7767	2.64565	1.76957	0.0212833	0.0102035	0.00553228	1.97201	2.32111	1.71171	0.0212833	0.0102035	0.00384186	
1.80498	2.66844	1.7694	0.0212501	0.0100502	0.00543545	1.96942	2.35142	1.72593	0.0212501	0.0100502	0.00377462	
1.79568	2.69871	1.7835	0.0212165	0.00990239	0.00534089	1.96372	2.38175	1.74	0.0212165	0.00990239	0.00370895	
1.79913	2.7174	1.79494	0.0211811	0.00975785	0.00524851	1.95915	2.41024	1.75554	0.0211811	0.00975785	0.0036448	
1.82677	2.73312	1.79389	0.0211442	0.00961692	0.00515826	1.95501	2.43909	1.76957	0.0211442	0.00961692	0.00358212	
1.82049	2.74303	1.80584	0.0211069	0.00948119	0.00507006	1.94811	2.46577	1.78414	0.0211069	0.00948119	0.00352088	
1.79218	2.76269	1.82777	0.0210681	0.00934877	0.00498386	1.93974	2.49328	1.79923	0.0210681	0.00934877	0.00346102	
1.79185	2.78751	1.83742	0.0210264	0.00921847	0.00489962	1.93249	2.52256	1.81313	0.0210264	0.00921847	0.00340251	
1.75892	2.82671	1.86092	0.0209834	0.00909182	0.00481727	1.92306	2.5533	1.82746	0.0209834	0.00909182	0.00334533	
1.7703	2.83974	1.86861	0.0209372	0.00896727	0.00473679	1.91664	2.58039	1.84307	0.0209372	0.00896727	0.00328944	
1.76093	2.87489	1.88518	0.02089	0.00884657	0.00465811	1.90873	2.61075	1.85851	0.02089	0.00884657	0.0032348	
1.72235	2.91529	1.91325	0.0208404	0.00872877	0.00458119	1.89861	2.64121	1.87442	0.0208404	0.00872877	0.00318138	
1.70712	2.95528	1.93272	0.0207869	0.00861288	0.004506	1.88981	2.67214	1.89037	0.0207869	0.00861288	0.00312917	
1.63983	2.99257	1.97026	0.0207305	0.00849985	0.0044325	1.87666	2.70132	1.90641	0.0207305	0.00849985	0.00307813	
1.60835	3.02558	1.99394	0.0206683	0.00838833	0.00436067	1.86548	2.73055	1.92218	0.0206683	0.00838833	0.00302824	
1.60435	3.0464	2.00613	0.0206025	0.00827969	0.00429048	1.85542	2.75808	1.93751	0.0206025	0.00827969	0.0029795	
1.56144	3.07999	2.03435	0.0205352	0.00817484	0.00422187	1.84289	2.78698	1.95383	0.0205352	0.00817484	0.00293185	
1.52903	3.09983	2.05669	0.0204632	0.00807272	0.00415482	1.83006	2.81349	1.96952	0.0204632	0.00807272	0.00288529	
1.53758	3.11756	2.06195	0.0203877	0.00797384	0.00408929	1.819	2.84035	1.98374	0.0203877	0.00797384	0.00283978	
1.55343	3.14148	2.06469	0.0203121	0.00787919	0.00402523	1.80816	2.86836	1.99775	0.0203121	0.00787919	0.0027953	
1.56654	3.16276	2.07009	0.0202369	0.00778873	0.00396259	1.79736	2.89551	2.01284	0.0202369	0.00778873	0.0027518	
1.55673	3.17752	2.0836	0.0201614	0.00770216	0.00390131	1.78454	2.92078	2.02823	0.0201614	0.00770216	0.00270925	
1.56887	3.21139	2.08866	0.0200842	0.00761899	0.00384138	1.77272	2.95004	2.04263	0.0200842	0.00761899	0.00266762	
1.55895	3.24328	2.10235	0.0200068	0.0075395	0.00378273	1.7593	2.97838	2.05777	0.0200068	0.0075395	0.0026269	
1.54903	3.27231	2.11571	0.0199276	0.00746327	0.00372534	1.74542	3.00599	2.07283	0.0199276	0.00746327	0.00258704	
1.59536	3.29045	2.10986	0.0198466	0.00739027	0.00366917	1.73545	3.03182	2.08811	0.0198466	0.00739027	0.00254803	
1.60528	3.31182	2.11668	0.0197677	0.00732095	0.00361418	1.72248	3.05761	2.10346	0.0197677	0.00732095	0.00250984	
1.589	3.34302	2.13343	0.0196884	0.00725479	0.00356032	1.7076	3.08495	2.11943	0.0196884	0.00725479	0.00247245	
1.58506	3.37104	2.14509	0.0196065	0.0071915	0.00350759	1.69298	3.11156	2.1349	0.0196065	0.0071915	0.00243582	
1.5916	3.38302	2.15091	0.0195232	0.00713116	0.00345593	1.67792	3.13469	2.14895	0.0195232	0.00713116	0.00239995	
1.5729	3.40918	2.167	0.0194397	0.0070738	0.00340534	1.66136	3.16039	2.16419	0.0194397	0.0070738	0.00236482	
1.55518	3.43818	2.18413	0.0193538	0.00701922	0.00335577	1.64513	3.18651	2.18052	0.0193538	0.00701922	0.00233039	
1.50664	3.47328	2.21065	0.0192654	0.00696741	0.00330721	1.62588	3.21366	2.19637	0.0192654	0.00696741	0.00229667	
1.47105	3.49655	2.231	0.0191723	0.00691834	0.00325964	1.60656	3.23817	2.21102	0.0191723	0.00691834	0.00226364	
1.44693	3.51964	2.2497	0.0190761	0.00687208	0.00321305	1.58875	3.26249	2.22745	0.0190761	0.00687208	0.00223129	
1.43224	3.54997	2.26328	0.018977	0.00682867	0.00316742	1.57053	3.28816	2.24243	0.018977	0.00682867	0.00219959	
1.39643	3.56676	2.28373	0.0188763	0.00678805	0.00312271	1.55034	3.31069	2.25744	0.0188763	0.00678805	0.00216855	
1.37563	3.59578	2.29835	0.0187725	0.00675026	0.00307891	1.53067	3.33567	2.27189	0.0187725	0.00675026	0.00213813	
1.4031	3.6159	2.29711	0.0186669	0.00671523	0.00303601	1.51447	3.3582	2.28608	0.0186669	0.00671523	0.00210834	
1.36778	3.62618	2.3184	0.0185633	0.00668273	0.00299396	1.49398	3.37863	2.30205	0.0185633	0.00668273	0.00207914	
1.34378	3.63702	2.33666	0.0184564	0.00665295	0.00295275	1.4744	3.39889	2.31866	0.0184564	0.00665295	0.00205052	
1.32295	3.65687	2.35272	0.0183469	0.00662584	0.00291237	1.45428	3.42087	2.33454	0.0183469	0.00662584	0.00202248	
1.33788	3.67393	2.35584	0.0182354	0.00660135	0.00287279	1.43608	3.4415	2.34903	0.0182354	0.00660135	0.00199499	
1.33178	3.69584	2.36584	0.0181251	0.00657918	0.00283399	1.41602	3.46317	2.36383	0.0181251	0.00657918	0.00196805	
1.34432	3.72492	2.3698	0.0180142	0.00655938	0.00279595	1.39718	3.48595	2.37868	0.0180142	0.00655938	0.00194164	
1.32576	3.74658	2.38423	0.0179042	0.00654174	0.00275865	1.37583	3.50718	2.39401	0.0179042	0.00654174	0.00191573	
1.27524	3.76306	2.40705	0.0177926	0.00652643	0.00272206	1.35079	3.52739	2.40788	0.0177926	0.00652643	0.00189032	
1.25483	3.78594	2.42123	0.0176774	0.00651367	0.00268618	1.32844	3.54844	2.42275	0.0176774	0.00651367	0.00186541	
1.20756	3.80639	2.44436	0.0175608	0.00650319	0.002651	1.30387	3.56925	2.4383	0.0175608	0.00650319	0.00184097	
1.18661	3.8272	2.4579	0.0174407	0.00649522	0.00261649	1.28061	3.58927	2.45257	0.0174407	0.00649522	0.00181701	
1.12958	3.8522	2.4844	0.0173193	0.00648946	0.00258264	1.25494	3.61104	2.46907	0.0173193	0.00648946	0.0017935	
1.09775	3.87173	2.50007	0.0171937	0.00648627	0.00254946	1.22968	3.63043	2.48241	0.0171937	0.00648627	0.00177046	
1.06979	3.89173	2.51631	0.0170666	0.0064853	0.00251691	1.20545	3.64978	2.49759	0.0170666	0.0064853	0.00174785	
1.0581	3.90145	2.52708	0.0169378	0.00648652	0.00248499	1.18218	3.66583	2.51168	0.0169378	0.00648652	0.00172569	
1.02161	3.92214	2.5467	0.0168089	0.0064897	0.00245368	1.15717	3.68515	2.52799	0.0168089	0.0064897	0.00170394	
1.01709	3.95052	2.55504	0.0166775	0.0064951	0.00242297	1.13402	3.70494	2.54306	0.0166775	0.0064951	0.00168262	
0.977276	3.95387	2.57551	0.0165466	0.00650227	0.00239284	1.10822	3.71952	2.55834	0.0165466	0.00650227	0.00166169	
0.978459	3.97558	2.58225	0.0164132	0.0065116	0.00236328	1.08526	3.73682	2.57319	0.0164132	0.0065116	0.00164117	
0.93731	3.99665	2.6014	0.0162807	0.00652254	0.00233428	1.05808	3.75515	2.58815	0.0162807	0.00652254	0.00162103	
0.920381	4.01274	2.61348	0.016146	0.0065355	0.00230582	1.03304	3.77106	2.60279	0.016146	0.0065355	0.00160126	
0.878612	4.02162	2.63407	0.0160111	0.00655017	0.00227789	1.00609	3.786	2.61844	0.0160111	0.00655017	0.00158187	
0.866086	4.04036	2.64366	0.0158737	0.00656681	0.00225049	0.980495	3.80162	2.63212	0.0158737	0.00656681	0.00156284	
0.83509	4.05402	2.66066	0.0157368	0.00658497	0.00222359	0.954024	3.81674	2.64784	0.0157368	0.00658497	0.00154416	
0.818483	4.06971	2.67231	0.0155984	0.00660488	0.00219719	0.928179	3.83125	2.6624	0.0155984	0.00660488	0.00152583	
0.780262	4.07717	2.6907	0.01546	0.00662629	0.00217128	0.900287	3.84441	2.67702	0.01546	0.00662629	0.00150783	
0.739751	4.08903	2.70934	0.0153199	0.00664939	0.00214584	0.87178	3.85851	2.69178	0.0153199	0.00664939	0.00149017	
0.715395	4.11383	2.72209	0.0151782	0.00667415	0.00212087	0.844084	3.87471	2.70637	0.0151782	0.00667415	0.00147282	
0.680102	4.12409	2.73937	0.0150363	0.00670031	0.00209635	0.815885	3.88762	2.72131	0.0150363	0.00670031	0.0014558	
0.613133	4.11569	2.76667	0.0148932	0.00672797	0.00207228	0.784765	3.89724	2.73591	0.0148932	0.00672797	0.00143909	
0.59563	4.12721	2.77797	0.0147466	0.00675743	0.00204866	0.75764	3.90881	2.74991	0.0147466	0.00675743	0.00142268	
0.574969	4.13805	2.79066	0.0146004	0.00678809	0.00202546	0.730337	3.92015	2.76454	0.0146004	0.00678809	0.00140657	
0.559144	4.15427	2.80177	0.0144543	0.00681995	0.00200269	0.703317	3.93228	2.77957	0.0144543	0.00681995	0.00139076	
0.53031	4.16697	2.81597	0.0143086	0.00685291	0.00198033	0.674454	3.94379	2.79375	0.0143086	0.00685291	0.00137523	
0.491573	4.17987	2.83349	0.0141627	0.00688701	0.00195836	0.644684	3.95583	2.80897	0.0141627	0.00688701	0.00135998	
0.474725	4.18818	2.84542	0.0140159	0.00692231	0.0019368	0.617531	3.96501	2.82386	0.0140159	0.00692231	0.001345	
0.455561	4.20114	2.85808	0.0138694	0.00695859	0.00191561	0.590074	3.9753	2.83966	0.0138694	0.00695859	0.00133028	
0.440723	4.20977	2.8698	0.0137232	0.00699582	0.0018948	0.563171	3.98379	2.85512	0.0137232	0.00699582	0.00131583	
0.406929	4.22169	2.8853	0.0135775	0.00703393	0.00187435	0.533156	3.99382	2.86974	0.0135775	0.00703393	0.00130163	
0.383068	4.22566	2.89949	0.0134314	0.00707297	0.00185426	0.505023	4.00098	2.88483	0.0134314	0.00707297	0.00128768	
0.347834	4.22778	2.91629	0.0132853	0.00711286	0.00183453	0.475167	4.008	2.89936	0.0132853	0.00711286	0.00127398	
0.315463	4.22222	2.93346	0.0131386	0.00715362	0.00181513	0.446234	4.01269	2.9142	0.0131386	0.00715362	0.00126051	
0.27496	4.22623	2.9511	0.0129915	0.0071952	0.00179607	0.415221	4.01992	2.92866	0.0129915	0.0071952	0.00124727	
0.286526	4.25783	2.95315	0.0128437	0.00723755	0.00177735	0.389709	4.03004	2.94427	0.0128437	0.00723755	0.00123427	
0.246794	4.26293	2.97111	0.0126987	0.00728029	0.00175894	0.35896	4.03703	2.95985	0.0126987	0.00728029	0.00122149	
0.199202	4.25885	2.99169	0.012553	0.00732372	0.00174085	0.327411	4.04193	2.97487	0.012553	0.00732372	0.00120892	
0.169751	4.26544	3.0064	0.0124063	0.00736783	0.00172307	0.29753	4.04775	2.98996	0.0124063	0.00736783	0.00119657	
0.118901	4.25192	3.02837	0.0122598	0.00741245	0.00170559	0.265702	4.04984	3.00433	0.0122598	0.00741245	0.00118444	
0.113745	4.27183	3.03442	0.0121121	0.00745765	0.00168841	0.237639	4.056	3.01808	0.0121121	0.00745765	0.00117251	
0.0720707	4.26258	3.05456	0.0119664	0.00750314	0.00167152	0.207251	4.05817	3.034	0.0119664	0.00750314	0.00116078	
0.0456957	4.25987	3.06993	0.01182	0.00754908	0.00165492	0.178453	4.06026	3.04964	0.01182	0.00754908	0.00114925	
0.0017413	4.257	3.08939	0.0116738	0.00759533	0.0016386	0.146892	4.06347	3.06545	0.0116738	0.00759533	0.00113791	
-0.0221628	4.251	3.10471	0.0115272	0.0076419	0.00162255	0.118715	4.06391	3.08134	0.0115272	0.0076419	0.00112677	
-0.0513789	4.24669	3.11992	0.011381	0.00768868	0.00160678	0.0889072	4.06446	3.0957	0.011381	0.00768868	0.00111582	
-0.0841181	4.24007	3.13674	0.0112353	0.00773564	0.00159127	0.0589789	4.06465	3.11089	0.0112353	0.00773564	0.00110505	
-0.0982994	4.25317	3.14633	0.0110898	0.00778274	0.00157602	0.0303139	4.06754	3.12598	0.0110898	0.00778274	0.00109446	
-0.147	4.23611	3.16802	0.0109458	0.00782991	0.00156102	-0.0015505	4.06593	3.14098	0.0109458	0.00782991	0.00108404	
-0.171366	4.24379	3.17997	0.0108013	0.0078771	0.00154627	-0.0318485	4.0675	3.15521	0.0108013	0.0078771	0.0010738	
-0.192667	4.25404	3.19091	0.010658	0.0079243	0.00153177	-0.0617994	4.06909	3.1696	0.010658	0.0079243	0.00106373	
-0.219609	4.25331	3.2045	0.0105161	0.00797146	0.00151751	-0.0918819	4.06814	3.18356	0.0105161	0.00797146	0.00105383	
-0.253687	4.24621	3.22158	0.0103752	0.00801854	0.00150348	-0.122104	4.06648	3.19916	0.0103752	0.00801854	0.00104408	
-0.268107	4.24813	3.23271	0.0102347	0.00806546	0.00148968	-0.149772	4.06458	3.21425	0.0102347	0.00806546	0.0010345	
-0.285421	4.24702	3.24559	0.0100956	0.00811224	0.0014761	-0.177266	4.06218	3.23044	0.0100956	0.00811224	0.00102507	
-0.308893	4.24698	3.25885	0.0099577	0.00815884	0.00146274	-0.206358	4.05993	3.24556	0.0099577	0.00815884	0.00101579	
-0.335932	4.24329	3.27291	0.00982089	0.0082052	0.0014496	-0.236033	4.05658	3.25987	0.00982089	0.0082052	0.00100667	
-0.378803	4.22612	3.2932	0.00968509	0.00825127	0.00143667	-0.26702	4.05176	3.27558	0.00968509	0.00825127	0.000997686	
-0.41317	4.21865	3.31019	0.00954938	0.00829691	0.00142394	-0.297256	4.04808	3.29154	0.00954938	0.00829691	0.000988848	
-0.458442	4.19223	3.33131	0.00941434	0.00834212	0.00141142	-0.32851	4.0402	3.30542	0.00941434	0.00834212	0.000980152	
-0.492701	4.19203	3.34582	0.00927943	0.00838674	0.0013991	-0.360076	4.03702	3.31967	0.00927943	0.00838674	0.000971596	
-0.518366	4.18593	3.3598	0.00914569	0.0084309	0.00138697	-0.389197	4.0314	3.33414	0.00914569	0.0084309	0.000963177	
-0.544385	4.1754	3.37432	0.00901321	0.00847458	0.00137504	-0.41806	4.02434	3.34811	0.00901321	0.00847458	0.000954892	
-0.572156	4.16842	3.38994	0.00888196	0.00851772	0.0013633	-0.446836	4.01871	3.36464	0.00888196	0.00851772	0.000946739	
-0.597284	4.16131	3.40397	0.0087518	0.00856024	0.00135175	-0.475554	4.01185	3.3793	0.0087518	0.00856024	0.000938715	
-0.621865	4.15528	3.41761	0.00862298	0.00860218	0.00134038	-0.504232	4.00481	3.39388	0.00862298	0.00860218	0.000930818	
-0.661124	4.1394	3.43537	0.00849558	0.0086435	0.00132918	-0.53527	3.99663	3.40797	0.00849558	0.0086435	0.000923044	
-0.689869	4.12744	3.45024	0.0083691	0.00868403	0.00131817	-0.564466	3.9878	3.42162	0.0083691	0.00868403	0.000915393	
-0.724175	4.10662	3.46872	0.00824395	0.00872382	0.00130732	-0.59346	3.97791	3.43713	0.00824395	0.00872382	0.000907862	
-0.748778	4.08872	3.48469	0.00811973	0.00876269	0.00129665	-0.620596	3.96721	3.45221	0.00811973	0.00876269	0.000900448	
-0.773747	4.06614	3.50211	0.00799678	0.00880072	0.00128614	-0.647002	3.95552	3.46826	0.00799678	0.00880072	0.000893151	
-0.80411	4.03627	3.52162	0.00787498	0.00883779	0.00127579	-0.673969	3.94241	3.484	0.00787498	0.00883779	0.000885967	
-0.823335	4.03813	3.53245	0.00775415	0.00887376	0.00126561	-0.701777	3.9342	3.49859	0.00775415	0.00887376	0.000878896	
-0.843581	4.02422	3.54664	0.00763529	0.00890904	0.00125559	-0.728019	3.92251	3.51341	0.00763529	0.00890904	0.000871935	
-0.869545	4.02117	3.55965	0.00751802	0.00894343	0.00124572	-0.756638	3.91344	3.52845	0.00751802	0.00894343	0.000865082	
-0.89575	4.01043	3.57427	0.0074025	0.00897698	0.001236	-0.784382	3.90252	3.54366	0.0074025	0.00897698	0.000858334	
-0.914642	4.0085	3.58676	0.00728856	0.00900956	0.00122643	-0.810671	3.89288	3.56041	0.00728856	0.00900956	0.00085169	
-0.929617	4.02047	3.59492	0.00717643	0.00904128	0.00121701	-0.837626	3.88475	3.57547	0.00717643	0.00904128	0.000845147	
-0.948204	4.02036	3.60625	0.00706652	0.00907238	0.00120773	-0.864003	3.8743	3.59091	0.00706652	0.00907238	0.000838702	
-0.978804	4.00664	3.62212	0.0069585	0.00910265	0.00119859	-0.892003	3.86199	3.60644	0.0069585	0.00910265	0.000832353	
-1.00416	3.98557	3.63817	0.00685197	0.00913179	0.00118958	-0.918008	3.84701	3.62094	0.00685197	0.00913179	0.000826099	
-1.03826	3.95349	3.65789	0.00674694	0.00915975	0.00118071	-0.945101	3.83054	3.63583	0.00674694	0.00915975	0.000819939	
-1.07198	3.92657	3.67662	0.00664313	0.00918626	0.00117197	-0.97247	3.81495	3.65115	0.00664313	0.00918626	0.00081387	
-1.09434	3.91452	3.68989	0.00654067	0.00921134	0.00116336	-0.998429	3.80038	3.665	0.00654067	0.00921134	0.000807892	
-1.12747	3.8858	3.70939	0.00644005	0.00923537	0.00115488	-1.02507	3.78424	3.68149	0.00644005	0.00923537	0.000802003	
-1.14876	3.86768	3.72446	0.0063408	0.00925785	0.00114653	-1.04954	3.76831	3.69685	0.0063408	0.00925785	0.000796202	
-1.16257	3.86683	3.73483	0.00624329	0.00927911	0.0011383	-1.0734	3.7547	3.71216	0.00624329	0.00927911	0.000790488	
-1.18074	3.86429	3.74643	0.00614786	0.00929948	0.0011302	-1.09799	3.74111	3.72817	0.00614786	0.00929948	0.000784858	
-1.19805	3.85619	3.75845	0.00605441	0.00931887	0.00112221	-1.12185	3.72559	3.74286	0.00605441	0.00931887	0.00077931	
-1.22385	3.83497	3.77404	0.0059629	0.00933723	0.00111433	-1.14689	3.70791	3.75704	0.0059629	0.00933723	0.000773844	
-1.26218	3.80262	3.79359	0.00587311	0.00935425	0.00110658	-1.1745	3.68912	3.77148	0.00587311	0.00935425	0.000768456	
-1.28149	3.79282	3.80609	0.00578481	0.00936957	0.00109893	-1.19833	3.67267	3.78619	0.00578481	0.00936957	0.000763148	
-1.30984	3.77205	3.82233	0.00569845	0.00938378	0.0010914	-1.2236	3.655	3.80165	0.00569845	0.00938378	0.000757916	
-1.332	3.74121	3.83939	0.00561382	0.00939655	0.00108397	-1.24617	3.6341	3.8157	0.00561382	0.00939655	0.00075276	
-1.36432	3.71194	3.85734	0.00553089	0.00940778	0.00107666	-1.27186	3.61433	3.8302	0.00553089	0.00940778	0.000747679	
-1.38708	3.68885	3.87342	0.00544964	0.00941737	0.00106945	-1.29479	3.59504	3.84587	0.00544964	0.00941737	0.000742671	
-1.40366	3.6798	3.88475	0.00537019	0.00942548	0.00106234	-1.31713	3.57676	3.85953	0.00537019	0.00942548	0.000737736	
-1.44042	3.6449	3.90419	0.00529278	0.00943256	0.00105534	-1.34344	3.55556	3.87398	0.00529278	0.00943256	0.000732872	
-1.46245	3.61174	3.92176	0.00521702	0.00943781	0.00104843	-1.36506	3.53322	3.88844	0.00521702	0.00943781	0.000728079	
-1.48711	3.58478	3.93896	0.00514303	0.00944141	0.00104163	-1.38765	3.51264	3.90468	0.00514303	0.00944141	0.000723354	
-1.5142	3.56087	3.95475	0.00507084	0.00944337	0.00103493	-1.41142	3.49181	3.91901	0.00507084	0.00944337	0.000718698	
-1.5349	3.54703	3.96772	0.00500052	0.00944383	0.00102832	-1.43367	3.4721	3.93356	0.00500052	0.00944383	0.000714109	
-1.5475	3.5336	3.98079	0.00493218	0.00944308	0.0010218	-1.45274	3.45235	3.95007	0.00493218	0.00944308	0.000709586	
-1.56234	3.52404	3.99239	0.00486581	0.00944109	0.00101538	-1.47281	3.43258	3.96497	0.00486581	0.00944109	0.000705128	
-1.57822	3.5096	4.00478	0.00480144	0.00943802	0.00100906	-1.49272	3.41147	3.97902	0.00480144	0.00943802	0.000700733	
-1.60005	3.48232	4.02107	0.00473904	0.00943379	0.00100282	-1.51339	3.38878	3.99421	0.00473904	0.00943379	0.0006964	
-1.6226	3.46654	4.03477	0.00467847	0.00942798	0.000996663	-1.53492	3.36796	4.00955	0.00467847	0.00942798	0.000692127	
-1.64668	3.45983	4.04606	0.00461981	0.00942086	0.000990597	-1.55748	3.34825	4.02407	0.00461981	0.00942086	0.000687915	
-1.66327	3.45193	4.05722	0.00456312	0.0094127	0.000984615	-1.57703	3.32775	4.03893	0.00456312	0.0094127	0.000683761	
-1.68232	3.42066	4.0738	0.00450839	0.0094035	0.000978716	-1.59572	3.30307	4.05347	0.00450839	0.0094035	0.000679664	
-1.69978	3.41068	4.08572	0.00445545	0.00939269	0.000972898	-1.61488	3.2821	4.069	0.00445545	0.00939269	0.000675624	
-1.72293	3.37973	4.1022	0.00440443	0.00938076	0.000967159	-1.6347	3.25715	4.08311	0.00440443	0.00938076	0.000671639	
-1.75072	3.35588	4.11747	0.00435521	0.00936723	0.0009615	-1.65641	3.23368	4.0978	0.00435521	0.00936723	0.000667708	
-1.77058	3.31247	4.13704	0.00430781	0.00935223	0.000955917	-1.67393	3.20644	4.11293	0.00430781	0.00935223	0.000663831	
-1.79067	3.27346	4.15584	0.00426215	0.00933527	0.000950411	-1.69158	3.18003	4.12878	0.00426215	0.00933527	0.000660008	
-1.80598	3.25555	4.16925	0.00421827	0.00931646	0.000944981	-1.7084	3.15657	4.14429	0.00421827	0.00931646	0.000656237	
-1.82545	3.2266	4.18489	0.00417623	0.0092964	0.000939626	-1.72606	3.1308	4.1586	0.00417623	0.0092964	0.000652518	
-1.8405	3.20341	4.19927	0.004136	0.00927486	0.000934344	-1.74209	3.1059	4.17367	0.004136	0.00927486	0.00064885	
-1.85345	3.1744	4.21458	0.00409758	0.00925199	0.000929134	-1.75688	3.07947	4.188	0.00409758	0.00925199	0.000645232	
-1.87147	3.16631	4.22462	0.00406095	0.00922768	0.000923996	-1.77431	3.05613	4.20119	0.00406095	0.00922768	0.000641664	
-1.88592	3.13512	4.24056	0.00402615	0.00920256	0.000918927	-1.78912	3.02919	4.21579	0.00402615	0.00920256	0.000638143	
-1.90157	3.10988	4.25567	0.0039931	0.00917595	0.000913926	-1.80434	3.00367	4.23175	0.0039931	0.00917595	0.000634671	
-1.91516	3.07672	4.27183	0.00396181	0.00914795	0.000908992	-1.81832	2.97589	4.24599	0.00396181	0.00914795	0.000631245	
-1.93604	3.05683	4.28542	0.00393224	0.00911845	0.000904125	-1.8353	2.95081	4.26125	0.00393224	0.00911845	0.000627865	
-1.95345	3.02932	4.30075	0.0039044	0.00908777	0.000899324	-1.85044	2.92425	4.27669	0.0039044	0.00908777	0.00062453	
-1.96242	2.98123	4.32041	0.00387826	0.00905572	0.000894586	-1.86154	2.89353	4.29131	0.00387826	0.00905572	0.000621241	
-1.97133	2.95172	4.33572	0.0038538	0.0090218	0.000889913	-1.87291	2.86586	4.30617	0.0038538	0.0090218	0.000617995	
-1.98218	2.91933	4.3515	0.00383101	0.00898654	0.000885302	-1.88476	2.8374	4.32051	0.00383101	0.00898654	0.000614793	
-1.9973	2.89824	4.36461	0.00380988	0.00894991	0.000880754	-1.89829	2.81079	4.33485	0.00380988	0.00894991	0.000611635	
-2.00241	2.86514	4.38093	0.0037904	0.00891223	0.000876266	-1.90739	2.78231	4.35035	0.0037904	0.00891223	0.000608518	
-2.00442	2.8416	4.39478	0.00377255	0.00887315	0.000871838	-1.91513	2.75513	4.36544	0.00377255	0.00887315	0.000605443	
-2.01213	2.80068	4.41332	0.0037563	0.00883296	0.00086747	-1.92467	2.72549	4.38191	0.0037563	0.00883296	0.000602409	
-2.01829	2.77019	4.42865	0.00374163	0.00879115	0.000863159	-1.93344	2.6968	4.3967	0.00374163	0.00879115	0.000599416	
-2.0282	2.73361	4.44576	0.00372853	0.0087481	0.000858907	-1.94346	2.66733	4.41239	0.00372853	0.0087481	0.000596463	
-2.03362	2.69601	4.46301	0.00371697	0.00870364	0.000854711	-1.95143	2.63746	4.42788	0.00371697	0.00870364	0.000593549	
-2.03953	2.67239	4.4764	0.00370693	0.00865776	0.000850572	-1.95936	2.60937	4.44207	0.00370693	0.00865776	0.000590675	
-2.04327	2.64535	4.49104	0.0036984	0.00861095	0.000846488	-1.96616	2.58103	4.45734	0.0036984	0.00861095	0.000587839	
-2.05602	2.61893	4.50517	0.00369134	0.00856308	0.000842458	-1.97632	2.55246	4.4721	0.00369134	0.00856308	0.00058504	
-2.06307	2.58504	4.52155	0.00368573	0.00851424	0.000838482	-1.984	2.52293	4.48794	0.00368573	0.00851424	0.000582279	
-2.0683	2.5355	4.54194	0.00368155	0.00846417	0.000834558	-1.99089	2.49086	4.50461	0.00368155	0.00846417	0.000579554	
-2.07134	2.50516	4.55702	0.00367877	0.00841245	0.000830687	-1.99636	2.46133	4.51928	0.00367877	0.00841245	0.000576866	
-2.07734	2.47146	4.57253	0.00367738	0.00835972	0.000826868	-2.00281	2.43081	4.5333	0.00367738	0.00835972	0.000574214	
-2.08051	2.44504	4.58719	0.00367733	0.00830596	0.0008231	-2.00783	2.40235	4.54931	0.00367733	0.00830596	0.000571597	
-2.08852	2.3957	4.60669	0.0036786	0.00825129	0.000819382	-2.01501	2.36922	4.56456	0.0036786	0.00825129	0.000569015	
-2.08393	2.36241	4.62321	0.00368117	0.00819519	0.000815714	-2.01651	2.33958	4.58069	0.00368117	0.00819519	0.000566468	
-2.08345	2.33963	4.63669	0.00368501	0.00813804	0.000812094	-2.01906	2.31128	4.59573	0.00368501	0.00813804	0.000563954	
-2.08201	2.30029	4.65393	0.00369009	0.00808021	0.000808524	-2.02139	2.27978	4.61052	0.00369009	0.00808021	0.000561475	
-2.07653	2.2637	4.67091	0.00369637	0.00802129	0.000805	-2.02181	2.24909	4.6259	0.00369637	0.00802129	0.000559028	
-2.08137	2.2263	4.6871	0.00370383	0.00796136	0.000801525	-2.02617	2.21735	4.64007	0.00370383	0.00796136	0.000556614	
-2.08028	2.19562	4.70201	0.00371243	0.00790054	0.000798095	-2.02761	2.18706	4.65427	0.00371243	0.00790054	0.000554233	
-2.08142	2.15657	4.71889	0.00372215	0.00783899	0.000794712	-2.03012	2.15518	4.66894	0.00372215	0.00783899	0.000551883	
-2.07943	2.1254	4.73474	0.00373295	0.00777654	0.000791373	-2.03093	2.12552	4.68519	0.00373295	0.00777654	0.000549565	
-2.0848	2.09773	4.74892	0.0037448	0.00771333	0.00078808	-2.0342	2.09576	4.70036	0.0037448	0.00771333	0.000547278	
-2.08933	2.06781	4.76311	0.00375767	0.00764957	0.00078483	-2.03683	2.06508	4.71426	0.00375767	0.00764957	0.000545021	
-2.08994	2.05105	4.77498	0.00377152	0.00758528	0.000781624	-2.03702	2.03763	4.7292	0.00377152	0.00758528	0.000542794	
-2.08958	2.01068	4.79243	0.00378633	0.00752074	0.00077846	-2.03785	2.00563	4.7448	0.00378633	0.00752074	0.000540597	
-2.08946	1.97735	4.80749	0.00380206	0.00745539	0.000775337	-2.03793	1.9743	4.75846	0.00380206	0.00745539	0.000538429	
-2.09641	1.95772	4.81901	0.00381867	0.0073895	0.000772256	-2.03986	1.94544	4.7722	0.00381867	0.0073895	0.000536289	
-2.09402	1.93548	4.83228	0.00383616	0.00732348	0.000769215	-2.03801	1.91709	4.78724	0.00383616	0.00732348	0.000534177	
-2.08846	1.90021	4.849	0.00385447	0.00725716	0.000766214	-2.03552	1.88647	4.80318	0.00385447	0.00725716	0.000532093	
-2.0916	1.87222	4.86343	0.00387356	0.00719022	0.000763251	-2.03583	1.85686	4.81919	0.00387356	0.00719022	0.000530036	
-2.08348	1.8407	4.87945	0.00389341	0.00712293	0.000760328	-2.03149	1.82719	4.83502	0.00389341	0.00712293	0.000528005	
-2.08203	1.8136	4.89356	0.00391398	0.00705517	0.000757442	-2.02914	1.79769	4.84992	0.00391398	0.00705517	0.000526001	
-2.07435	1.77957	4.90975	0.00393524	0.00698715	0.000754593	-2.02452	1.76715	4.86499	0.00393524	0.00698715	0.000524023	
-2.06994	1.76039	4.92238	0.00395715	0.00691871	0.000751782	-2.01982	1.73973	4.8799	0.00395715	0.00691871	0.000522071	
-2.05963	1.72626	4.93887	0.00397969	0.00685021	0.000749007	-2.01368	1.70946	4.89516	0.00397969	0.00685021	0.000520143	
-2.05781	1.70359	4.95197	0.00400281	0.00678132	0.000746267	-2.00972	1.68111	4.91008	0.00400281	0.00678132	0.000518241	
-2.0471	1.68211	4.96575	0.0040265	0.00671239	0.000743563	-2.00183	1.65389	4.92517	0.0040265	0.00671239	0.000516363	
-2.04767	1.65952	4.97835	0.00405071	0.00664337	0.000740893	-1.99814	1.62529	4.93961	0.00405071	0.00664337	0.000514509	
-2.04224	1.63427	4.99275	0.00407545	0.00657441	0.000738256	-1.9923	1.59718	4.95571	0.00407545	0.00657441	0.000512678	
-2.02887	1.59609	5.01049	0.00410064	0.00650536	0.000735653	-1.98409	1.56647	4.97143	0.00410064	0.00650536	0.00051087	
-2.01832	1.57405	5.02392	0.00412621	0.00643598	0.000733084	-1.97499	1.539	4.98541	0.00412621	0.00643598	0.000509086	
-2.0082	1.54813	5.03818	0.00415219	0.00636667	0.000730546	-1.96621	1.51066	4.99964	0.00415219	0.00636667	0.000507324	
-2.00365	1.51849	5.05314	0.00417854	0.00629738	0.000728041	-1.96001	1.48141	5.01542	0.00417854	0.00629738	0.000505584	
-1.98692	1.49064	5.06874	0.00420519	0.00622809	0.000725566	-1.94841	1.4535	5.03019	0.00420519	0.00622809	0.000503866	
-1.96695	1.46112	5.08563	0.00423213	0.00615879	0.000723123	-1.93577	1.426	5.04641	0.00423213	0.00615879	0.000502169	
-1.95477	1.42286	5.103	0.00425927	0.0060894	0.000720711	-1.92663	1.3952	5.06194	0.00425927	0.0060894	0.000500494	
-1.95135	1.39831	5.11612	0.00428658	0.00601993	0.000718329	-1.91903	1.36692	5.07631	0.00428658	0.00601993	0.00049884	
-1.93681	1.37229	5.13095	0.00431411	0.00595074	0.000715977	-1.90705	1.33946	5.09076	0.00431411	0.00595074	0.000497206	
-1.92601	1.34166	5.14641	0.00434178	0.00588173	0.000713655	-1.89689	1.3106	5.10585	0.00434178	0.00588173	0.000495594	
-1.90821	1.30827	5.16331	0.00436955	0.00581289	0.000711361	-1.88413	1.28176	5.12101	0.00436955	0.00581289	0.000494001	
-1.89837	1.27929	5.17861	0.00439736	0.00574414	0.000709097	-1.87389	1.25365	5.13699	0.00439736	0.00574414	0.000492428	
-1.89351	1.26684	5.18967	0.0044252	0.00567564	0.00070686	-1.86323	1.22957	5.15174	0.0044252	0.00567564	0.000490875	
-1.8743	1.23323	5.20706	0.00445316	0.0056077	0.000704652	-1.84944	1.20127	5.16769	0.00445316	0.0056077	0.000489342	
-1.85766	1.20882	5.22191	0.00448103	0.00553992	0.000702471	-1.8351	1.17513	5.18239	0.00448103	0.00553992	0.000487827	
-1.83582	1.17559	5.23934	0.00450885	0.00547251	0.000700317	-1.81971	1.14717	5.19772	0.00450885	0.00547251	0.000486331	
-1.81761	1.14758	5.25518	0.00453651	0.00540534	0.00069819	-1.80483	1.12039	5.2128	0.00453651	0.00540534	0.000484854	
-1.81001	1.11961	5.26944	0.00456404	0.00533853	0.000696089	-1.79363	1.09255	5.22794	0.00456404	0.00533853	0.000483395	
-1.7944	1.09186	5.28469	0.00459143	0.00527223	0.000694014	-1.77914	1.06566	5.24269	0.00459143	0.00527223	0.000481955	
-1.78137	1.06661	5.29905	0.00461863	0.00520639	0.000691966	-1.76506	1.03934	5.25733	0.00461863	0.00520639	0.000480532	
-1.76804	1.05169	5.31207	0.00464565	0.0051411	0.000689942	-1.74974	1.0168	5.27294	0.00464565	0.0051411	0.000479127	
-1.75857	1.02646	5.32632	0.00467249	0.00507645	0.000687944	-1.73679	0.990707	5.28888	0.00467249	0.00507645	0.000477739	
-1.74245	1.01032	5.33964	0.00469909	0.00501241	0.00068597	-1.71986	0.968201	5.30361	0.00469909	0.00501241	0.000476368	
-1.7202	0.989772	5.3542	0.00472545	0.00494903	0.00068402	-1.70067	0.94473	5.31707	0.00472545	0.00494903	0.000475014	
-1.70911	0.97177	5.36669	0.0047515	0.00488629	0.000682093	-1.68509	0.921123	5.33102	0.0047515	0.00488629	0.000473676	
-1.68936	0.95345	5.38085	0.0047773	0.0048243	0.00068019	-1.66641	0.898676	5.34544	0.0047773	0.0048243	0.000472354	
-1.67984	0.934303	5.39329	0.00480276	0.00476301	0.000678309	-1.65111	0.87486	5.35957	0.00480276	0.00476301	0.000471048	
-1.65689	0.909552	5.40965	0.00482791	0.00470251	0.000676451	-1.63215	0.851255	5.37575	0.00482791	0.00470251	0.000469758	
-1.63589	0.875662	5.42655	0.00485258	0.00464265	0.000674615	-1.61432	0.823966	5.39069	0.00485258	0.00464265	0.000468483	
-1.61322	0.855806	5.44187	0.00487672	0.00458344	0.000672801	-1.59434	0.80218	5.40626	0.00487672	0.00458344	0.000467223	
-1.60575	0.839542	5.45376	0.00490036	0.00452497	0.000671009	-1.57875	0.780039	5.42127	0.00490036	0.00452497	0.000465978	
-1.58692	0.82476	5.46731	0.00492363	0.0044674	0.000669238	-1.55881	0.75984	5.43591	0.00492363	0.0044674	0.000464748	
-1.57547	0.810642	5.48015	0.00494643	0.00441069	0.000667487	-1.54164	0.739699	5.45242	0.00494643	0.00441069	0.000463533	
-1.56166	0.796442	5.49228	0.00496878	0.00435487	0.000665757	-1.52253	0.719345	5.46594	0.00496878	0.00435487	0.000462331	
-1.53774	0.776502	5.50762	0.00499069	0.00429999	0.000664047	-1.50098	0.698432	5.48097	0.00499069	0.00429999	0.000461144	
-1.51939	0.753907	5.52172	0.00501199	0.00424595	0.000662356	-1.48093	0.675723	5.49459	0.00501199	0.00424595	0.00045997	
-1.49666	0.731162	5.53735	0.00503271	0.00419281	0.000660685	-1.45987	0.653963	5.51006	0.00503271	0.00419281	0.000458809	
-1.47288	0.708429	5.55313	0.00505276	0.00414054	0.000659033	-1.43826	0.632457	5.52548	0.00505276	0.00414054	0.000457662	
-1.45474	0.694579	5.56694	0.00507211	0.00408916	0.0006574	-1.41755	0.614178	5.54147	0.00507211	0.00408916	0.000456528	
-1.43013	0.676812	5.58131	0.00509084	0.00403875	0.000655786	-1.39398	0.594609	5.55445	0.00509084	0.00403875	0.000455407	
-1.42189	0.660551	5.59299	0.00510891	0.00398931	0.00065419	-1.37595	0.574478	5.56926	0.00510891	0.00398931	0.000454298	
-1.39918	0.640043	5.60854	0.00512642	0.00394093	0.000652611	-1.35402	0.554575	5.5855	0.00512642	0.00394093	0.000453202	
-1.37208	0.620672	5.62499	0.00514317	0.00389351	0.000651051	-1.33057	0.535852	5.60221	0.00514317	0.00389351	0.000452119	
-1.34639	0.604557	5.64077	0.00515908	0.00384705	0.000649508	-1.30705	0.518531	5.6189	0.00515908	0.00384705	0.000451047	
-1.31752	0.578031	5.65755	0.00517418	0.00380159	0.000647982	-1.2827	0.496956	5.63362	0.00517418	0.00380159	0.000449988	
-1.29553	0.56206	5.672	0.00518838	0.00375713	0.000646474	-1.25951	0.479436	5.64887	0.00518838	0.00375713	0.00044894	
-1.27709	0.552717	5.68538	0.0052018	0.00371373	0.000644982	-1.23694	0.464794	5.66499	0.0052018	0.00371373	0.000447904	
-1.2406	0.533797	5.70298	0.0052145	0.00367143	0.000643507	-1.20915	0.44772	5.68	0.0052145	0.00367143	0.00044688	
-1.22412	0.516438	5.71629	0.0052262	0.00363015	0.000642049	-1.18719	0.429663	5.69502	0.0052262	0.00363015	0.000445867	
-1.19689	0.504501	5.73151	0.00523715	0.00359001	0.000640606	-1.16154	0.415247	5.71059	0.00523715	0.00359001	0.000444865	
-1.17118	0.489154	5.74656	0.00524723	0.00355096	0.00063918	-1.13634	0.399326	5.72573	0.00524723	0.00355096	0.000443875	
-1.12531	0.461886	5.76669	0.00525642	0.00351302	0.000637769	-1.10577	0.379845	5.74039	0.00525642	0.00351302	0.000442895	
-1.09078	0.448906	5.78286	0.00526441	0.00347613	0.000636375	-1.07699	0.365809	5.75415	0.00526441	0.00347613	0.000441927	
-1.05698	0.428037	5.79994	0.00527143	0.00344038	0.000634996	-1.04937	0.348414	5.76909	0.00527143	0.00344038	0.000440969	
-1.03559	0.418459	5.8134	0.0052774	0.00340575	0.000633632	-1.02437	0.335362	5.78386	0.0052774	0.00340575	0.000440022	
-1.02092	0.405342	5.82551	0.00528255	0.0033723	0.000632284	-1.00134	0.320371	5.79821	0.00528255	0.0033723	0.000439086	
-0.992574	0.387302	5.84054	0.00528696	0.00334005	0.00063095	-0.974163	0.304201	5.81161	0.00528696	0.00334005	0.00043816	
-0.964194	0.374847	5.85631	0.00529043	0.00330897	0.000629632	-0.947559	0.291121	5.82799	0.00529043	0.00330897	0.000437244	
-0.930941	0.363606	5.87226	0.00529292	0.00327907	0.000628327	-0.918568	0.278927	5.8423	0.00529292	0.00327907	0.000436338	
-0.902382	0.354036	5.88759	0.00529439	0.00325033	0.000627037	-0.891224	0.267526	5.85795	0.00529439	0.00325033	0.000435443	
-0.881387	0.342434	5.90137	0.0052949	0.00322278	0.000625762	-0.866099	0.254926	5.87363	0.0052949	0.00322278	0.000434557	
-0.856561	0.325947	5.91622	0.00529453	0.00319643	0.0006245	-0.839997	0.240448	5.88924	0.00529453	0.00319643	0.00043368	
-0.824388	0.314584	5.93235	0.00529321	0.00317127	0.000623252	-0.811319	0.229037	5.90473	0.00529321	0.00317127	0.000432814	
-0.791973	0.30636	5.948	0.00529086	0.0031473	0.000622017	-0.78194	0.219268	5.91923	0.00529086	0.0031473	0.000431956	
-0.772812	0.295207	5.96119	0.0052875	0.00312452	0.000620796	-0.756799	0.207692	5.93473	0.0052875	0.00312452	0.000431108	
-0.73795	0.283995	5.97783	0.0052833	0.00310294	0.000619588	-0.726992	0.197049	5.95009	0.0052833	0.00310294	0.000430269	
-0.708517	0.274095	5.99317	0.00527803	0.00308254	0.000618392	-0.698585	0.186994	5.96545	0.00527803	0.00308254	0.000429439	
-0.674854	0.261007	6.00899	0.00527177	0.00306334	0.00061721	-0.668431	0.175648	5.97932	0.00527177	0.00306334	0.000428618	
-0.649663	0.258303	6.02205	0.0052645	0.00304532	0.000616041	-0.639749	0.169232	5.99184	0.0052645	0.00304532	0.000427806	
-0.61959	0.246962	6.03757	0.00525641	0.00302849	0.000614883	-0.61101	0.159016	6.00734	0.00525641	0.00302849	0.000427002	
-0.589983	0.234246	6.05292	0.00524733	0.00301284	0.000613738	-0.582266	0.148293	6.02263	0.00524733	0.00301284	0.000426207	
-0.557027	0.231419	6.06828	0.00523728	0.00299836	0.000612606	-0.551712	0.142769	6.03658	0.00523728	0.00299836	0.000425421	
-0.533382	0.222083	6.08197	0.00522626	0.00298506	0.000611485	-0.524238	0.133971	6.05138	0.00522626	0.00298506	0.000424642	
-0.500325	0.216599	6.09793	0.00521439	0.00297291	0.000610375	-0.494133	0.127547	6.06678	0.00521439	0.00297291	0.000423872	
-0.468425	0.208795	6.11366	0.00520153	0.00296193	0.000609278	-0.46434	0.12013	6.08222	0.00520153	0.00296193	0.00042311	
-0.431475	0.206688	6.13038	0.00518769	0.00295208	0.000608192	-0.43285	0.115865	6.09742	0.00518769	0.00295208	0.000422355	
-0.398999	0.200168	6.14587	0.00517282	0.00294338	0.000607117	-0.402401	0.109489	6.11202	0.00517282	0.00294338	0.000421609	
-0.366751	0.194487	6.16147	0.00515701	0.0029358	0.000606053	-0.372137	0.103725	6.12712	0.00515701	0.0029358	0.00042087	
-0.341447	0.195812	6.17566	0.00514026	0.00292935	0.000605	-0.343973	0.10173	6.14263	0.00514026	0.00292935	0.000420139	
-0.312067	0.1959	6.19053	0.00512269	0.00292399	0.000603959	-0.314355	0.0993662	6.15752	0.00512269	0.00292399	0.000419416	
-0.27461	0.194154	6.20724	0.00510425	0.00291974	0.000602927	-0.282346	0.09624	6.17249	0.00510425	0.00291974	0.0004187	
-0.251351	0.188813	6.22035	0.00508483	0.00291656	0.000601907	-0.254116	0.0915797	6.18662	0.00508483	0.00291656	0.000417991	
-0.222287	0.184887	6.23486	0.0050647	0.00291446	0.000600897	-0.224234	0.0878141	6.20097	0.0050647	0.00291446	0.000417289	
-0.189626	0.184233	6.24991	0.00504376	0.0029134	0.000599896	-0.192971	0.0859172	6.21446	0.00504376	0.0029134	0.000416595	
-0.158134	0.18276	6.26499	0.005022	0.00291339	0.000598906	-0.162333	0.0837589	6.22883	0.005022	0.00291339	0.000415907	
-0.128011	0.186326	6.27983	0.00499943	0.0029144	0.000597926	-0.132132	0.0844326	6.24307	0.00499943	0.0029144	0.000415227	
-0.105732	0.189937	6.29293	0.00497607	0.00291642	0.000596956	-0.104292	0.0855397	6.25732	0.00497607	0.00291642	0.000414553	
-0.0730508	0.191068	6.30843	0.00495207	0.00291942	0.000595995	-0.0733926	0.0852943	6.27201	0.00495207	0.00291942	0.000413885	
-0.0486914	0.193244	6.3221	0.00492727	0.0029234	0.000595043	-0.0450367	0.0860577	6.28669	0.00492727	0.0029234	0.000413224	
-0.0183114	0.1979	6.3377	0.00490182	0.00292833	0.000594101	-0.0153999	0.0880424	6.2727	0.00490182	0.00292833	0.00041257	
0.0132024	0.199228	6.3231	0.0048756	0.0029342	0.000593167	0.0150293	0.0876634	6.2579	0.0048756	0.0029342	0.000411922	
0.0421861	0.199682	6.30792	0.0048506	0.00294101	0.000592241	0.0446595	0.0867172	6.24316	0.0048506	0.00294101	0.000411279	
0.0774713	0.20016	6.29424	0.00482681	0.00294874	0.000591322	0.0761445	0.0852706	6.22865	0.00482681	0.00294874	0.00041064	
0.10372	0.198049	6.27783	0.00480413	0.00295738	0.000590408	0.105472	0.0828496	6.21249	0.00480413	0.00295738	0.000410005	
0.135868	0.198275	6.26326	0.00478269	0.00296691	0.000589498	0.136116	0.0810076	6.19737	0.00478269	0.00296691	0.000409374	
0.176038	0.196831	6.25043	0.00476237	0.00297731	0.000588591	0.169302	0.0776124	6.18244	0.00476237	0.00297731	0.000408744	
0.207674	0.197189	6.236	0.00474302	0.00298857	0.000587685	0.1995	0.0753313	6.16781	0.00474302	0.00298857	0.000408115	
0.23403	0.189577	6.21971	0.00472473	0.00300067	0.00058678	0.228607	0.069147	6.15262	0.00472473	0.00300067	0.000407486	
0.266974	0.190769	6.20567	0.0047076	0.00301357	0.000585875	0.259047	0.0667763	6.13792	0.0047076	0.00301357	0.000406858	
0.293636	0.184966	6.18964	0.00469145	0.00302728	0.000584969	0.287982	0.0610969	6.12277	0.00469145	0.00302728	0.000406228	
0.322285	0.182646	6.17433	0.00467641	0.00304176	0.00058406	0.317261	0.0568582	6.10755	0.00467641	0.00304176	0.000405597	
0.35166	0.181936	6.15956	0.00466239	0.00305698	0.000583147	0.346351	0.0530858	6.09293	0.00466239	0.00305698	0.000404963	
0.379797	0.175722	6.14412	0.00464936	0.00307294	0.00058223	0.375357	0.04642	6.07828	0.00464936	0.00307294	0.000404327	
0.40847	0.172012	6.12887	0.00463734	0.0030896	0.000581308	0.40443	0.040853	6.0631	0.00463734	0.0030896	0.000403686	
0.432795	0.167105	6.11271	0.00462629	0.00310694	0.00058038	0.431968	0.034803	6.04807	0.00462629	0.00310694	0.000403042	
0.463836	0.161687	6.09789	0.00461626	0.00312492	0.000579444	0.461763	0.0277659	6.03285	0.00461626	0.00312492	0.000402392	
0.496748	0.157789	6.08377	0.00460715	0.00314354	0.000578501	0.491835	0.0210398	6.01795	0.00460715	0.00314354	0.000401737	
0.535479	0.150811	6.07039	0.0045989	0.00316276	0.000577549	0.524255	0.0121079	6.00247	0.0045989	0.00316276	0.000401076	
0.568485	0.144269	6.05611	0.00459146	0.00318257	0.000576588	0.55439	0.00356469	5.9875	0.00459146	0.00318257	0.000400408	
0.593618	0.133986	6.03959	0.00458488	0.00320293	0.000575616	0.582347	-0.00615584	5.97161	0.00458488	0.00320293	0.000399733	
0.610431	0.117705	6.02105	0.00457926	0.0032238	0.000574634	0.607657	-0.0183258	5.95632	0.00457926	0.0032238	0.000399051	
0.633451	0.111732	6.00513	0.00457471	0.00324513	0.00057364	0.633742	-0.026307	5.94159	0.00457471	0.00324513	0.000398361	
0.671367	0.110535	5.99291	0.00457108	0.00326692	0.000572634	0.664251	-0.0337534	5.92723	0.00457108	0.00326692	0.000397663	
0.691788	0.0962729	5.97559	0.00456812	0.00328916	0.000571616	0.690104	-0.0458499	5.91215	0.00456812	0.00328916	0.000396955	
0.722657	0.0876744	5.96092	0.00456613	0.00331177	0.000570583	0.718987	-0.0564246	5.89666	0.00456613	0.00331177	0.000396239	
0.748685	0.0778021	5.94524	0.00456494	0.00333476	0.000569538	0.746119	-0.0673342	5.88122	0.00456494	0.00333476	0.000395512	
0.774262	0.0646129	5.92981	0.00456461	0.00335808	0.000568477	0.772663	-0.0803881	5.86771	0.00456461	0.00335808	0.000394776	
0.802419	0.0569908	5.91538	0.0045651	0.0033817	0.000567402	0.799568	-0.0910953	5.85347	0.0045651	0.0033817	0.000394029	
0.8293	0.0435422	5.90026	0.00456634	0.0034056	0.000566311	0.826353	-0.104768	5.83978	0.00456634	0.0034056	0.000393272	
0.858997	0.0330331	5.88567	0.00456838	0.00342974	0.000565205	0.854075	-0.117283	5.82472	0.00456838	0.00342974	0.000392504	
0.888019	0.0222782	5.87111	0.00457117	0.0034541	0.000564083	0.881304	-0.130134	5.80996	0.00457117	0.0034541	0.000391724	
0.919549	0.0138889	5.85754	0.00457471	0.00347865	0.000562944	0.908815	-0.142498	5.79566	0.00457471	0.00347865	0.000390933	
0.952595	0.00681129	5.84443	0.00457892	0.00350336	0.000561788	0.936592	-0.154627	5.78115	0.00457892	0.00350336	0.000390131	
0.98528	-0.00195644	5.83107	0.00458378	0.00352822	0.000560616	0.964309	-0.167723	5.76649	0.00458378	0.00352822	0.000389316	
1.01043	-0.0178074	5.81563	0.00458929	0.0035532	0.000559426	0.989863	-0.183516	5.75236	0.00458929	0.0035532	0.00038849	
1.03714	-0.0316361	5.80026	0.00459556	0.00357823	0.000558218	1.0161	-0.198364	5.73637	0.00459556	0.00357823	0.000387652	
1.06007	-0.047389	5.78468	0.00460259	0.00360327	0.000556993	1.04034	-0.214308	5.7225	0.00460259	0.00360327	0.000386801	
1.0825	-0.0642405	5.76853	0.00461036	0.00362828	0.00055575	1.06479	-0.230564	5.7072	0.00461036	0.00362828	0.000385938	
1.10233	-0.081134	5.75204	0.00461891	0.00365323	0.000554489	1.08803	-0.246729	5.69206	0.00461891	0.00365323	0.000385062	
1.12346	-0.0974617	5.7358	0.00462824	0.00367807	0.000553209	1.11162	-0.262885	5.67633	0.00462824	0.00367807	0.000384173	
1.155	-0.112428	5.72163	0.00463834	0.00370276	0.000551911	1.1387	-0.280033	5.66025	0.00463834	0.00370276	0.000383272	
1.18108	-0.135069	5.70576	0.00464908	0.00372733	0.000550595	1.1644	-0.300363	5.64497	0.00464908	0.00372733	0.000382358	
1.20225	-0.155857	5.68931	0.00466054	0.0037517	0.00054926	1.18786	-0.319308	5.62949	0.00466054	0.0037517	0.000381431	
1.22563	-0.168754	5.67465	0.00467276	0.00377583	0.000547906	1.2105	-0.335376	5.6148	0.00467276	0.00377583	0.000380491	
1.24777	-0.190901	5.65814	0.00468562	0.00379973	0.000546534	1.23431	-0.355302	5.59845	0.00468562	0.00379973	0.000379538	
1.26933	-0.208231	5.64217	0.00469922	0.00382331	0.000545144	1.25704	-0.373096	5.58168	0.00469922	0.00382331	0.000378572	
1.29375	-0.218611	5.62822	0.00471352	0.00384656	0.000543734	1.27903	-0.3888	5.56651	0.00471352	0.00384656	0.000377593	
1.31933	-0.234602	5.61389	0.0047284	0.00386951	0.000542307	1.30195	-0.407525	5.55168	0.0047284	0.00386951	0.000376602	
1.35614	-0.242687	5.60281	0.00474389	0.00389213	0.00054086	1.32741	-0.424752	5.53726	0.00474389	0.00389213	0.000375598	
1.38237	-0.263474	5.58789	0.00475981	0.00391447	0.000539396	1.35104	-0.446008	5.52168	0.00475981	0.00391447	0.000374581	
1.41161	-0.281519	5.57429	0.00477634	0.00393641	0.000537914	1.37474	-0.467028	5.50733	0.00477634	0.00393641	0.000373551	
1.43431	-0.300788	5.55916	0.00479342	0.00395795	0.000536414	1.39631	-0.487493	5.49178	0.00479342	0.00395795	0.000372509	
1.45222	-0.32609	5.54275	0.00481111	0.00397903	0.000534896	1.41649	-0.510359	5.47734	0.00481111	0.00397903	0.000371455	
1.46187	-0.352949	5.52428	0.00482945	0.00399957	0.00053336	1.43424	-0.532278	5.46078	0.00482945	0.00399957	0.000370389	
1.49031	-0.373496	5.51052	0.00484855	0.00401946	0.000531807	1.45705	-0.555117	5.44616	0.00484855	0.00401946	0.000369311	
1.50922	-0.395694	5.49487	0.00486816	0.00403885	0.000530237	1.47649	-0.577229	5.43107	0.00486816	0.00403885	0.00036822	
1.53612	-0.41168	5.48166	0.00488836	0.00405766	0.000528651	1.49744	-0.598215	5.41642	0.00488836	0.00405766	0.000367118	
1.54509	-0.43449	5.46414	0.00490904	0.00407593	0.000527047	1.51313	-0.619045	5.40011	0.00490904	0.00407593	0.000366005	
1.56727	-0.455428	5.44924	0.00493038	0.0040935	0.000525428	1.53305	-0.641498	5.38384	0.00493038	0.0040935	0.00036488	
1.58416	-0.478281	5.4339	0.00495224	0.00411044	0.000523792	1.55033	-0.66471	5.3701	0.00495224	0.00411044	0.000363745	
1.60299	-0.502236	5.41815	0.00497465	0.00412671	0.000522141	1.56906	-0.688265	5.35352	0.00497465	0.00412671	0.000362598	
1.62332	-0.522466	5.40366	0.0049976	0.00414227	0.000520475	1.58691	-0.711032	5.3386	0.0049976	0.00414227	0.000361441	
1.64087	-0.549267	5.38786	0.00502102	0.00415715	0.000518794	1.60466	-0.736382	5.32349	0.00502102	0.00415715	0.000360273	
1.65866	-0.576296	5.37217	0.00504498	0.00417129	0.000517098	1.62225	-0.762067	5.30837	0.00504498	0.00417129	0.000359096	
1.6793	-0.594829	5.35808	0.00506943	0.00418468	0.000515388	1.63925	-0.784558	5.2927	0.00506943	0.00418468	0.000357908	
1.69793	-0.619962	5.34285	0.00509432	0.00419735	0.000513664	1.6564	-0.80981	5.27697	0.00509432	0.00419735	0.000356711	
1.71629	-0.64329	5.32819	0.00511967	0.00420926	0.000511927	1.67246	-0.834699	5.2625	0.00511967	0.00420926	0.000355505	
1.73923	-0.663561	5.31473	0.00514545	0.00422041	0.000510177	1.68944	-0.859168	5.24775	0.00514545	0.00422041	0.00035429	
1.75569	-0.68433	5.30025	0.0051716	0.00423084	0.000508415	1.70382	-0.8829	5.23314	0.0051716	0.00423084	0.000353066	
1.77031	-0.71754	5.28371	0.00519815	0.0042405	0.00050664	1.71972	-0.911819	5.21771	0.00519815	0.0042405	0.000351833	
1.78037	-0.748042	5.26679	0.00522515	0.00424928	0.000504854	1.73332	-0.938777	5.20179	0.00522515	0.00424928	0.000350593	
1.7976	-0.772194	5.25218	0.00525262	0.00425716	0.000503057	1.74779	-0.96461	5.18674	0.00525262	0.00425716	0.000349345	
1.80982	-0.805493	5.23559	0.00528045	0.00426422	0.000501249	1.76191	-0.993718	5.17144	0.00528045	0.00426422	0.000348089	
1.81989	-0.83684	5.21899	0.0053087	0.00427038	0.000499431	1.77462	-1.02172	5.15606	0.0053087	0.00427038	0.000346827	
1.83261	-0.863925	5.20362	0.00533734	0.00427561	0.000497603	1.78702	-1.04862	5.14129	0.00533734	0.00427561	0.000345557	
1.85051	-0.888301	5.18967	0.00536633	0.00427999	0.000495765	1.80029	-1.07557	5.12715	0.00536633	0.00427999	0.000344282	
1.87496	-0.905897	5.17756	0.0053956	0.00428356	0.00049392	1.81458	-1.10067	5.11209	0.0053956	0.00428356	0.000343	
1.88636	-0.939086	5.16114	0.00542508	0.00428642	0.000492065	1.82718	-1.13021	5.09584	0.00542508	0.00428642	0.000341712	
1.90134	-0.96068	5.1472	0.00545489	0.00428835	0.000490203	1.83809	-1.15572	5.08113	0.00545489	0.00428835	0.000340419	
1.91409	-0.98865	5.13222	0.00548494	0.00428948	0.000488334	1.84905	-1.18388	5.06665	0.00548494	0.00428948	0.000339121	
1.92396	-1.01653	5.11707	0.00551525	0.00428974	0.000486458	1.85843	-1.2118	5.05315	0.00551525	0.00428974	0.000337818	
1.93251	-1.04489	5.10157	0.0055458	0.00428915	0.000484575	1.86739	-1.23965	5.03883	0.0055458	0.00428915	0.000336511	
1.94197	-1.07315	5.08619	0.00557659	0.00428767	0.000482687	1.87653	-1.26763	5.02387	0.00557659	0.00428767	0.000335199	
1.96093	-1.0967	5.07287	0.0056076	0.00428531	0.000480794	1.88799	-1.29527	5.00809	0.0056076	0.00428531	0.000333884	
1.97185	-1.12713	5.05747	0.00563875	0.0042822	0.000478895	1.89765	-1.32464	4.99227	0.00563875	0.0042822	0.000332566	
1.98278	-1.15781	5.04231	0.00567009	0.00427821	0.000476993	1.90679	-1.35447	4.97738	0.00567009	0.00427821	0.000331245	
1.99392	-1.18589	5.02772	0.0057016	0.00427337	0.000475086	1.91497	-1.38343	4.96323	0.0057016	0.00427337	0.000329921	
2.00933	-1.20894	5.01431	0.00573323	0.00426772	0.000473176	1.92365	-1.4108	4.94798	0.00573323	0.00426772	0.000328595	
2.01427	-1.23757	4.99867	0.00576496	0.00426132	0.000471264	1.92942	-1.43888	4.933	0.00576496	0.00426132	0.000327266	
2.02197	-1.26975	4.98322	0.0057968	0.00425407	0.000469349	1.93641	-1.46936	4.91845	0.0057968	0.00425407	0.000325937	
2.02254	-1.30772	4.96583	0.00582875	0.00424597	0.000467432	1.94211	-1.50106	4.90285	0.00582875	0.00424597	0.000324605	
2.0307	-1.33744	4.95087	0.00586081	0.00423696	0.000465513	1.94823	-1.53069	4.88799	0.00586081	0.00423696	0.000323273	
2.03101	-1.37414	4.9338	0.00589293	0.00422715	0.000463594	1.95297	-1.56203	4.87241	0.00589293	0.00422715	0.000321941	
2.02844	-1.41226	4.91631	0.00592511	0.00421645	0.000461675	1.95654	-1.59374	4.85748	0.00592511	0.00421645	0.000320608	
2.04513	-1.43793	4.90336	0.00595735	0.00420485	0.000459756	1.96393	-1.62341	4.84205	0.00595735	0.00420485	0.000319275	
2.05095	-1.46525	4.88854	0.00598956	0.0041926	0.000457837	1.96766	-1.6518	4.82665	0.00598956	0.0041926	0.000317942	
2.06373	-1.49124	4.87503	0.00602174	0.00417962	0.000455919	1.97318	-1.68101	4.81102	0.00602174	0.00417962	0.00031661	
2.07328	-1.51877	4.86081	0.00605387	0.00416598	0.000454003	1.97772	-1.7103	4.79488	0.00605387	0.00416598	0.00031528	
2.07681	-1.55026	4.84536	0.00608594	0.00415167	0.000452089	1.98057	-1.74049	4.7793	0.00608594	0.00415167	0.00031395	
2.07675	-1.58892	4.82878	0.00611793	0.00413663	0.000450176	1.98311	-1.77371	4.76464	0.00611793	0.00413663	0.000312623	
2.09638	-1.60878	4.81755	0.00614986	0.00412082	0.000448267	1.98793	-1.80189	4.75026	0.00614986	0.00412082	0.000311297	
2.10581	-1.63821	4.80365	0.00618164	0.00410454	0.000446361	1.99111	-1.83268	4.73558	0.00618164	0.00410454	0.000309973	
2.10451	-1.66958	4.78784	0.00621329	0.00408765	0.000444459	1.99098	-1.86231	4.72062	0.00621329	0.00408765	0.000308652	
2.11161	-1.6929	4.77425	0.00624481	0.00407009	0.00044256	1.99173	-1.88968	4.70532	0.00624481	0.00407009	0.000307333	
2.119	-1.71638	4.76116	0.00627616	0.00405197	0.000440666	1.99162	-1.91765	4.69245	0.00627616	0.00405197	0.000306018	
2.12266	-1.74418	4.74683	0.00630732	0.00403335	0.000438777	1.99134	-1.94679	4.67801	0.00630732	0.00403335	0.000304706	
2.13156	-1.77004	4.73355	0.0063383	0.00401416	0.000436892	1.99211	-1.97603	4.66331	0.0063383	0.00401416	0.000303397	
2.13159	-1.79662	4.71894	0.00636906	0.00399449	0.000435013	1.98975	-2.004	4.64921	0.00636906	0.00399449	0.000302093	
2.132	-1.82838	4.70391	0.0063996	0.00397429	0.00043314	1.98831	-2.03466	4.63491	0.0063996	0.00397429	0.000300792	
2.1345	-1.86047	4.6889	0.00642989	0.00395355	0.000431273	1.98788	-2.06562	4.61845	0.00642989	0.00395355	0.000299495	
2.12735	-1.89456	4.67248	0.00645993	0.00393229	0.000429413	1.98407	-2.09601	4.60363	0.00645993	0.00393229	0.000298203	
2.12435	-1.92518	4.65696	0.00648969	0.00391048	0.000427559	1.98089	-2.12534	4.58763	0.00648969	0.00391048	0.000296916	
2.11007	-1.9587	4.63957	0.00651915	0.00388817	0.000425713	1.97425	-2.15413	4.57255	0.00651915	0.00388817	0.000295634	
2.11049	-1.98004	4.62592	0.00654829	0.00386529	0.000423874	1.96918	-2.17976	4.55836	0.00654829	0.00386529	0.000294357	
2.10172	-2.01377	4.60963	0.00657711	0.00384205	0.000422044	1.96356	-2.20995	4.54385	0.00657711	0.00384205	0.000293086	
2.09666	-2.04475	4.5943	0.00660557	0.00381835	0.000420221	1.95821	-2.23952	4.52946	0.00660557	0.00381835	0.00029182	
2.10173	-2.06656	4.58146	0.00663366	0.00379424	0.000418407	1.95389	-2.26629	4.51482	0.00663366	0.00379424	0.000290561	
2.09397	-2.09629	4.56579	0.0066614	0.00376986	0.000416602	1.94717	-2.29461	4.49955	0.0066614	0.00376986	0.000289307	
2.10084	-2.12419	4.5529	0.00668873	0.00374511	0.000414806	1.9438	-2.325	4.48543	0.00668873	0.00374511	0.00028806	
2.08899	-2.15683	4.53649	0.00671568	0.00372013	0.00041302	1.9358	-2.35415	4.47045	0.00671568	0.00372013	0.000286819	
2.06906	-2.19245	4.51851	0.00674219	0.00369478	0.000411243	1.92587	-2.38334	4.45499	0.00674219	0.00369478	0.000285585	
2.05598	-2.22795	4.50165	0.00676822	0.00366903	0.000409476	1.91777	-2.41376	4.439	0.00676822	0.00366903	0.000284358	
2.05788	-2.25459	4.4882	0.00679375	0.00364294	0.000407719	1.91173	-2.44247	4.42402	0.00679375	0.00364294	0.000283138	
2.05453	-2.28437	4.47364	0.00681884	0.00361669	0.000405973	1.90457	-2.47182	4.40868	0.00681884	0.00361669	0.000281926	
2.053	-2.30578	4.46018	0.00684345	0.00359025	0.000404238	1.89593	-2.49703	4.3938	0.00684345	0.00359025	0.000280721	
2.03603	-2.33918	4.44326	0.00686758	0.00356367	0.000402513	1.88496	-2.5258	4.37864	0.00686758	0.00356367	0.000279523	
2.02189	-2.36487	4.42748	0.00689116	0.00353685	0.0004008	1.87309	-2.55093	4.36346	0.00689116	0.00353685	0.000278333	
2.00754	-2.39485	4.41145	0.00691419	0.00350985	0.000399098	1.86157	-2.57843	4.34871	0.00691419	0.00350985	0.000277151	
1.99294	-2.43115	4.39498	0.00693666	0.00348269	0.000397407	1.85088	-2.6094	4.33402	0.00693666	0.00348269	0.000275977	
1.98461	-2.46103	4.38008	0.00695853	0.00345538	0.000395729	1.84048	-2.63799	4.3193	0.00695853	0.00345538	0.000274812	
1.95274	-2.49809	4.36079	0.00697983	0.00342799	0.000394062	1.8248	-2.66626	4.30411	0.00697983	0.00342799	0.000273654	
1.95296	-2.51906	4.34824	0.00700043	0.0034004	0.000392408	1.8143	-2.69157	4.29046	0.00700043	0.0034004	0.000272505	
1.95398	-2.54287	4.33547	0.00702049	0.00337286	0.000390766	1.8046	-2.71841	4.27559	0.00702049	0.00337286	0.000271365	
1.93007	-2.57985	4.31774	0.00704001	0.00334538	0.000389136	1.79027	-2.74819	4.26074	0.00704001	0.00334538	0.000270234	
1.91514	-2.60807	4.30224	0.00705883	0.00331781	0.00038752	1.7764	-2.77471	4.24641	0.00705883	0.00331781	0.000269111	
1.90658	-2.63434	4.28784	0.00707699	0.00329026	0.000385916	1.76388	-2.80112	4.23119	0.00707699	0.00329026	0.000267997	
1.89746	-2.65587	4.27384	0.00709453	0.00326278	0.000384325	1.74991	-2.82476	4.21679	0.00709453	0.00326278	0.000266892	
1.86329	-2.69232	4.25464	0.00711145	0.0032354	0.000382747	1.73198	-2.85252	4.20134	0.00711145	0.0032354	0.000265796	
1.84161	-2.72063	4.23808	0.00712755	0.00320798	0.000381182	1.71571	-2.87777	4.18581	0.00712755	0.00320798	0.00026471	
1.82146	-2.75204	4.22176	0.00714292	0.00318062	0.000379631	1.69989	-2.90515	4.17108	0.00714292	0.00318062	0.000263633	
1.8236	-2.77048	4.20989	0.00715756	0.00315337	0.000378094	1.68754	-2.92864	4.15583	0.00715756	0.00315337	0.000262565	
1.80569	-2.79696	4.19422	0.00717161	0.00312635	0.00037657	1.67121	-2.95336	4.14025	0.00717161	0.00312635	0.000261507	
1.78756	-2.82267	4.17862	0.00718493	0.00309948	0.000375059	1.65443	-2.97756	4.12476	0.00718493	0.00309948	0.000260458	
1.75906	-2.85324	4.16116	0.0071975	0.00307278	0.000373563	1.63543	-3.00297	4.10979	0.0071975	0.00307278	0.000259419	
1.72992	-2.88234	4.14379	0.00720926	0.00304623	0.00037208	1.61572	-3.02747	4.09518	0.00720926	0.00304623	0.000258389	
1.72335	-2.90185	4.13072	0.00722018	0.00301985	0.000370612	1.59995	-3.04981	4.08043	0.00722018	0.00301985	0.000257369	
1.71002	-2.92637	4.11638	0.00723044	0.00299376	0.000369157	1.5829	-3.07402	4.0662	0.00723044	0.00299376	0.000256359	
1.68687	-2.95235	4.10016	0.00723998	0.00296794	0.000367717	1.56387	-3.09741	4.05044	0.00723998	0.00296794	0.000255359	
1.68284	-2.97254	4.08764	0.00724871	0.00294237	0.00036629	1.54806	-3.12026	4.03595	0.00724871	0.00294237	0.000254368	
1.65838	-2.99969	4.07146	0.00725679	0.00291715	0.000364878	1.52803	-3.14417	4.02168	0.00725679	0.00291715	0.000253388	
1.65196	-3.02193	4.05858	0.00726405	0.00289221	0.000363481	1.51139	-3.16773	4.00757	0.00726405	0.00289221	0.000252417	
1.6373	-3.04641	4.04409	0.00727063	0.00286764	0.000362097	1.49325	-3.19125	3.99213	0.00727063	0.00286764	0.000251456	
1.6281	-3.06501	4.03116	0.00727646	0.00284341	0.000360728	1.47466	-3.21204	3.97918	0.00727646	0.00284341	0.000250505	
1.61314	-3.08539	4.01677	0.00728161	0.00281957	0.000359373	1.45568	-3.23278	3.96301	0.00728161	0.00281957	0.000249564	
1.59887	-3.10734	4.00257	0.007286	0.0027961	0.000358032	1.43665	-3.2545	3.94752	0.007286	0.0027961	0.000248633	
1.57813	-3.12968	3.98745	0.00728963	0.00277301	0.000356705	1.41565	-3.27555	3.93303	0.00728963	0.00277301	0.000247712	
1.56436	-3.15	3.97367	0.00729247	0.00275031	0.000355393	1.39573	-3.29621	3.91889	0.00729247	0.00275031	0.0002468	
1.541	-3.17419	3.95806	0.00729457	0.00272802	0.000354094	1.37414	-3.31787	3.90388	0.00729457	0.00272802	0.000245899	
1.53262	-3.19254	3.94518	0.00729584	0.00270614	0.000352811	1.35516	-3.33771	3.88855	0.00729584	0.00270614	0.000245007	
1.52125	-3.21138	3.93177	0.00729641	0.00268471	0.000351541	1.33541	-3.35729	3.87298	0.00729641	0.00268471	0.000244126	
1.498	-3.23265	3.91641	0.00729626	0.00266373	0.000350285	1.31289	-3.37683	3.85798	0.00729626	0.00266373	0.000243254	
1.47447	-3.25656	3.90084	0.00729528	0.00264318	0.000349044	1.29066	-3.39785	3.84213	0.00729528	0.00264318	0.000242392	
1.45001	-3.28152	3.88533	0.00729345	0.00262309	0.000347817	1.26775	-3.41941	3.82767	0.00729345	0.00262309	0.000241539	
1.42434	-3.29965	3.86999	0.00729079	0.00260344	0.000346603	1.24335	-3.43648	3.81414	0.00729079	0.00260344	0.000240697	
1.38829	-3.31994	3.85261	0.00728729	0.00258427	0.000345405	1.21726	-3.45363	3.79866	0.00728729	0.00258427	0.000239864	
1.37391	-3.33703	3.83912	0.00728285	0.00256556	0.00034422	1.19528	-3.47109	3.784	0.00728285	0.00256556	0.000239042	
1.35497	-3.35568	3.82486	0.00727767	0.00254735	0.000343049	1.17228	-3.48892	3.76936	0.00727767	0.00254735	0.000238229	
1.3484	-3.37158	3.81256	0.00727173	0.00252966	0.000341893	1.15204	-3.50606	3.75311	0.00727173	0.00252966	0.000237426	
1.31733	-3.39359	3.79621	0.00726512	0.0025125	0.00034075	1.12644	-3.52448	3.73809	0.00726512	0.0025125	0.000236632	
1.28729	-3.41558	3.7801	0.00725762	0.00249584	0.000339622	1.10086	-3.54293	3.72324	0.00725762	0.00249584	0.000235849	
1.26718	-3.43484	3.76562	0.00724924	0.00247969	0.000338508	1.07734	-3.56046	3.70734	0.00724924	0.00247969	0.000235075	
1.24709	-3.45127	3.75149	0.00724008	0.00246408	0.000337407	1.05285	-3.57606	3.69341	0.00724008	0.00246408	0.00023431	
1.23815	-3.46352	3.7391	0.00723017	0.00244901	0.000336321	1.03078	-3.58978	3.67775	0.00723017	0.00244901	0.000233556	
1.21501	-3.48074	3.72446	0.0072196	0.0024345	0.000335248	1.00554	-3.6053	3.66335	0.0072196	0.0024345	0.000232811	
1.20329	-3.49628	3.71181	0.00720825	0.00242054	0.000334189	0.982473	-3.62055	3.64911	0.00720825	0.00242054	0.000232075	
1.17992	-3.5103	3.69716	0.00719623	0.00240714	0.000333143	0.956804	-3.63368	3.63422	0.00719623	0.00240714	0.00023135	
1.16195	-3.52672	3.68339	0.00718344	0.00239429	0.000332112	0.932443	-3.64864	3.61906	0.00718344	0.00239429	0.000230633	
1.12622	-3.54169	3.6666	0.00716993	0.00238201	0.000331093	0.904151	-3.66117	3.60331	0.00716993	0.00238201	0.000229926	
1.11154	-3.55137	3.65337	0.00715551	0.00237028	0.000330089	0.880007	-3.67164	3.58724	0.00715551	0.00237028	0.000229228	
1.08401	-3.56805	3.63826	0.00714041	0.00235912	0.000329097	0.852874	-3.68561	3.57316	0.00714041	0.00235912	0.00022854	
1.0573	-3.58307	3.62329	0.00712452	0.00234852	0.000328119	0.825771	-3.69844	3.55883	0.00712452	0.00234852	0.000227861	
1.02576	-3.59606	3.60741	0.00710785	0.0023385	0.000327155	0.797663	-3.70953	3.54352	0.00710785	0.0023385	0.000227191	
1.00132	-3.60985	3.59275	0.00709035	0.00232904	0.000326203	0.771025	-3.72144	3.52821	0.00709035	0.00232904	0.00022653	
0.956191	-3.6246	3.5747	0.0070721	0.00232016	0.000325265	0.739789	-3.7327	3.51313	0.0070721	0.00232016	0.000225879	
0.94181	-3.63572	3.56176	0.00705289	0.00231184	0.00032434	0.715052	-3.74313	3.4975	0.00705289	0.00231184	0.000225236	
0.913326	-3.64619	3.54657	0.00703305	0.00230411	0.000323429	0.686941	-3.7522	3.48257	0.00703305	0.00230411	0.000224603	
0.886908	-3.65622	3.53167	0.00701245	0.00229695	0.00032253	0.659336	-3.76095	3.46705	0.00701245	0.00229695	0.000223979	
0.855555	-3.66611	3.51603	0.00699112	0.00229036	0.000321644	0.630467	-3.76924	3.45187	0.00699112	0.00229036	0.000223364	
0.83142	-3.67635	3.50163	0.006969	0.00228435	0.000320771	0.603076	-3.77791	3.43675	0.006969	0.00228435	0.000222758	
0.795019	-3.68891	3.48521	0.00694619	0.00227892	0.000319912	0.573081	-3.78752	3.42142	0.00694619	0.00227892	0.000222161	
0.7644	-3.70191	3.46965	0.00692257	0.00227406	0.000319064	0.54454	-3.79753	3.40508	0.00692257	0.00227406	0.000221573	
0.72063	-3.71517	3.45193	0.0068982	0.00226977	0.00031823	0.513051	-3.80718	3.38868	0.0068982	0.00226977	0.000220993	
0.696508	-3.72253	3.43766	0.00687294	0.00226606	0.000317409	0.485172	-3.8133	3.37383	0.00687294	0.00226606	0.000220423	
0.666085	-3.73489	3.42224	0.00684704	0.00226291	0.0003166	0.456382	-3.82247	3.35747	0.00684704	0.00226291	0.000219861	
0.642059	-3.74359	3.40809	0.00682043	0.00226033	0.000315803	0.428376	-3.82911	3.34281	0.00682043	0.00226033	0.000219308	
0.612558	-3.75294	3.39313	0.0067932	0.00225831	0.000315019	0.398981	-3.83591	3.32864	0.0067932	0.00225831	0.000218764	
0.575406	-3.75982	3.3767	0.0067653	0.00225684	0.000314248	0.36817	-3.8409	3.31315	0.0067653	0.00225684	0.000218228	
0.544337	-3.76994	3.36147	0.00673665	0.00225594	0.000313489	0.338507	-3.84796	3.29827	0.00673665	0.00225594	0.000217701	
0.519178	-3.77912	3.34712	0.00670734	0.00225558	0.000312742	0.310317	-3.85433	3.28258	0.00670734	0.00225558	0.000217182	
0.496621	-3.78538	3.33345	0.00667744	0.00225577	0.000312008	0.282072	-3.85848	3.26902	0.00667744	0.00225577	0.000216672	
0.456964	-3.78609	3.3166	0.006647	0.0022565	0.000311285	0.250386	-3.85888	3.2539	0.006647	0.0022565	0.00021617	
0.413714	-3.78969	3.29916	0.00661582	0.00225776	0.000310575	0.218042	-3.86116	3.23801	0.00661582	0.00225776	0.000215677	
0.382932	-3.79282	3.2837	0.00658389	0.00225956	0.000309877	0.188637	-3.86298	3.22154	0.00658389	0.00225956	0.000215192	
0.361975	-3.80031	3.2704	0.00655133	0.00226188	0.00030919	0.160692	-3.86728	3.20767	0.00655133	0.00226188	0.000214716	
0.32397	-3.80163	3.2538	0.00651831	0.00226471	0.000308516	0.129499	-3.86765	3.1916	0.00651831	0.00226471	0.000214247	
0.291395	-3.80328	3.23806	0.00648462	0.00226805	0.000307853	0.0996522	-3.86808	3.17504	0.00648462	0.00226805	0.000213787	
0.253883	-3.80852	3.22198	0.00645034	0.0022719	0.000307202	0.06796	-3.87065	3.1607	0.00645034	0.0022719	0.000213335	
0.225386	-3.80974	3.20716	0.00641544	0.00227624	0.000306563	0.0386187	-3.87032	3.14567	0.00641544	0.00227624	0.000212891	
0.185612	-3.81105	3.1906	0.00638003	0.00228107	0.000305935	0.00645764	-3.87015	3.13122	0.00638003	0.00228107	0.000212455	
0.146763	-3.81091	3.17407	0.00634401	0.00228637	0.000305319	-0.0252884	-3.86897	3.11609	0.00634401	0.00228637	0.000212027	
0.109773	-3.81622	3.15832	0.0063074	0.00229215	0.000304714	-0.0572077	-3.8711	3.10249	0.0063074	0.00229215	0.000211607	
0.071101	-3.81692	3.14186	0.00627027	0.00229838	0.000304121	-0.0889004	-3.87033	3.08704	0.00627027	0.00229838	0.000211195	
0.0470368	-3.82035	3.128	0.00623257	0.00230507	0.000303539	-0.117345	-3.87061	3.07221	0.00623257	0.00230507	0.000210791	
0.0162369	-3.82005	3.11281	0.00619449	0.0023122	0.000302968	-0.14711	-3.8686	3.05681	0.00619449	0.0023122	0.000210394	
-0.0111391	-3.82323	3.09855	0.00615596	0.00231976	0.000302408	-0.176501	-3.86845	3.04261	0.00615596	0.00231976	0.000210006	
-0.0320884	-3.82237	3.08503	0.00611705	0.00232774	0.00030186	-0.203922	-3.86526	3.02777	0.00611705	0.00232774	0.000209625	
-0.0667791	-3.81775	3.06903	0.00607781	0.00233613	0.000301322	-0.234345	-3.86018	3.0122	0.00607781	0.00233613	0.000209251	
-0.0895116	-3.81529	3.05516	0.00603811	0.00234493	0.000300795	-0.262019	-3.85568	2.99725	0.00603811	0.00234493	0.000208885	
-0.123755	-3.81087	3.0392	0.0059981	0.00235411	0.000300279	-0.292161	-3.85047	2.98118	0.0059981	0.00235411	0.000208527	
-0.148027	-3.80802	3.02513	0.00595766	0.00236368	0.000299773	-0.320164	-3.8454	2.96644	0.00595766	0.00236368	0.000208176	
-0.1878	-3.80202	3.00823	0.00591692	0.00237361	0.000299279	-0.351562	-3.83924	2.95028	0.00591692	0.00237361	0.000207832	
-0.226544	-3.79772	2.99165	0.00587572	0.0023839	0.000298794	-0.382862	-3.83397	2.93438	0.00587572	0.0023839	0.000207496	
-0.259917	-3.78998	2.97586	0.00583412	0.00239453	0.000298321	-0.41273	-3.82591	2.91936	0.00583412	0.00239453	0.000207167	
-0.288218	-3.78342	2.96094	0.00579217	0.00240549	0.000297857	-0.441283	-3.81813	2.9043	0.00579217	0.00240549	0.000206845	
-0.321189	-3.77605	2.94535	0.00574993	0.00241677	0.000297404	-0.471132	-3.80996	2.88986	0.00574993	0.00241677	0.000206531	
-0.361481	-3.7672	2.92849	0.00570739	0.00242836	0.000296961	-0.502735	-3.80133	2.87508	0.00570739	0.00242836	0.000206223	
-0.38158	-3.7608	2.91489	0.00566449	0.00244024	0.000296529	-0.528898	-3.79263	2.85998	0.00566449	0.00244024	0.000205923	
-0.404759	-3.75429	2.90088	0.00562142	0.00245241	0.000296106	-0.555919	-3.78387	2.84532	0.00562142	0.00245241	0.000205629	
-0.434749	-3.74331	2.88549	0.00557819	0.00246485	0.000295694	-0.584332	-3.77271	2.83046	0.00557819	0.00246485	0.000205343	
-0.46846	-3.73294	2.86944	0.00553472	0.00247754	0.000295291	-0.61355	-3.76224	2.81469	0.00553472	0.00247754	0.000205063	
-0.497733	-3.72306	2.85419	0.005491	0.00249048	0.000294898	-0.64159	-3.75151	2.79933	0.005491	0.00249048	0.00020479	
-0.529099	-3.71348	2.83846	0.00544709	0.00250365	0.000294515	-0.669866	-3.74118	2.78269	0.00544709	0.00250365	0.000204524	
-0.555094	-3.7052	2.82393	0.00540299	0.00251703	0.000294142	-0.697071	-3.73076	2.76785	0.00540299	0.00251703	0.000204265	
-0.587475	-3.69132	2.80801	0.00535876	0.00253061	0.000293778	-0.725541	-3.71731	2.75305	0.00535876	0.00253061	0.000204013	
-0.621219	-3.67998	2.79199	0.00531437	0.00254439	0.000293424	-0.754411	-3.70557	2.7375	0.00531437	0.00254439	0.000203767	
-0.662386	-3.67247	2.77536	0.00526981	0.00255833	0.000293079	-0.786071	-3.69668	2.72295	0.00526981	0.00255833	0.000203527	
-0.694242	-3.66363	2.7599	0.00522508	0.00257243	0.000292744	-0.814568	-3.68607	2.70763	0.00522508	0.00257243	0.000203294	
-0.718241	-3.65344	2.74564	0.00518026	0.00258667	0.000292418	-0.840671	-3.67354	2.69323	0.00518026	0.00258667	0.000203068	
-0.749985	-3.63931	2.7298	0.00513542	0.00260105	0.000292101	-0.868478	-3.65939	2.67812	0.00513542	0.00260105	0.000202848	
-0.782588	-3.62684	2.71387	0.00509049	0.00261555	0.000291794	-0.896462	-3.64636	2.66222	0.00509049	0.00261555	0.000202634	
-0.821742	-3.61148	2.69684	0.0050455	0.00263014	0.000291495	-0.926268	-3.63207	2.64693	0.0050455	0.00263014	0.000202427	
-0.849061	-3.5987	2.68205	0.00500042	0.00264481	0.000291206	-0.952968	-3.61767	2.63347	0.00500042	0.00264481	0.000202226	
-0.87138	-3.59196	2.66826	0.00495535	0.00265956	0.000290925	-0.978191	-3.60654	2.61811	0.00495535	0.00265956	0.000202031	
-0.893254	-3.57644	2.65383	0.00491037	0.00267438	0.000290654	-1.00232	-3.58981	2.60354	0.00491037	0.00267438	0.000201843	
-0.922835	-3.5656	2.63866	0.00486545	0.00268927	0.000290391	-1.02922	-3.57676	2.58819	0.00486545	0.00268927	0.00020166	
-0.947338	-3.54979	2.62368	0.00482058	0.00270418	0.000290137	-1.0537	-3.56005	2.57268	0.00482058	0.00270418	0.000201484	
-0.978422	-3.53639	2.60801	0.00477578	0.00271913	0.000289892	-1.08051	-3.54546	2.55697	0.00477578	0.00271913	0.000201314	
-1.00519	-3.52667	2.59354	0.00473105	0.00273407	0.000289655	-1.10649	-3.53217	2.54257	0.00473105	0.00273407	0.000201149	
-1.03272	-3.50985	2.57811	0.00468644	0.00274902	0.000289426	-1.13157	-3.51483	2.52731	0.00468644	0.00274902	0.000200991	
-1.0559	-3.49241	2.56339	0.00464194	0.00276394	0.000289207	-1.15519	-3.49631	2.51314	0.00464194	0.00276394	0.000200838	
-1.08752	-3.47057	2.547	0.00459759	0.00277883	0.000288995	-1.18102	-3.47622	2.49862	0.00459759	0.00277883	0.000200691	
-1.11165	-3.45582	2.53244	0.00455334	0.00279366	0.000288792	-1.20507	-3.45918	2.48443	0.00455334	0.00279366	0.00020055	
-1.13205	-3.44136	2.51832	0.00450927	0.00280844	0.000288597	-1.22753	-3.44187	2.46956	0.00450927	0.00280844	0.000200414	
-1.15119	-3.42689	2.50441	0.00446542	0.00282316	0.00028841	-1.24944	-3.42421	2.45498	0.00446542	0.00282316	0.000200284	
-1.17303	-3.40846	2.48931	0.0044218	0.00283781	0.000288231	-1.27115	-3.40495	2.43799	0.0044218	0.00283781	0.00020016	
-1.19184	-3.39253	2.47513	0.00437839	0.00285236	0.000288059	-1.29217	-3.38632	2.42242	0.00437839	0.00285236	0.000200041	
-1.21437	-3.37495	2.4605	0.00433524	0.00286681	0.000287896	-1.31449	-3.36683	2.40822	0.00433524	0.00286681	0.000199928	
-1.2304	-3.35866	2.44692	0.00429233	0.00288114	0.000287741	-1.33445	-3.34708	2.39434	0.00429233	0.00288114	0.00019982	
-1.2565	-3.33887	2.43145	0.00424973	0.00289536	0.000287593	-1.35738	-3.32678	2.37932	0.00424973	0.00289536	0.000199717	
-1.2779	-3.31809	2.41631	0.00420737	0.00290943	0.000287453	-1.37804	-3.30542	2.36338	0.00420737	0.00290943	0.00019962	
-1.31353	-3.29742	2.39937	0.0041653	0.00292333	0.000287321	-1.40404	-3.28594	2.34715	0.0041653	0.00292333	0.000199528	
-1.34139	-3.27565	2.38341	0.00412347	0.00293702	0.000287195	-1.42692	-3.26456	2.33178	0.00412347	0.00293702	0.000199441	
-1.35764	-3.25594	2.36922	0.00408192	0.0029505	0.000287078	-1.44543	-3.2426	2.31697	0.00408192	0.0029505	0.00019936	
-1.37102	-3.23734	2.35546	0.00404073	0.0029638	0.000286968	-1.46266	-3.22085	2.30177	0.00404073	0.0029638	0.000199283	
-1.3842	-3.22183	2.34223	0.00399991	0.00297691	0.000286865	-1.48015	-3.20051	2.28732	0.00399991	0.00297691	0.000199212	
-1.40036	-3.19727	2.32715	0.00395948	0.00298983	0.000286769	-1.49706	-3.17595	2.27083	0.00395948	0.00298983	0.000199145	
-1.42596	-3.17496	2.31148	0.00391942	0.00300252	0.000286681	-1.51824	-3.15346	2.25578	0.00391942	0.00300252	0.000199084	
-1.44815	-3.1521	2.29599	0.00387971	0.00301494	0.000286599	-1.53761	-3.13035	2.23981	0.00387971	0.00301494	0.000199027	
-1.47184	-3.12926	2.28051	0.00384039	0.0030271	0.000286525	-1.55764	-3.10712	2.22489	0.00384039	0.0030271	0.000198975	
-1.48892	-3.10867	2.2663	0.00380146	0.00303898	0.000286457	-1.57524	-3.0839	2.2112	0.00380146	0.00303898	0.000198928	
-1.51603	-3.08054	2.24969	0.00376296	0.0030506	0.000286396	-1.59572	-3.05826	2.19599	0.00376296	0.0030506	0.000198886	
-1.53192	-3.06275	2.23575	0.00372485	0.00306189	0.000286342	-1.61259	-3.03655	2.18091	0.00372485	0.00306189	0.000198849	
-1.55499	-3.03688	2.21994	0.0036872	0.0030729	0.000286295	-1.63136	-3.0114	2.16597	0.0036872	0.0030729	0.000198816	
-1.56895	-3.01429	2.20547	0.00364999	0.00308358	0.000286255	-1.64629	-2.98688	2.1504	0.00364999	0.00308358	0.000198788	
-1.59005	-2.99004	2.19016	0.00361326	0.00309395	0.000286221	-1.66412	-2.96213	2.13576	0.00361326	0.00309395	0.000198765	
-1.60108	-2.97054	2.17656	0.00357699	0.00310399	0.000286194	-1.67787	-2.93852	2.12101	0.00357699	0.00310399	0.000198746	
-1.6183	-2.94024	2.16068	0.00354122	0.00311372	0.000286173	-1.69272	-2.9102	2.10566	0.00354122	0.00311372	0.000198731	
-1.63146	-2.91225	2.14561	0.00350594	0.00312308	0.000286159	-1.70591	-2.88241	2.09073	0.00350594	0.00312308	0.000198721	
-1.64735	-2.8875	2.13066	0.00347116	0.00313207	0.000286151	-1.72052	-2.85665	2.07548	0.00347116	0.00313207	0.000198716	
-1.66443	-2.86159	2.11522	0.00343689	0.00314071	0.000286149	-1.73515	-2.83068	2.05906	0.00343689	0.00314071	0.000198715	
-1.68198	-2.83649	2.10027	0.00340314	0.00314896	0.000286154	-1.75028	-2.80454	2.04502	0.00340314	0.00314896	0.000198718	
-1.69945	-2.81061	2.08502	0.00336992	0.00315682	0.000286165	-1.76496	-2.77824	2.02988	0.00336992	0.00315682	0.000198726	
-1.71045	-2.78683	2.07065	0.00333723	0.00316429	0.000286182	-1.77658	-2.75222	2.01452	0.00333723	0.00316429	0.000198737	
-1.7243	-2.76631	2.05644	0.00330511	0.00317138	0.000286205	-1.78969	-2.72819	1.99888	0.00330511	0.00317138	0.000198753	
-1.73754	-2.74044	2.04157	0.00327355	0.00317808	0.000286233	-1.80173	-2.70126	1.98369	0.00327355	0.00317808	0.000198773	
-1.75283	-2.7146	2.02679	0.00324256	0.00318438	0.000286268	-1.81478	-2.67415	1.97	0.00324256	0.00318438	0.000198797	
-1.76035	-2.69478	2.01355	0.00321214	0.00319027	0.000286309	-1.8245	-2.64923	1.95593	0.00321214	0.00319027	0.000198826	
-1.77716	-2.66695	1.99801	0.00318231	0.00319579	0.000286355	-1.83749	-2.6217	1.94052	0.00318231	0.00319579	0.000198858	
-1.79249	-2.64052	1.98296	0.00315306	0.00320086	0.000286408	-1.84984	-2.59446	1.92587	0.00315306	0.00320086	0.000198894	
-1.80694	-2.61308	1.96783	0.00312441	0.0032055	0.000286466	-1.86146	-2.5666	1.91127	0.00312441	0.0032055	0.000198934	
-1.8211	-2.58214	1.95212	0.00309635	0.0032097	0.000286529	-1.87235	-2.53706	1.89634	0.00309635	0.0032097	0.000198978	
-1.83906	-2.55109	1.93598	0.00306888	0.00321343	0.000286598	-1.88495	-2.50798	1.8809	0.00306888	0.00321343	0.000199026	
-1.85005	-2.5233	1.92124	0.00304201	0.00321667	0.000286672	-1.89437	-2.47928	1.86723	0.00304201	0.00321667	0.000199078	
-1.86438	-2.4911	1.90519	0.00301576	0.00321947	0.000286752	-1.90468	-2.44925	1.85173	0.00301576	0.00321947	0.000199134	
-1.87229	-2.46646	1.89065	0.00299012	0.00322178	0.000286838	-1.91212	-2.42247	1.83532	0.00299012	0.00322178	0.000199193	
-1.88202	-2.44171	1.87608	0.00296511	0.00322365	0.000286928	-1.92033	-2.39562	1.81956	0.00296511	0.00322365	0.000199256	
-1.88687	-2.42306	1.863	0.00294072	0.00322507	0.000287024	-1.92642	-2.37099	1.80469	0.00294072	0.00322507	0.000199322	
-1.89466	-2.39673	1.84845	0.00291698	0.00322608	0.000287125	-1.93308	-2.34296	1.78973	0.00291698	0.00322608	0.000199393	
-1.9055	-2.3626	1.8324	0.00289386	0.00322665	0.000287232	-1.94046	-2.31149	1.77468	0.00289386	0.00322665	0.000199466	
-1.91615	-2.33485	1.8174	0.00287138	0.00322671	0.000287343	-1.94814	-2.28305	1.75964	0.00287138	0.00322671	0.000199544	
-1.9213	-2.30744	1.8029	0.00284953	0.0032263	0.000287459	-1.95273	-2.25416	1.74511	0.00284953	0.0032263	0.000199625	
-1.92358	-2.27738	1.78806	0.00282832	0.00322544	0.000287581	-1.95532	-2.22387	1.73026	0.00282832	0.00322544	0.000199709	
-1.93108	-2.24838	1.77295	0.00280775	0.00322412	0.000287707	-1.96058	-2.19468	1.71482	0.00280775	0.00322412	0.000199796	
-1.93962	-2.21179	1.75638	0.00278783	0.00322231	0.000287838	-1.96556	-2.16216	1.69872	0.00278783	0.00322231	0.000199887	
-1.94239	-2.18286	1.74161	0.00276854	0.00321999	0.000287974	-1.96785	-2.13256	1.68367	0.00276854	0.00321999	0.000199982	
-1.95037	-2.15201	1.72622	0.00274989	0.0032172	0.000288114	-1.9727	-2.10245	1.6686	0.00274989	0.0032172	0.000200079	
-1.95511	-2.12047	1.71104	0.00273188	0.00321393	0.00028826	-1.97558	-2.07157	1.65437	0.00273188	0.00321393	0.00020018	
-1.96217	-2.09098	1.69604	0.00271452	0.00321019	0.00028841	-1.97972	-2.04189	1.63993	0.00271452	0.00321019	0.000200284	
-1.96699	-2.06353	1.68104	0.00269779	0.00320598	0.000288564	-1.98239	-2.01368	1.6233	0.00269779	0.00320598	0.000200392	
-1.97586	-2.03482	1.66589	0.00268171	0.00320131	0.000288723	-1.98714	-1.98478	1.60791	0.00268171	0.00320131	0.000200502	
-1.97917	-2.00542	1.65091	0.00266626	0.00319617	0.000288887	-1.98851	-1.95518	1.59276	0.00266626	0.00319617	0.000200616	
-1.98327	-1.97436	1.63527	0.00265145	0.00319057	0.000289055	-1.98995	-1.92532	1.576	0.00265145	0.00319057	0.000200732	
-1.98607	-1.94494	1.62049	0.00263727	0.0031845	0.000289227	-1.99067	-1.89547	1.56179	0.00263727	0.0031845	0.000200852	
-1.99095	-1.91442	1.60546	0.00262372	0.00317798	0.000289403	-1.99237	-1.86519	1.54773	0.00262372	0.00317798	0.000200975	
-1.99482	-1.88361	1.59016	0.0026108	0.00317101	0.000289584	-1.99326	-1.83509	1.5325	0.0026108	0.00317101	0.0002011	
-1.99885	-1.86102	1.5765	0.0025985	0.00316359	0.000289769	-1.99449	-1.80863	1.51834	0.0025985	0.00316359	0.000201229	
-1.99859	-1.82338	1.56032	0.00258682	0.00315578	0.000289958	-1.99239	-1.77492	1.50395	0.00258682	0.00315578	0.00020136	
-1.99189	-1.79263	1.54534	0.00257576	0.0031475	0.000290151	-1.98663	-1.7445	1.48887	0.00257576	0.0031475	0.000201494	
-1.98622	-1.76106	1.53038	0.00256531	0.00313879	0.000290349	-1.98129	-1.71349	1.47477	0.00256531	0.00313879	0.000201631	
-1.97992	-1.73369	1.51582	0.00255546	0.00312966	0.00029055	-1.9755	-1.68496	1.45922	0.00255546	0.00312966	0.000201771	
-1.98063	-1.70275	1.50054	0.00254621	0.00312013	0.000290755	-1.97351	-1.65489	1.44398	0.00254621	0.00312013	0.000201913	
-1.97815	-1.66802	1.48476	0.00253755	0.00311018	0.000290964	-1.9694	-1.62282	1.42921	0.00253755	0.00311018	0.000202058	
-1.98047	-1.64109	1.47006	0.00252948	0.00309981	0.000291177	-1.96814	-1.5949	1.41365	0.00252948	0.00309981	0.000202206	
-1.9748	-1.60897	1.45469	0.002522	0.00308906	0.000291393	-1.96184	-1.5642	1.39863	0.002522	0.00308906	0.000202356	
-1.97116	-1.58363	1.44036	0.00251508	0.0030779	0.000291613	-1.95669	-1.537	1.38322	0.00251508	0.0030779	0.000202509	
-1.97037	-1.54989	1.4247	0.00250873	0.0030664	0.000291837	-1.95292	-1.50562	1.3685	0.00250873	0.0030664	0.000202665	
-1.96884	-1.52233	1.41009	0.00250294	0.0030545	0.000292065	-1.94865	-1.47732	1.3537	0.00250294	0.0030545	0.000202823	
-1.96291	-1.49638	1.39569	0.0024977	0.00304225	0.000292296	-1.94157	-1.44992	1.33861	0.0024977	0.00304225	0.000202983	
-1.9553	-1.46931	1.38111	0.00249301	0.00302967	0.00029253	-1.93328	-1.42202	1.3236	0.00249301	0.00302967	0.000203146	
-1.95251	-1.43775	1.36592	0.00248884	0.00301677	0.000292768	-1.92769	-1.39175	1.30938	0.00248884	0.00301677	0.000203311	
-1.94833	-1.41129	1.3519	0.0024852	0.00300352	0.000293009	-1.92112	-1.36369	1.29652	0.0024852	0.00300352	0.000203478	
-1.94101	-1.3806	1.33652	0.00248208	0.00298998	0.000293253	-1.91257	-1.33436	1.28094	0.00248208	0.00298998	0.000203648	
-1.93518	-1.3483	1.32092	0.00247946	0.00297612	0.000293501	-1.90475	-1.30419	1.26564	0.00247946	0.00297612	0.00020382	
-1.92842	-1.31672	1.30569	0.00247733	0.00296194	0.000293752	-1.8962	-1.27414	1.25148	0.00247733	0.00296194	0.000203994	
-1.91801	-1.29097	1.29127	0.00247569	0.00294747	0.000294006	-1.88524	-1.2473	1.23682	0.00247569	0.00294747	0.000204171	
-1.90546	-1.25877	1.2756	0.00247453	0.00293273	0.000294263	-1.87293	-1.21741	1.22169	0.00247453	0.00293273	0.000204349	
-1.90112	-1.22861	1.26072	0.00247383	0.0029177	0.000294523	-1.86537	-1.18812	1.20791	0.00247383	0.0029177	0.00020453	
-1.89452	-1.19773	1.24533	0.00247358	0.00290242	0.000294786	-1.85638	-1.15895	1.1927	0.00247358	0.00290242	0.000204712	
-1.88658	-1.17183	1.23053	0.00247378	0.00288689	0.000295051	-1.84635	-1.1327	1.17666	0.00247378	0.00288689	0.000204897	
-1.87402	-1.13844	1.21462	0.0024744	0.00287113	0.00029532	-1.83349	-1.10246	1.16166	0.0024744	0.00287113	0.000205083	
-1.86347	-1.10855	1.19947	0.00247544	0.00285513	0.000295592	-1.82159	-1.07389	1.14731	0.00247544	0.00285513	0.000205272	
-1.85056	-1.08025	1.18419	0.00247689	0.00283892	0.000295866	-1.80814	-1.04666	1.13167	0.00247689	0.00283892	0.000205462	
-1.84089	-1.04829	1.16853	0.00247873	0.00282252	0.000296143	-1.7966	-1.01732	1.11654	0.00247873	0.00282252	0.000205655	
-1.83203	-1.02064	1.15373	0.00248095	0.00280591	0.000296422	-1.78523	-0.99016	1.102	0.00248095	0.00280591	0.000205849	
-1.81941	-0.992526	1.13841	0.00248354	0.00278915	0.000296704	-1.77154	-0.963297	1.08625	0.00248354	0.00278915	0.000206045	
-1.80785	-0.960218	1.12276	0.00248648	0.00277222	0.000296989	-1.75844	-0.933881	1.07172	0.00248648	0.00277222	0.000206242	
-1.79448	-0.933484	1.10778	0.00248976	0.00275514	0.000297276	-1.74392	-0.907772	1.05671	0.00248976	0.00275514	0.000206442	
-1.78286	-0.907346	1.09296	0.00249336	0.00273794	0.000297565	-1.73029	-0.882002	1.0417	0.00249336	0.00273794	0.000206643	
-1.76713	-0.878744	1.07758	0.00249729	0.00272064	0.000297857	-1.71415	-0.855139	1.02677	0.00249729	0.00272064	0.000206845	
-1.75623	-0.854325	1.06318	0.00250151	0.00270323	0.000298151	-1.70055	-0.830322	1.01233	0.00250151	0.00270323	0.000207049	
-1.74121	-0.826762	1.04777	0.00250603	0.00268575	0.000298447	-1.68462	-0.804371	0.996611	0.00250603	0.00268575	0.000207255	
-1.72517	-0.80058	1.03271	0.00251081	0.0026682	0.000298746	-1.66777	-0.779129	0.981776	0.00251081	0.0026682	0.000207462	
-1.71173	-0.772347	1.01766	0.00251586	0.00265059	0.000299046	-1.65242	-0.752503	0.96759	0.00251586	0.00265059	0.000207671	
-1.68962	-0.745502	1.00204	0.00252115	0.00263295	0.000299349	-1.63177	-0.727473	0.952474	0.00252115	0.00263295	0.000207881	
-1.67102	-0.718363	0.986859	0.00252666	0.00261527	0.000299654	-1.61302	-0.701895	0.938439	0.00252666	0.00261527	0.000208093	
-1.65328	-0.68814	0.971342	0.0025324	0.00259758	0.00029996	-1.59485	-0.674482	0.924659	0.0025324	0.00259758	0.000208306	
-1.63023	-0.660446	0.955426	0.00253833	0.00257989	0.000300269	-1.57345	-0.649295	0.909343	0.00253833	0.00257989	0.00020852	
-1.61236	-0.636656	0.940211	0.00254444	0.0025622	0.000300579	-1.55485	-0.626336	0.893312	0.00254444	0.0025622	0.000208735	
-1.59519	-0.609607	0.924894	0.00255072	0.00254455	0.000300891	-1.53661	-0.601233	0.878471	0.00255072	0.00254455	0.000208952	
-1.57527	-0.583757	0.90954	0.00255716	0.00252695	0.000301205	-1.51655	-0.577103	0.86366	0.00255716	0.00252695	0.00020917	
-1.55851	-0.56248	0.895048	0.00256374	0.00250941	0.00030152	-1.49795	-0.555594	0.848912	0.00256374	0.00250941	0.000209389	
-1.53919	-0.545886	0.880774	0.00257045	0.00249196	0.000301837	-1.47749	-0.537376	0.833462	0.00257045	0.00249196	0.000209609	
-1.51705	-0.524803	0.865701	0.00257728	0.00247462	0.000302156	-1.45553	-0.51672	0.818151	0.00257728	0.00247462	0.00020983	
-1.49755	-0.499814	0.850405	0.00258421	0.0024574	0.000302476	-1.43524	-0.493531	0.803111	0.00258421	0.0024574	0.000210053	
-1.48442	-0.479505	0.836371	0.00259122	0.0024403	0.000302797	-1.41819	-0.472795	0.788557	0.00259122	0.0024403	0.000210276	
-1.45886	-0.460246	0.821146	0.00259832	0.00242335	0.00030312	-1.3938	-0.453873	0.773173	0.00259832	0.00242335	0.0002105	
-1.43286	-0.435024	0.805041	0.00260547	0.00240656	0.000303444	-1.36954	-0.431414	0.757436	0.00260547	0.00240656	0.000210725	
-1.40727	-0.412533	0.78939	0.00261265	0.00238992	0.00030377	-1.34517	-0.410669	0.742089	0.00261265	0.00238992	0.000210951	
-1.3853	-0.391589	0.774016	0.00261985	0.00237347	0.000304096	-1.32284	-0.39092	0.725873	0.00261985	0.00237347	0.000211178	
-1.36378	-0.370588	0.759091	0.00262706	0.00235721	0.000304424	-1.3004	-0.370932	0.711219	0.00262706	0.00235721	0.000211405	
-1.33899	-0.350454	0.743981	0.00263427	0.00234117	0.000304752	-1.27591	-0.351801	0.696748	0.00263427	0.00234117	0.000211634	
-1.31691	-0.327777	0.728466	0.00264146	0.00232535	0.000305082	-1.25332	-0.331177	0.680821	0.00264146	0.00232535	0.000211863	
-1.28957	-0.303986	0.712457	0.00264862	0.00230978	0.000305413	-1.22759	-0.310184	0.665506	0.00264862	0.00230978	0.000212092	
-1.26571	-0.278942	0.696982	0.00265572	0.00229445	0.000305744	-1.20368	-0.28801	0.651278	0.00265572	0.00229445	0.000212322	
-1.24804	-0.257465	0.682361	0.00266275	0.00227939	0.000306077	-1.18308	-0.267953	0.636394	0.00266275	0.00227939	0.000212553	
-1.22596	-0.240662	0.667705	0.00266972	0.00226463	0.00030641	-1.15959	-0.251437	0.62145	0.00266972	0.00226463	0.000212784	
-1.20136	-0.225485	0.65305	0.00267662	0.00225016	0.000306743	-1.13438	-0.23623	0.607001	0.00267662	0.00225016	0.000213016	
-1.17525	-0.206006	0.637817	0.00268342	0.00223601	0.000307078	-1.10854	-0.218327	0.592532	0.00268342	0.00223601	0.000213249	
-1.1545	-0.19056	0.62379	0.00269011	0.00222219	0.000307413	-1.08523	-0.202786	0.578913	0.00269011	0.00222219	0.000213481	
-1.12665	-0.170263	0.607966	0.00269669	0.00220871	0.000307749	-1.05856	-0.184765	0.563296	0.00269669	0.00220871	0.000213714	
-1.10315	-0.1534	0.593256	0.00270313	0.00219557	0.000308085	-1.03382	-0.168775	0.548802	0.00270313	0.00219557	0.000213948	
-1.07753	-0.136391	0.578063	0.00270943	0.0021828	0.000308421	-1.00798	-0.153021	0.53353	0.00270943	0.0021828	0.000214181	
-1.04951	-0.11586	0.562337	0.00271556	0.0021704	0.000308758	-0.980939	-0.135053	0.518342	0.00271556	0.0021704	0.000214415	
-1.02366	-0.10228	0.547288	0.00272151	0.00215838	0.000309095	-0.954707	-0.121947	0.50278	0.00272151	0.00215838	0.000214649	
-0.997741	-0.0891451	0.532675	0.00272728	0.00214675	0.000309432	-0.928026	-0.109115	0.488716	0.00272728	0.00214675	0.000214883	
-0.975321	-0.0718313	0.518259	0.00273287	0.00213554	0.000309769	-0.903432	-0.0932343	0.474758	0.00273287	0.00213554	0.000215118	
-0.949569	-0.0562808	0.503228	0.00273827	0.00212474	0.000310107	-0.877085	-0.0789917	0.459686	0.00273827	0.00212474	0.000215352	
-0.922901	-0.0413231	0.487956	0.00274345	0.00211438	0.000310444	-0.850269	-0.0653831	0.444028	0.00274345	0.00211438	0.000215586	
-0.895475	-0.0246203	0.473013	0.0027484	0.00210445	0.000310782	-0.822654	-0.0505075	0.430205	0.0027484	0.00210445	0.000215821	
-0.865258	-0.0136644	0.457773	0.00275312	0.00209496	0.000311119	-0.793387	-0.0400376	0.415532	0.00275312	0.00209496	0.000216055	
-0.832185	0.00224376	0.441684	0.0027576	0.00208593	0.000311456	-0.762908	-0.0262795	0.400078	0.0027576	0.00208593	0.000216289	
-0.802687	0.0162965	0.426185	0.0027618	0.00207737	0.000311793	-0.734233	-0.0137898	0.384675	0.0027618	0.00207737	0.000216523	
-0.776586	0.0296328	0.41156	0.00276573	0.00206927	0.00031213	-0.707028	-0.00169975	0.370572	0.00276573	0.00206927	0.000216757	
-0.744303	0.0420255	0.396177	0.00276939	0.00206166	0.000312466	-0.676353	0.00939196	0.356616	0.00276939	0.00206166	0.00021699	
-0.714122	0.0539911	0.380598	0.00277277	0.00205454	0.000312802	-0.647177	0.0200728	0.340868	0.00277277	0.00205454	0.000217224	
-0.681969	0.0614301	0.365126	0.00277586	0.00204791	0.000313138	-0.616556	0.0273099	0.325937	0.00277586	0.00204791	0.000217457	
-0.645956	0.0727368	0.348776	0.00277864	0.00204179	0.000313473	-0.58411	0.0371514	0.310211	0.00277864	0.00204179	0.000217689	
-0.614251	0.0837599	0.333128	0.00278109	0.00203617	0.000313807	-0.55387	0.0468265	0.294763	0.00278109	0.00203617	0.000217922	
-0.586025	0.0946985	0.318467	0.00278322	0.00203107	0.000314141	-0.525063	0.0564746	0.28099	0.00278322	0.00203107	0.000218153	
-0.557427	0.10354	0.303336	0.00278505	0.00202649	0.000314474	-0.496367	0.0644307	0.265578	0.00278505	0.00202649	0.000218385	
-0.527344	0.114346	0.288128	0.00278655	0.00202244	0.000314806	-0.466739	0.0737105	0.250683	0.00278655	0.00202244	0.000218616	
-0.503271	0.12184	0.273982	0.00278773	0.00201892	0.000315138	-0.440134	0.0805189	0.236303	0.00278773	0.00201892	0.000218846	
-0.47133	0.133637	0.258398	0.00278859	0.00201593	0.000315469	-0.409558	0.0903069	0.220895	0.00278859	0.00201593	0.000219076	
-0.43578	0.144701	0.242426	0.00278911	0.00201348	0.000315799	-0.376904	0.0994313	0.205845	0.00278911	0.00201348	0.000219305	
-0.407921	0.149909	0.227436	0.00278927	0.00201158	0.000316128	-0.34844	0.104155	0.190279	0.00278927	0.00201158	0.000219533	
-0.376834	0.158273	0.211942	0.0027891	0.00201021	0.000316456	-0.31827	0.111098	0.174486	0.0027891	0.00201021	0.000219761	
-0.34467	0.164927	0.196431	0.00278856	0.0020094	0.000316782	-0.287376	0.116649	0.159156	0.00278856	0.0020094	0.000219988	
-0.314628	0.172967	0.181481	0.00278767	0.00200913	0.000317108	-0.257402	0.123101	0.144564	0.00278767	0.00200913	0.000220214	
-0.286347	0.173264	0.167025	0.00278643	0.00200941	0.000317433	-0.228122	0.123627	0.131172	0.00278643	0.00200941	0.000220439	
-0.257715	0.178181	0.152093	0.00278486	0.00201023	0.000317756	-0.199039	0.127571	0.115953	0.00278486	0.00201023	0.000220664	
-0.223981	0.181756	0.136138	0.00278294	0.00201161	0.000318078	-0.167431	0.130509	0.0998041	0.00278294	0.00201161	0.000220887	
-0.192182	0.184816	0.120676	0.00278064	0.00201354	0.000318398	-0.136676	0.132884	0.0843696	0.00278064	0.00201354	0.00022111	
-0.16066	0.18942	0.105242	0.00277798	0.00201601	0.000318717	-0.106085	0.136308	0.0686514	0.00277798	0.00201601	0.000221331	
-0.12734	0.194176	0.0897896	0.00277495	0.00201903	0.000319035	-0.074314	0.139729	0.0536657	0.00277495	0.00201903	0.000221552	
-0.100882	0.198142	0.075339	0.00277157	0.0020226	0.000319351	-0.046251	0.14227	0.0386941	0.00277157	0.0020226	0.000221772	
-0.0729144	0.200847	0.0607011	0.00276785	0.0020267	0.000319666	-0.0173467	0.14377	0.0239283	0.00276785	0.0020267	0.00022199	
-0.0409296	0.207106	0.0455739	0.00276379	0.00203135	0.000319979	0.0137918	0.14794	0.00881204	0.00276379	0.00203135	0.000222207	
-0.0107079	0.207789	0.0305163	0.00275938	0.00203653	0.00032029	0.0438317	0.147796	-0.00611798	0.00275938	0.00203653	0.000222423	
