   0.0000000e+00   0.0000000e+00
   7.3619479e-03   4.1111001e-02
   1.4723896e-02   1.5818544e-01
   2.2085844e-02   3.4193103e-01
   2.9447792e-02   5.8325801e-01
   3.6809739e-02   8.7336283e-01
   4.4171687e-02   1.2037998e+00
   5.1533635e-02   1.5665410e+00
   5.8895583e-02   1.9540253e+00
   6.6257531e-02   2.3591967e+00
   7.3619479e-02   2.7755328e+00
   8.0981427e-02   3.1970645e+00
   8.8343375e-02   3.6183868e+00
   9.5705323e-02   4.0346622e+00
   1.0306727e-01   4.4416171e+00
   1.1042922e-01   4.8355324e+00
   1.1779117e-01   5.2132280e+00
   1.2515311e-01   5.5720434e+00
   1.3251506e-01   5.9098142e+00
   1.3987701e-01   6.2248448e+00
   1.4723896e-01   6.5158793e+00
   1.5460091e-01   6.7820697e+00
   1.6196285e-01   7.0229434e+00
   1.6932480e-01   7.2383690e+00
   1.7668675e-01   7.4285226e+00
   1.8404870e-01   7.5938531e+00
   1.9141065e-01   7.7350489e+00
   1.9877259e-01   7.8530049e+00
   2.0613454e-01   7.9487902e+00
   2.1349649e-01   8.0236181e+00
   2.2085844e-01   8.0788166e+00
   2.2822038e-01   8.1158014e+00
   2.3558233e-01   8.1360501e+00
   2.4294428e-01   8.1410790e+00
   2.5030623e-01   8.1324213e+00
   2.5766818e-01   8.1116077e+00
   2.6503012e-01   8.0801493e+00
   2.7239207e-01   8.0395218e+00
   2.7975402e-01   7.9911523e+00
   2.8711597e-01   7.9364083e+00
   2.9447792e-01   7.8765876e+00
   3.0183986e-01   7.8129108e+00
   3.0920181e-01   7.7465156e+00
   3.1656376e-01   7.6784520e+00
   3.2392571e-01   7.6096794e+00
   3.3128766e-01   7.5410651e+00
   3.3864960e-01   7.4733840e+00
   3.4601155e-01   7.4073192e+00
   3.5337350e-01   7.3434635e+00
   3.6073545e-01   7.2823226e+00
   3.6809739e-01   7.2243177e+00
   3.7545934e-01   7.1697901e+00
   3.8282129e-01   7.1190050e+00
   3.9018324e-01   7.0721570e+00
   3.9754519e-01   7.0293747e+00
   4.0490713e-01   6.9907265e+00
   4.1226908e-01   6.9562260e+00
   4.1963103e-01   6.9258373e+00
   4.2699298e-01   6.8994812e+00
   4.3435493e-01   6.8770400e+00
   4.4171687e-01   6.8583632e+00
   4.4907882e-01   6.8432726e+00
   4.5644077e-01   6.8315674e+00
   4.6380272e-01   6.8230287e+00
   4.7116466e-01   6.8174238e+00
   4.7852661e-01   6.8145106e+00
   4.8588856e-01   6.8140415e+00
   4.9325051e-01   6.8157661e+00
   5.0061246e-01   6.8194353e+00
   5.0797440e-01   6.8248035e+00
   5.1533635e-01   6.8316311e+00
   5.2269830e-01   6.8396868e+00
   5.3006025e-01   6.8487493e+00
   5.3742220e-01   6.8586088e+00
   5.4478414e-01   6.8690682e+00
   5.5214609e-01   6.8799442e+00
   5.5950804e-01   6.8910678e+00
   5.6686999e-01   6.9022848e+00
   5.7423194e-01   6.9134561e+00
   5.8159388e-01   6.9244576e+00
   5.8895583e-01   6.9351801e+00
   5.9631778e-01   6.9455293e+00
   6.0367973e-01   6.9554247e+00
   6.1104167e-01   6.9647996e+00
   6.1840362e-01   6.9736004e+00
   6.2576557e-01   6.9817855e+00
   6.3312752e-01   6.9893249e+00
   6.4048947e-01   6.9961993e+00
   6.4785141e-01   7.0023987e+00
   6.5521336e-01   7.0079223e+00
   6.6257531e-01   7.0127771e+00
   6.6993726e-01   7.0169769e+00
   6.7729921e-01   7.0205418e+00
   6.8466115e-01   7.0234971e+00
   6.9202310e-01   7.0258724e+00
   6.9938505e-01   7.0277010e+00
   7.0674700e-01   7.0290189e+00
   7.1410895e-01   7.0298643e+00
   7.2147089e-01   7.0302769e+00
   7.2883284e-01   7.0302971e+00
   7.3619479e-01   7.0299658e+00
   7.4355674e-01   7.0293235e+00
   7.5091868e-01   7.0284101e+00
   7.5828063e-01   7.0272646e+00
   7.6564258e-01   7.0259244e+00
   7.7300453e-01   7.0244253e+00
   7.8036648e-01   7.0228012e+00
   7.8772842e-01   7.0210839e+00
   7.9509037e-01   7.0193030e+00
