   0.0000000e+00   0.0000000e+00
   1.3803652e-01   1.6115386e-01
   2.7607305e-01   3.1365087e-01
   4.1410957e-01   4.5795605e-01
   5.5214609e-01   5.9450945e-01
   6.9018261e-01   7.2372749e-01
   8.2821914e-01   8.4600419e-01
   9.6625566e-01   9.6171244e-01
   1.1042922e+00   1.0712051e+00
   1.2423287e+00   1.1748160e+00
   1.3803652e+00   1.2728611e+00
   1.5184018e+00   1.3656395e+00
   1.6564383e+00   1.4534340e+00
   1.7944748e+00   1.5365124e+00
   1.9325113e+00   1.6151279e+00
   2.0705478e+00   1.6895204e+00
   2.2085844e+00   1.7599167e+00
   2.3466209e+00   1.8265315e+00
   2.4846574e+00   1.8895678e+00
   2.6226939e+00   1.9492179e+00
   2.7607305e+00   2.0056638e+00
   2.8987670e+00   2.0590775e+00
   3.0368035e+00   2.1096219e+00
   3.1748400e+00   2.1574512e+00
   3.3128766e+00   2.2027112e+00
   3.4509131e+00   2.2455399e+00
   3.5889496e+00   2.2860680e+00
   3.7269861e+00   2.3244190e+00
   3.8650226e+00   2.3607098e+00
   4.0030592e+00   2.3950512e+00
   4.1410957e+00   2.4275478e+00
   4.2791322e+00   2.4582987e+00
   4.4171687e+00   2.4873978e+00
   4.5552053e+00   2.5149338e+00
   4.6932418e+00   2.5409905e+00
   4.8312783e+00   2.5656476e+00
   4.9693148e+00   2.5889801e+00
   5.1073513e+00   2.6110592e+00
   5.2453879e+00   2.6319523e+00
   5.3834244e+00   2.6517231e+00
   5.5214609e+00   2.6704318e+00
   5.6594974e+00   2.6881356e+00
   5.7975340e+00   2.7048883e+00
   5.9355705e+00   2.7207411e+00
   6.0736070e+00   2.7357423e+00
   6.2116435e+00   2.7499377e+00
   6.3496801e+00   2.7633705e+00
   6.4877166e+00   2.7760818e+00
   6.6257531e+00   2.7881102e+00
   6.7637896e+00   2.7994925e+00
   6.9018261e+00   2.8102633e+00
   7.0398627e+00   2.8204556e+00
   7.1778992e+00   2.8301004e+00
   7.3159357e+00   2.8392270e+00
   7.4539722e+00   2.8478634e+00
   7.5920088e+00   2.8560359e+00
   7.7300453e+00   2.8637693e+00
   7.8680818e+00   2.8710874e+00
   8.0061183e+00   2.8780123e+00
   8.1441549e+00   2.8845652e+00
   8.2821914e+00   2.8907661e+00
   8.4202279e+00   2.8966340e+00
   8.5582644e+00   2.9021866e+00
   8.6963009e+00   2.9074409e+00
   8.8343375e+00   2.9124130e+00
   8.9723740e+00   2.9171180e+00
   9.1104105e+00   2.9215702e+00
   9.2484470e+00   2.9257833e+00
   9.3864836e+00   2.9297701e+00
   9.5245201e+00   2.9335427e+00
   9.6625566e+00   2.9371127e+00
   9.8005931e+00   2.9404908e+00
   9.9386297e+00   2.9436875e+00
   1.0076666e+01   2.9467125e+00
   1.0214703e+01   2.9495750e+00
   1.0352739e+01   2.9522838e+00
   1.0490776e+01   2.9548470e+00
   1.0628812e+01   2.9572725e+00
   1.0766849e+01   2.9595677e+00
   1.0904885e+01   2.9617397e+00
   1.1042922e+01   2.9637949e+00
   1.1180958e+01   2.9657398e+00
   1.1318995e+01   2.9675802e+00
   1.1457031e+01   2.9693217e+00
   1.1595068e+01   2.9709697e+00
   1.1733104e+01   2.9725291e+00
   1.1871141e+01   2.9740048e+00
   1.2009177e+01   2.9754012e+00
   1.2147214e+01   2.9767226e+00
   1.2285251e+01   2.9779730e+00
   1.2423287e+01   2.9791563e+00
   1.2561324e+01   2.9802760e+00
   1.2699360e+01   2.9813355e+00
   1.2837397e+01   2.9823381e+00
   1.2975433e+01   2.9832869e+00
   1.3113470e+01   2.9841847e+00
   1.3251506e+01   2.9850342e+00
   1.3389543e+01   2.9858382e+00
   1.3527579e+01   2.9865989e+00
   1.3665616e+01   2.9873188e+00
   1.3803652e+01   2.9880000e+00
   1.3941689e+01   2.9886446e+00
   1.4079725e+01   2.9892546e+00
   1.4217762e+01   2.9898318e+00
   1.4355798e+01   2.9903780e+00
   1.4493835e+01   2.9908949e+00
   1.4631871e+01   2.9913840e+00
   1.4769908e+01   2.9918468e+00
   1.4907944e+01   2.9922848e+00
