   0.0000000e+00   0.0000000e+00
   2.2085844e-01   1.3131409e-03
   4.4171687e-01   8.6754926e-03
   6.6257531e-01   2.4527083e-02
   8.8343375e-01   4.9313558e-02
   1.1042922e+00   8.2594217e-02
   1.3251506e+00   1.2356686e-01
   1.5460091e+00   1.7131379e-01
   1.7668675e+00   2.2491472e-01
   1.9877259e+00   2.8349625e-01
   2.2085844e+00   3.4625148e-01
   2.4294428e+00   4.1244548e-01
   2.6503012e+00   4.8141444e-01
   2.8711597e+00   5.5256200e-01
   3.0920181e+00   6.2535453e-01
   3.3128766e+00   6.9931612e-01
   3.5337350e+00   7.7402368e-01
   3.7545934e+00   8.4910232e-01
   3.9754519e+00   9.2422099e-01
   4.1963103e+00   9.9908847e-01
   4.4171687e+00   1.0734497e+00
   4.6380272e+00   1.1470824e+00
   4.8588856e+00   1.2197938e+00
   5.0797440e+00   1.2914182e+00
   5.3006025e+00   1.3618138e+00
   5.5214609e+00   1.4308608e+00
   5.7423194e+00   1.4984589e+00
   5.9631778e+00   1.5645256e+00
   6.1840362e+00   1.6289941e+00
   6.4048947e+00   1.6918118e+00
   6.6257531e+00   1.7529388e+00
   6.8466115e+00   1.8123463e+00
   7.0674700e+00   1.8700157e+00
   7.2883284e+00   1.9259373e+00
   7.5091868e+00   1.9801091e+00
   7.7300453e+00   2.0325360e+00
   7.9509037e+00   2.0832292e+00
   8.1717622e+00   2.1322050e+00
   8.3926206e+00   2.1794841e+00
   8.6134790e+00   2.2250915e+00
   8.8343375e+00   2.2690553e+00
   9.0551959e+00   2.3114066e+00
   9.2760543e+00   2.3521789e+00
   9.4969128e+00   2.3914075e+00
   9.7177712e+00   2.4291295e+00
   9.9386297e+00   2.4653833e+00
   1.0159488e+01   2.5002080e+00
   1.0380347e+01   2.5336436e+00
   1.0601205e+01   2.5657306e+00
   1.0822063e+01   2.5965096e+00
   1.1042922e+01   2.6260215e+00
   1.1263780e+01   2.6543068e+00
   1.1484639e+01   2.6814060e+00
   1.1705497e+01   2.7073592e+00
   1.1926356e+01   2.7322059e+00
   1.2147214e+01   2.7559851e+00
   1.2368072e+01   2.7787353e+00
   1.2588931e+01   2.8004941e+00
   1.2809789e+01   2.8212983e+00
   1.3030648e+01   2.8411841e+00
   1.3251506e+01   2.8601866e+00
   1.3472365e+01   2.8783402e+00
   1.3693223e+01   2.8956782e+00
   1.3914082e+01   2.9122332e+00
   1.4134940e+01   2.9280366e+00
   1.4355798e+01   2.9431192e+00
   1.4576657e+01   2.9575104e+00
   1.4797515e+01   2.9712391e+00
   1.5018374e+01   2.9843329e+00
   1.5239232e+01   2.9968187e+00
   1.5460091e+01   3.0087224e+00
   1.5680949e+01   3.0200689e+00
   1.5901807e+01   3.0308824e+00
   1.6122666e+01   3.0411860e+00
   1.6343524e+01   3.0510021e+00
   1.6564383e+01   3.0603522e+00
   1.6785241e+01   3.0692571e+00
   1.7006100e+01   3.0777364e+00
   1.7226958e+01   3.0858095e+00
   1.7447817e+01   3.0934945e+00
   1.7668675e+01   3.1008091e+00
   1.7889533e+01   3.1077703e+00
   1.8110392e+01   3.1143941e+00
   1.8331250e+01   3.1206961e+00
   1.8552109e+01   3.1266912e+00
   1.8772967e+01   3.1323936e+00
   1.8993826e+01   3.1378169e+00
   1.9214684e+01   3.1429743e+00
   1.9435542e+01   3.1478781e+00
   1.9656401e+01   3.1525405e+00
   1.9877259e+01   3.1569726e+00
   2.0098118e+01   3.1611856e+00
   2.0318976e+01   3.1651898e+00
   2.0539835e+01   3.1689952e+00
   2.0760693e+01   3.1726113e+00
   2.0981551e+01   3.1760472e+00
   2.1202410e+01   3.1793116e+00
   2.1423268e+01   3.1824128e+00
   2.1644127e+01   3.1853587e+00
   2.1864985e+01   3.1881568e+00
   2.2085844e+01   3.1908143e+00
   2.2306702e+01   3.1933381e+00
   2.2527561e+01   3.1957348e+00
   2.2748419e+01   3.1980105e+00
   2.2969277e+01   3.2001712e+00
   2.3190136e+01   3.2022226e+00
   2.3410994e+01   3.2041700e+00
   2.3631853e+01   3.2060186e+00
   2.3852711e+01   3.2077733e+00
   2.4073570e+01   3.2094388e+00
   2.4294428e+01   3.2110195e+00
   2.4515286e+01   3.2125196e+00
   2.4736145e+01   3.2139431e+00
   2.4957003e+01   3.2152939e+00
