1.97022	2.07592	3.2125	0.000120941	0.000120941	0.35987	1.9741	2.06342	2.82849	
2.09236	2.07781	3.89041	6.53089e-05	9.81959e-05	0.000154223	1.29159	2.38609	2.15136	
1.66928	1.49555	3.20924	5.79897e-05	5.25779e-05	0.000108201	1.8738	1.41735	2.78647	
2.14678	1.52304	3.51295	4.59223e-05	6.59847e-05	7.79139e-05	1.29592	1.63741	3.30403	
1.42491	1.44674	4.1109	4.47559e-05	4.57947e-05	7.97379e-05	1.12741	1.65771	3.90829	
1.05974	1.32206	4.41431	4.51485e-05	4.37961e-05	7.92995e-05	0.81125	1.45029	3.8006	
0.885065	1.11614	4.36638	4.75476e-05	4.25116e-05	7.73984e-05	0.7236	1.31754	4.6778	
0.773922	1.05897	4.8683	4.41806e-05	4.14031e-05	7.9332e-05	0.722259	1.06121	4.08236	
0.807994	1.03009	4.34367	4.35311e-05	4.07569e-05	8.08187e-05	0.774058	1.25866	4.79724	
0.796289	1.10333	4.77081	4.14107e-05	4.05426e-05	8.3015e-05	0.785696	1.18973	4.0195	
0.873654	1.05555	4.27272	4.18248e-05	4.04584e-05	8.36955e-05	0.936012	1.24174	4.88127	
0.895597	1.10187	4.75962	4.07646e-05	4.04396e-05	8.479e-05	0.93122	1.10173	3.90824	
0.926264	1.08964	4.12794	4.08135e-05	4.04129e-05	8.52589e-05	0.944749	1.18116	4.75901	
0.953906	1.1259	4.70792	4.05501e-05	4.05388e-05	8.55847e-05	0.870616	1.04	4.03888	
0.936405	1.03613	4.12921	4.07308e-05	4.04457e-05	8.5677e-05	0.861651	1.09107	4.76565	
0.904157	1.07713	4.65107	4.04568e-05	4.05005e-05	8.58907e-05	0.741207	1.05197	4.13731	
0.920316	0.994211	4.2601	4.09629e-05	4.04199e-05	8.56751e-05	0.923392	1.10384	4.7807	
0.933779	1.02519	4.76095	4.04932e-05	4.04275e-05	8.59311e-05	0.935479	1.02428	4.1939	
0.95379	0.947613	4.36128	4.10829e-05	4.04113e-05	8.56163e-05	0.951459	1.05471	4.89306	
0.937495	0.908939	4.84521	4.06286e-05	4.03995e-05	8.58309e-05	0.906421	0.832384	4.49401	
0.925201	0.81495	4.49481	4.11675e-05	4.04072e-05	8.55158e-05	0.835157	0.853014	4.99627	
0.895009	0.767006	4.87719	4.07812e-05	4.03935e-05	8.56797e-05	0.854783	0.707135	4.80006	
0.915141	0.646636	4.72276	4.12363e-05	4.0405e-05	8.54016e-05	0.885208	0.642964	5.14551	
0.892609	0.598452	4.976	4.10036e-05	4.03951e-05	8.54642e-05	0.827607	0.601036	5.05807	
0.922782	0.557977	4.93923	4.09164e-05	4.04021e-05	8.55452e-05	0.914585	0.577801	5.22024	
0.93183	0.546663	5.05349	4.08809e-05	4.04062e-05	8.56013e-05	0.927098	0.632116	5.0773	
0.966525	0.53261	4.95956	4.0771e-05	4.04114e-05	8.57026e-05	0.996681	0.585655	4.98131	
0.992973	0.46841	5.0422	4.08863e-05	4.042e-05	8.56554e-05	1.00164	0.472351	5.1686	
0.976812	0.450722	5.06959	4.07889e-05	4.04203e-05	8.57091e-05	0.903383	0.508854	5.10607	
0.98615	0.40533	5.09065	4.0641e-05	4.04116e-05	8.58469e-05	0.999027	0.348734	5.17349	
0.984631	0.332717	5.15534	4.06694e-05	4.04225e-05	8.58768e-05	0.957536	0.279522	5.05178	
1.01759	0.349227	5.22367	4.05189e-05	4.0405e-05	8.60156e-05	1.0652	0.396794	5.21691	
1.01164	0.397501	5.33205	4.04476e-05	4.03963e-05	8.61344e-05	1.00397	0.490729	5.13821	
1.06089	0.371572	5.28134	4.04425e-05	4.04027e-05	8.61864e-05	1.1283	0.363502	5.17644	
1.07055	0.343712	5.35166	4.05345e-05	4.0443e-05	8.61139e-05	1.01681	0.399388	5.26118	
1.04322	0.357457	5.37199	4.04475e-05	4.04105e-05	8.61738e-05	0.987376	0.381791	5.33374	
1.06829	0.312062	5.46107	4.04879e-05	4.04385e-05	8.61484e-05	1.05469	0.288763	5.43435	
1.07684	0.259235	5.52935	4.05288e-05	4.04844e-05	8.60746e-05	1.01995	0.231343	5.45108	
1.09702	0.251244	5.61005	4.04807e-05	4.0461e-05	8.60963e-05	1.09056	0.270011	5.6078	
1.12356	0.270269	5.72673	4.04667e-05	4.04702e-05	8.61077e-05	1.12079	0.346404	5.67947	
1.1273	0.276761	5.74841	4.04503e-05	4.0481e-05	8.61165e-05	1.09748	0.322952	5.78757	
1.15384	0.313876	5.76552	4.04583e-05	4.05357e-05	8.60741e-05	1.13539	0.410598	5.81883	
1.16297	0.329034	5.73514	4.04769e-05	4.06186e-05	8.59817e-05	1.10094	0.408855	5.67568	
1.16936	0.340494	5.60714	4.05076e-05	4.07064e-05	8.58551e-05	1.08223	0.420884	5.55156	
1.16353	0.368331	5.64223	4.05984e-05	4.081e-05	8.56574e-05	1.04778	0.529424	5.54627	
1.20589	0.39651	5.6704	4.06792e-05	4.09376e-05	8.54188e-05	1.15875	0.569728	5.59817	
1.29809	0.399052	5.70492	4.08333e-05	4.12578e-05	8.4967e-05	1.30828	0.52412	5.63545	
1.41428	0.391243	5.65739	4.08225e-05	4.13034e-05	8.47483e-05	1.46917	0.483847	5.55733	
1.47869	0.445073	5.58602	4.07568e-05	4.11415e-05	8.48138e-05	1.49389	0.616718	5.5303	
1.51115	0.440433	5.51463	4.06193e-05	4.08271e-05	8.51634e-05	1.52904	0.465012	5.46135	
1.53001	0.41277	5.37562	4.07099e-05	4.0851e-05	8.52238e-05	1.45878	0.482829	5.38031	
1.55976	0.370926	5.38611	4.06298e-05	4.06673e-05	8.54466e-05	1.58809	0.343669	5.37767	
1.60844	0.30339	5.45985	4.0699e-05	4.06583e-05	8.54989e-05	1.61291	0.282952	5.48294	
1.59121	0.296524	5.50808	4.05473e-05	4.05261e-05	8.57338e-05	1.53277	0.309615	5.5207	
1.59988	0.237633	5.54168	4.0472e-05	4.04624e-05	8.59375e-05	1.59282	0.147266	5.53692	
1.62811	0.246515	5.61173	4.04863e-05	4.04882e-05	8.59987e-05	1.6177	0.331375	5.59942	
1.63285	0.278986	5.72668	4.04268e-05	4.04272e-05	8.61186e-05	1.64975	0.35066	5.65808	
1.66701	0.306911	5.6502	4.04434e-05	4.04879e-05	8.61154e-05	1.64878	0.408182	5.50307	
1.68358	0.326427	5.6122	4.04536e-05	4.05101e-05	8.60937e-05	1.65327	0.413556	5.5254	
1.7739	0.270783	5.63228	4.05023e-05	4.05839e-05	8.59957e-05	1.8492	0.227809	5.54341	
1.80138	0.248402	5.62744	4.05371e-05	4.0644e-05	8.58851e-05	1.77415	0.280461	5.52787	
1.80291	0.296436	5.62764	4.04321e-05	4.04639e-05	8.6047e-05	1.8141	0.377564	5.54194	
1.87142	0.333116	5.64556	4.04468e-05	4.04883e-05	8.60839e-05	1.92645	0.457585	5.4218	
1.90145	0.389624	5.59945	4.04546e-05	4.05049e-05	8.60829e-05	1.91431	0.54532	5.5161	
1.9199	0.431994	5.52496	4.04689e-05	4.05206e-05	8.60617e-05	1.90011	0.584335	5.38223	
1.98392	0.428349	5.47299	4.05689e-05	4.06229e-05	8.59043e-05	1.99631	0.541865	5.46379	
1.9953	0.444136	5.46144	4.06765e-05	4.06975e-05	8.57041e-05	1.93367	0.56737	5.30635	
2.01254	0.45213	5.37888	4.06321e-05	4.0631e-05	8.56994e-05	1.99062	0.53302	5.36481	
2.04542	0.420225	5.44232	4.08225e-05	4.07204e-05	8.54876e-05	1.98361	0.503313	5.32962	
2.04993	0.446347	5.45376	4.07877e-05	4.0697e-05	8.54398e-05	1.95993	0.587512	5.52281	
2.04297	0.467318	5.48332	4.07701e-05	4.06923e-05	8.5432e-05	1.93652	0.594699	5.39442	
2.09779	0.41226	5.42467	4.08882e-05	4.08223e-05	8.52442e-05	2.0726	0.4382	5.42607	
2.13031	0.389376	5.49319	4.10368e-05	4.09132e-05	8.49892e-05	2.06514	0.476734	5.42508	
2.1169	0.39412	5.52514	4.08098e-05	4.0746e-05	8.51677e-05	2.02017	0.472241	5.54863	
2.15106	0.349952	5.59108	4.08235e-05	4.08057e-05	8.5183e-05	2.10849	0.361567	5.68788	
2.17654	0.30353	5.63241	4.0811e-05	4.08753e-05	8.5148e-05	2.11237	0.305912	5.71326	
2.20592	0.313845	5.67654	4.06959e-05	4.07926e-05	8.52785e-05	2.1807	0.379946	5.80684	
2.23679	0.370754	5.72036	4.06361e-05	4.07755e-05	8.53891e-05	2.2109	0.559118	5.69854	
2.27481	0.375204	5.627	4.05878e-05	4.07619e-05	8.54827e-05	2.24996	0.451194	5.63187	
2.36248	0.378502	5.58528	4.0682e-05	4.0917e-05	8.53416e-05	2.37975	0.505288	5.61459	
2.36555	0.384435	5.57104	4.06452e-05	4.08154e-05	8.53867e-05	2.28016	0.470606	5.56925	
2.36166	0.352087	5.52014	4.06079e-05	4.07274e-05	8.54963e-05	2.26771	0.368764	5.66754	
2.37986	0.375896	5.61767	4.06863e-05	4.07764e-05	8.54491e-05	2.30432	0.520912	5.73021	
2.44206	0.366454	5.63334	4.06543e-05	4.07625e-05	8.54648e-05	2.44188	0.431817	5.57665	
2.47484	0.343988	5.53003	4.0736e-05	4.09323e-05	8.5287e-05	2.39185	0.406738	5.5428	
2.46449	0.342276	5.54749	4.06231e-05	4.07294e-05	8.54444e-05	2.37637	0.393242	5.59211	
2.5	0.324397	5.62128	4.06716e-05	4.07673e-05	8.54443e-05	2.44762	0.405864	5.64737	
2.54402	0.260246	5.64588	4.06702e-05	4.07981e-05	8.5424e-05	2.52664	0.211899	5.65093	
2.61768	0.193691	5.63384	4.06338e-05	4.07772e-05	8.54581e-05	2.67136	0.114126	5.60593	
2.65739	0.163209	5.69518	4.0534e-05	4.06238e-05	8.56579e-05	2.71605	0.139986	5.62718	
2.63674	0.135216	5.74729	4.04422e-05	4.04736e-05	8.592e-05	2.61673	0.0687911	5.64483	
2.63125	0.124394	5.81257	4.04139e-05	4.04305e-05	8.60862e-05	2.61442	0.108285	5.79771	
2.61711	0.117288	5.96409	4.0407e-05	4.04307e-05	8.61668e-05	2.53183	0.13165	5.9689	
2.65604	0.0816979	6.02953	4.04077e-05	4.04853e-05	8.61651e-05	2.64539	0.0204073	6.01444	
2.70497	0.0672884	6.05126	4.04137e-05	4.06358e-05	8.60525e-05	2.69545	0.0787398	5.93972	
2.74178	0.0157811	6.11244	4.04051e-05	4.05858e-05	8.60499e-05	2.74059	-0.0881365	6.13805	
2.76287	0.00848783	6.16041	4.04007e-05	4.06053e-05	8.60367e-05	2.73459	-0.00477153	6.15922	
2.75235	0.0237915	6.27166	4.03948e-05	4.05395e-05	8.60834e-05	2.69673	0.0505149	6.29873	
2.80371	0.0510491	6.25847	4.03911e-05	4.061e-05	8.60534e-05	2.80702	0.103924	6.16994	
2.84237	0.0807211	6.20712	4.03897e-05	4.07267e-05	8.59563e-05	2.8147	0.130894	6.2273	
2.86754	0.0785538	6.1802	4.03894e-05	4.06577e-05	8.59665e-05	2.86013	0.0815972	6.1294	
2.87687	0.0665914	6.0913	4.03903e-05	4.07015e-05	8.59362e-05	2.78898	0.0576382	6.10098	
2.91882	0.0222341	6.11991	4.03925e-05	4.06668e-05	8.59468e-05	2.93198	-0.0515768	6.11119	
2.98114	0.0239514	6.1705	4.03973e-05	4.08047e-05	8.58455e-05	2.976	0.0556337	6.1955	
3.00113	0.0826775	6.2572	4.03934e-05	4.06545e-05	8.59162e-05	2.97092	0.189853	6.1751	
3.00089	0.144751	6.24015	4.03906e-05	4.06226e-05	8.59698e-05	2.94189	0.256329	6.30387	
2.98712	0.215647	6.16727	4.03897e-05	4.06405e-05	8.59802e-05	2.88121	0.346654	6.20702	
3.01778	0.217926	6.02094	4.0392e-05	4.0799e-05	8.58672e-05	2.95448	0.243052	6.05584	
3.09703	0.274582	5.97074	4.04178e-05	4.11401e-05	8.55505e-05	3.06594	0.405185	6.19417	
3.18997	0.312165	5.96485	4.04348e-05	4.11281e-05	8.54131e-05	3.24299	0.448121	5.87499	
3.22095	0.342856	5.71907	4.04316e-05	4.09542e-05	8.54799e-05	3.17772	0.418624	5.78157	
3.28069	0.356952	5.68059	4.04621e-05	4.08454e-05	8.55606e-05	3.30239	0.449815	5.68981	
3.37123	0.337608	5.61884	4.05201e-05	4.08534e-05	8.5545e-05	3.42223	0.383351	5.61338	
3.41974	0.350885	5.55473	4.0523e-05	4.07427e-05	8.56184e-05	3.44504	0.433005	5.51335	
3.4771	0.373287	5.49757	4.04721e-05	4.05799e-05	8.58062e-05	3.55949	0.430753	5.40256	
3.5148	0.373149	5.42728	4.04997e-05	4.05615e-05	8.58795e-05	3.52208	0.446486	5.24665	
3.55299	0.355449	5.38392	4.04741e-05	4.04971e-05	8.59801e-05	3.56665	0.357952	5.37711	
3.59623	0.317991	5.40343	4.04965e-05	4.04876e-05	8.60155e-05	3.64203	0.317391	5.25964	
3.59985	0.268996	5.37565	4.04474e-05	4.04401e-05	8.61044e-05	3.59492	0.177644	5.27986	
3.56882	0.207725	5.44287	4.04155e-05	4.04117e-05	8.6188e-05	3.49017	0.0929376	5.42372	
3.52778	0.170196	5.54819	4.03972e-05	4.03963e-05	8.62502e-05	3.47564	0.0860892	5.48209	
3.48819	0.152489	5.70359	4.03956e-05	4.03956e-05	8.62803e-05	3.38571	0.144687	5.60298	
3.50622	0.0935092	5.88805	4.04061e-05	4.04216e-05	8.6268e-05	3.49782	0.00644491	5.82178	
3.55642	0.0756699	6.02545	4.04337e-05	4.05799e-05	8.61271e-05	3.53574	0.0646655	6.00255	
3.56156	0.0929573	6.15245	4.0418e-05	4.05737e-05	8.60846e-05	3.50124	0.136022	6.116	
3.59466	0.136696	6.17118	4.04064e-05	4.06343e-05	8.60285e-05	3.57144	0.24059	6.18866	
3.57964	0.177606	6.14463	4.04013e-05	4.07604e-05	8.59143e-05	3.43783	0.270351	6.1971	
3.58139	0.215142	6.08231	4.03989e-05	4.07849e-05	8.58486e-05	3.48286	0.306261	6.21788	
3.65566	0.219933	6.03705	4.04177e-05	4.12418e-05	8.54686e-05	3.58145	0.268997	6.11065	
3.68305	0.243001	5.97412	4.04314e-05	4.13248e-05	8.52371e-05	3.56587	0.300841	6.23317	
3.69512	0.229044	5.99229	4.04448e-05	4.12521e-05	8.5177e-05	3.57065	0.23047	6.14685	
3.74169	0.198636	5.86336	4.04583e-05	4.13048e-05	8.50969e-05	3.69125	0.179092	6.03428	
3.82867	0.168135	5.86373	4.05075e-05	4.13519e-05	8.49891e-05	3.81536	0.188939	5.94253	
3.89875	0.155191	5.92252	4.05051e-05	4.11729e-05	8.50738e-05	3.93001	0.169305	5.96864	
3.94222	0.114906	5.9438	4.04604e-05	4.08744e-05	8.53571e-05	3.95915	0.0680023	5.98537	
3.99068	0.128137	5.93727	4.04323e-05	4.06956e-05	8.56274e-05	4.04545	0.180676	5.99024	
4.02551	0.166619	6.0099	4.04117e-05	4.05545e-05	8.58642e-05	4.07327	0.256342	5.95598	
4.06637	0.20837	5.94678	4.04017e-05	4.0495e-05	8.60212e-05	4.10535	0.303047	5.89823	
4.17298	0.22522	5.8845	4.03998e-05	4.04826e-05	8.61042e-05	4.35394	0.269127	5.86524	
4.27726	0.234646	5.8172	4.04014e-05	4.04806e-05	8.61448e-05	4.42214	0.266279	5.80113	
4.30336	0.282147	5.74116	4.03912e-05	4.04077e-05	8.62268e-05	4.4178	0.352539	5.81631	
4.34558	0.33408	5.67042	4.03959e-05	4.04115e-05	8.62573e-05	4.46972	0.403006	5.74164	
4.39838	0.320046	5.52073	4.03911e-05	4.03973e-05	8.62865e-05	4.51837	0.291899	5.46747	
4.42449	0.329992	5.3925	4.03894e-05	4.03921e-05	8.63053e-05	4.49972	0.331973	5.487	
4.45319	0.36065	5.437	4.03942e-05	4.03942e-05	8.63093e-05	4.53428	0.38662	5.59766	
4.44896	0.401507	5.44939	4.03892e-05	4.03895e-05	8.6319e-05	4.43568	0.510524	5.58994	
4.4358	0.430794	5.37225	4.03895e-05	4.03894e-05	8.63233e-05	4.39196	0.483598	5.46294	
4.46385	0.413116	5.37409	4.04594e-05	4.04319e-05	8.62425e-05	4.43613	0.455333	5.63686	
4.48924	0.420953	5.41494	4.05419e-05	4.04818e-05	8.61111e-05	4.47412	0.525486	5.54179	
4.49598	0.407713	5.37272	4.05473e-05	4.0492e-05	8.60433e-05	4.44587	0.434187	5.51113	
4.50715	0.399435	5.36278	4.06333e-05	4.05419e-05	8.59121e-05	4.44882	0.48863	5.45133	
4.57598	0.374319	5.37995	4.06337e-05	4.05373e-05	8.5858e-05	4.65233	0.418087	5.38623	
4.61826	0.310266	5.42413	4.07075e-05	4.0584e-05	8.57436e-05	4.61906	0.298085	5.48173	
4.6412	0.258845	5.49164	4.05426e-05	4.04848e-05	8.58876e-05	4.65279	0.183271	5.738	
4.65554	0.229082	5.62399	4.04739e-05	4.04462e-05	8.60242e-05	4.66157	0.185775	5.85202	
4.7066	0.197405	5.66861	4.04195e-05	4.04078e-05	8.6151e-05	4.80031	0.12878	5.78903	
4.74902	0.187528	5.69675	4.04065e-05	4.04032e-05	8.62201e-05	4.81916	0.160806	5.77861	
4.79454	0.217769	5.7147	4.03989e-05	4.04069e-05	8.62552e-05	4.94094	0.249645	5.74528	
4.8409	0.253005	5.70527	4.03941e-05	4.03995e-05	8.62814e-05	4.93234	0.289858	5.71416	
4.79808	0.278118	5.59154	4.04032e-05	4.04236e-05	8.62696e-05	4.78014	0.280969	5.48845	
4.80021	0.286537	5.5264	4.03942e-05	4.04022e-05	8.62882e-05	4.79801	0.307073	5.59138	
4.78329	0.290732	5.64426	4.03976e-05	4.03981e-05	8.62969e-05	4.71949	0.341947	5.64193	
4.78993	0.302924	5.62433	4.04083e-05	4.0417e-05	8.62793e-05	4.75327	0.333863	5.60327	
4.78927	0.327765	5.6991	4.04755e-05	4.05284e-05	8.61404e-05	4.66823	0.43544	5.80016	
4.77774	0.337493	5.66668	4.04947e-05	4.05917e-05	8.60211e-05	4.66428	0.426	5.53319	
4.79899	0.328815	5.62818	4.06182e-05	4.0841e-05	8.56942e-05	4.69822	0.418438	5.70597	
4.8439	0.274737	5.72914	4.06799e-05	4.0924e-05	8.54484e-05	4.81627	0.267157	5.54082	
4.89234	0.258341	5.71324	4.07236e-05	4.11156e-05	8.51668e-05	4.80767	0.322779	5.84496	
4.93571	0.294726	5.84639	4.05963e-05	4.08524e-05	8.53286e-05	4.94413	0.416617	5.77584	
4.98166	0.266925	5.76897	4.05683e-05	4.09287e-05	8.53535e-05	4.941	0.274262	5.76076	
5.05279	0.255047	5.74401	4.0535e-05	4.08407e-05	8.54522e-05	5.08854	0.28814	5.78885	
5.07073	0.283474	5.77769	4.05136e-05	4.07642e-05	8.55654e-05	5.00964	0.388089	5.73194	
5.08622	0.299344	5.7203	4.04558e-05	4.05935e-05	8.57822e-05	5.09638	0.356888	5.6766	
5.12427	0.272326	5.71112	4.05061e-05	4.07103e-05	8.57528e-05	5.07126	0.309899	5.75152	
5.15264	0.267821	5.68568	4.04909e-05	4.06563e-05	8.5796e-05	5.136	0.315121	5.62387	
5.18536	0.267561	5.73082	4.05016e-05	4.06606e-05	8.58046e-05	5.15535	0.313597	5.75395	
5.22096	0.259027	5.74723	4.04853e-05	4.06283e-05	8.58452e-05	5.22663	0.30335	5.66629	
5.23674	0.232198	5.70905	4.04846e-05	4.06403e-05	8.58548e-05	5.1911	0.249739	5.66865	
5.22295	0.221549	5.73286	4.04656e-05	4.05853e-05	8.59142e-05	5.1461	0.254835	5.7025	
5.22651	0.257233	5.78674	4.0472e-05	4.06055e-05	8.592e-05	5.16564	0.377655	5.74933	
5.24898	0.265171	5.83448	4.04935e-05	4.07013e-05	8.58375e-05	5.1887	0.347839	5.69934	
5.23094	0.203822	5.76877	4.05308e-05	4.09063e-05	8.56253e-05	5.06238	0.176788	5.72543	
5.25434	0.144533	5.8197	4.05507e-05	4.09444e-05	8.54929e-05	5.16645	0.11194	5.78042	
5.30967	0.0850324	5.95467	4.05959e-05	4.11563e-05	8.52451e-05	5.24332	0.0759622	5.85258	
5.36217	0.0778506	6.05478	4.05293e-05	4.10653e-05	8.52535e-05	5.33923	0.106031	5.96867	
5.39511	0.0864181	6.09364	4.04725e-05	4.09762e-05	8.53583e-05	5.34293	0.13601	5.87377	
5.39451	0.123654	6.0795	4.04357e-05	4.0853e-05	8.5517e-05	5.31511	0.204877	5.99095	
5.45452	0.122697	6.11541	4.04214e-05	4.0836e-05	8.56072e-05	5.45512	0.15012	5.92097	
5.5425	0.13921	6.06085	4.04184e-05	4.10372e-05	8.55023e-05	5.53675	0.184668	6.06972	
5.592	0.141165	6.0977	4.04074e-05	4.07986e-05	8.56442e-05	5.65669	0.156099	6.05255	
5.62633	0.163479	6.02769	4.0401e-05	4.06852e-05	8.57912e-05	5.61367	0.228981	5.99704	
5.66123	0.167181	6.0082	4.03965e-05	4.05655e-05	8.59462e-05	5.68688	0.173971	5.94959	
5.68585	0.148552	5.92888	4.03985e-05	4.0562e-05	8.60157e-05	5.66375	0.137927	5.8863	
5.7062	0.0896456	5.92816	4.03972e-05	4.05056e-05	8.60913e-05	5.70442	-0.000801089	5.93451	
5.70423	0.0636904	5.98633	4.04015e-05	4.0516e-05	8.61151e-05	5.63119	0.0168228	5.98015	
5.76863	0.099579	6.1085	4.03971e-05	4.04759e-05	8.61603e-05	5.87544	0.189168	6.12294	
5.81987	0.142875	6.16103	4.03991e-05	4.05946e-05	8.60918e-05	5.802	0.245858	6.08831	
5.78823	0.162148	6.05028	4.03921e-05	4.04539e-05	8.61733e-05	5.745	0.210724	6.01892	
5.81962	0.182102	5.98705	4.03958e-05	4.05212e-05	8.61547e-05	5.78408	0.238199	6.02904	
5.81793	0.147947	5.96579	4.04066e-05	4.06283e-05	8.6061e-05	5.72358	0.103718	5.89942	
5.86612	0.148715	5.90003	4.04139e-05	4.06717e-05	8.59845e-05	5.8694	0.18079	5.87702	
5.91017	0.10673	6.01615	4.04393e-05	4.07933e-05	8.58428e-05	5.8729	0.0896825	5.98803	
5.95522	0.0760756	6.04698	4.04228e-05	4.07049e-05	8.58588e-05	5.96618	0.0203422	6.13641	
5.9726	0.0553792	6.14557	4.04144e-05	4.06861e-05	8.58825e-05	5.90453	0.0399604	6.23911	
6.01239	0.0217745	6.19541	4.04014e-05	4.05832e-05	8.59766e-05	6.04361	-0.0545873	6.34346	
6.06621	-0.0264053	6.21172	4.03964e-05	4.06559e-05	8.59662e-05	6.06717	-0.116394	6.28096	
6.09065	-0.0759884	6.26126	4.03921e-05	4.05459e-05	8.60474e-05	6.09784	-0.176012	6.382	
6.15504	-0.0761464	6.3663	4.039e-05	4.05291e-05	8.6096e-05	6.19314	-0.0743556	6.46012	
6.15673	-0.104078	6.44357	4.03888e-05	4.05234e-05	8.6123e-05	6.09785	-0.178755	6.44847	
6.14869	-0.0984565	6.43045	4.03885e-05	4.04388e-05	8.61983e-05	6.13852	-0.0919097	6.39663	
6.19564	-0.0536901	6.42825	4.03904e-05	4.05518e-05	8.61463e-05	6.175	0.0120809	6.31276	
6.22658	-0.0292671	6.36153	4.03911e-05	4.05603e-05	8.61194e-05	6.20556	0.00763434	6.17096	
6.25172	-0.0213983	6.32402	4.03903e-05	4.05684e-05	8.61025e-05	6.22404	-0.0160554	6.27505	
6.31654	-0.0275804	6.34333	4.03894e-05	4.05554e-05	8.61053e-05	6.37625	-0.0248024	6.2904	
6.39794	-0.0285887	6.36927	4.03892e-05	4.0576e-05	8.6091e-05	6.49806	-0.0361428	6.45404	
6.44311	-0.023428	6.40275	4.03886e-05	4.04636e-05	8.6168e-05	6.52791	-0.0174023	6.44959	
6.4648	-0.0237651	6.37087	4.03883e-05	4.04116e-05	8.62386e-05	6.5234	-0.0310055	6.34125	
6.46189	-0.0536748	6.3734	4.03883e-05	4.04004e-05	8.62777e-05	6.46235	-0.0953005	6.4356	
6.46609	-0.0570632	6.42929	4.03882e-05	4.03938e-05	8.63007e-05	6.45813	-0.0757507	6.57233	
6.45314	-0.116016	6.42332	4.03884e-05	4.04007e-05	8.63064e-05	6.39834	-0.239881	6.37359	
6.43312	-0.124177	6.387	4.03888e-05	4.04176e-05	8.62971e-05	6.35804	-0.148514	6.45457	
6.47692	-0.124512	6.50458	4.03903e-05	4.05567e-05	8.61899e-05	6.44597	-0.15231	6.32994	
6.5362	-0.142616	6.40464	4.03998e-05	4.07416e-05	8.60016e-05	6.51888	-0.216304	6.29492	
6.58354	-0.157635	6.51118	4.03967e-05	4.07217e-05	8.59379e-05	6.59167	-0.1895	6.58629	
6.63298	-0.162602	6.60284	4.0399e-05	4.06978e-05	8.59234e-05	6.65367	-0.189955	6.53716	
6.67938	-0.157607	6.57242	4.04026e-05	4.06439e-05	8.59517e-05	6.70646	-0.181099	6.5212	
6.67931	-0.163407	6.56319	4.04013e-05	4.05849e-05	8.60065e-05	6.62928	-0.210412	6.4408	
6.69114	-0.193341	6.52767	4.03982e-05	4.05279e-05	8.60737e-05	6.67236	-0.248063	6.3369	
6.73105	-0.23461	6.57072	4.04045e-05	4.0631e-05	8.60221e-05	6.70678	-0.325553	6.53997	
6.80212	-0.284424	6.69145	4.0407e-05	4.06384e-05	8.59946e-05	6.84701	-0.407704	6.62405	
6.89725	-0.338461	6.78851	4.04333e-05	4.07415e-05	8.58875e-05	6.98523	-0.522644	6.8848	
6.98406	-0.438005	6.94737	4.04307e-05	4.0637e-05	8.5921e-05	7.09954	-0.668397	7.06876	
7.07627	-0.438825	7.08791	4.04679e-05	4.06323e-05	8.59092e-05	7.17013	-0.526866	7.19359	
7.17397	-0.453055	7.23706	4.05653e-05	4.06667e-05	8.58069e-05	7.27882	-0.567449	7.20309	
7.21719	-0.435467	7.28748	4.05154e-05	4.05428e-05	8.58916e-05	7.26887	-0.44507	7.36325	
7.25044	-0.400965	7.4246	4.05287e-05	4.05007e-05	8.59465e-05	7.27633	-0.414701	7.38454	
7.28935	-0.360406	7.46411	4.04673e-05	4.04418e-05	8.60587e-05	7.34702	-0.300751	7.59512	
7.31726	-0.271685	7.49306	4.04354e-05	4.04145e-05	8.61505e-05	7.36374	-0.119309	7.5527	
7.33699	-0.226302	7.46656	4.0402e-05	4.03967e-05	8.62292e-05	7.38733	-0.0708289	7.51253	
7.31599	-0.223709	7.39956	4.05099e-05	4.04084e-05	8.61765e-05	7.32035	-0.0857391	7.48601	
7.30976	-0.245196	7.29301	4.05999e-05	4.04305e-05	8.60741e-05	7.34701	-0.198765	7.27613	
7.2991	-0.303116	7.16142	4.05835e-05	4.04401e-05	8.60364e-05	7.31882	-0.33714	7.20998	
7.29516	-0.331406	7.14082	4.04808e-05	4.04156e-05	8.61126e-05	7.28823	-0.381858	7.22213	
7.31478	-0.322632	7.08503	4.04125e-05	4.03963e-05	8.6208e-05	7.31872	-0.353101	7.0188	
7.32337	-0.335348	7.06571	4.04162e-05	4.04119e-05	8.62345e-05	7.30843	-0.389811	7.21674	
7.36984	-0.326802	7.10726	4.04292e-05	4.04289e-05	8.62254e-05	7.4008	-0.375359	7.17024	
7.42814	-0.274719	7.06035	4.04827e-05	4.0475e-05	8.61493e-05	7.49324	-0.252272	7.19182	
7.45859	-0.216812	7.10644	4.04486e-05	4.04453e-05	8.61647e-05	7.52322	-0.124916	7.23845	
7.49432	-0.176286	7.04084	4.04087e-05	4.04077e-05	8.62274e-05	7.56491	-0.0915402	7.0573	
7.49628	-0.182198	6.8956	4.0398e-05	4.03983e-05	8.62683e-05	7.53204	-0.144425	6.88071	
7.43955	-0.204194	6.80437	4.04028e-05	4.04116e-05	8.62731e-05	7.38036	-0.214784	6.77795	
7.45081	-0.169902	6.75076	4.03928e-05	4.03946e-05	8.62961e-05	7.45268	-0.126022	6.70812	
7.44892	-0.131407	6.81414	4.0406e-05	4.0462e-05	8.62468e-05	7.33458	-0.132811	7.11873	
7.41289	-0.176827	7.13694	4.04017e-05	4.04215e-05	8.62598e-05	7.44207	-0.201348	7.03847	
7.41818	-0.15633	7.20084	4.04629e-05	4.04376e-05	8.62077e-05	7.34856	-0.235516	7.2944	
7.43418	-0.141553	7.47925	4.04624e-05	4.04341e-05	8.61888e-05	7.41596	-0.157931	7.38255	
7.47059	-0.0531593	7.46581	4.08458e-05	4.04922e-05	8.58543e-05	7.46498	-0.056041	7.39495	
7.43547	-0.0315374	7.58849	4.08014e-05	4.04719e-05	8.57614e-05	7.30484	-0.0769893	7.42127	
7.42947	-0.0251991	7.60862	4.0828e-05	4.045e-05	8.57134e-05	7.37191	-0.120888	7.38545	
7.42299	0.0116623	7.65081	4.0983e-05	4.04457e-05	8.55787e-05	7.38061	-0.0568779	7.6683	
7.39271	0.0689854	7.72367	4.11386e-05	4.04386e-05	8.54109e-05	7.29064	0.0148968	7.50724	
7.36172	0.148371	7.61151	4.12013e-05	4.04221e-05	8.53036e-05	7.27125	0.148783	7.48402	
7.3765	0.23549	7.63105	4.11649e-05	4.0425e-05	8.52793e-05	7.38846	0.273247	7.6284	
7.40099	0.321278	7.59645	4.09594e-05	4.04158e-05	8.54228e-05	7.42566	0.389298	7.60891	
7.42249	0.371173	7.57204	4.06994e-05	4.04042e-05	8.56803e-05	7.44862	0.429304	7.49477	
7.41836	0.377522	7.56361	4.05052e-05	4.0394e-05	8.59399e-05	7.41888	0.408855	7.55647	
7.38865	0.421575	7.59691	4.04374e-05	4.03906e-05	8.61062e-05	7.33501	0.515955	7.6057	
7.317	0.519629	7.57914	4.04301e-05	4.03906e-05	8.61878e-05	7.17612	0.672249	7.47745	
7.25913	0.608906	7.4554	4.04036e-05	4.0389e-05	8.62483e-05	7.14809	0.796827	7.2876	
7.22644	0.641556	7.23037	4.03942e-05	4.03887e-05	8.62846e-05	7.14569	0.730068	7.09345	
7.18411	0.717325	7.09575	4.03923e-05	4.03891e-05	8.63035e-05	7.11474	0.876758	7.13709	
7.13407	0.749184	7.0195	4.03906e-05	4.03896e-05	8.63142e-05	7.0175	0.822282	6.86797	
7.03055	0.790278	6.84827	4.03893e-05	4.03888e-05	8.63212e-05	6.85754	0.8902	6.83724	
7.01918	0.8069	6.81601	4.04094e-05	4.0442e-05	8.62707e-05	6.90525	0.79001	6.70027	
7.02158	0.80905	6.72328	4.04623e-05	4.05942e-05	8.60986e-05	6.92686	0.733436	6.88976	
7.04335	0.841818	6.82971	4.04787e-05	4.0709e-05	8.5929e-05	6.97514	0.855656	6.87881	
7.05368	0.876459	6.75917	4.05339e-05	4.08383e-05	8.57192e-05	6.93782	0.857817	6.77842	
7.05684	0.904274	6.76275	4.05014e-05	4.07603e-05	8.57086e-05	6.98212	0.919439	6.80727	
7.09655	0.920831	6.76822	4.05091e-05	4.08075e-05	8.56587e-05	7.0533	0.90886	6.70167	
7.07742	0.98376	6.71173	4.04886e-05	4.07415e-05	8.5699e-05	6.96609	1.0552	6.57526	
7.07913	1.00976	6.72341	4.04585e-05	4.06585e-05	8.57971e-05	7.00836	1.03154	6.50323	
7.07941	1.04833	6.71353	4.04577e-05	4.06754e-05	8.58263e-05	6.99326	1.08113	6.73909	
7.0859	1.05556	6.77442	4.04381e-05	4.06038e-05	8.5907e-05	7.03072	1.04324	6.59195	
7.05089	1.10342	6.73569	4.04471e-05	4.06208e-05	8.59229e-05	6.88738	1.13867	6.74699	
7.00074	1.14291	6.81456	4.0435e-05	4.05769e-05	8.59725e-05	6.84355	1.19042	6.68818	
7.03364	1.13546	6.6891	4.04768e-05	4.0684e-05	8.58848e-05	6.99253	1.04462	6.65848	
7.09676	1.12873	6.70461	4.0498e-05	4.08542e-05	8.57085e-05	7.08677	1.04958	6.7579	
7.13763	1.10866	6.81361	4.04828e-05	4.08155e-05	8.56735e-05	7.12755	1.02557	6.77803	
7.13902	1.12033	6.8875	4.04767e-05	4.07316e-05	8.57218e-05	7.06818	1.10509	6.81625	
7.19022	1.13386	6.99097	4.049e-05	4.06943e-05	8.57576e-05	7.21494	1.10442	6.93381	
7.27681	1.16739	7.04044	4.05275e-05	4.06793e-05	8.57561e-05	7.38144	1.16488	7.0451	
7.33211	1.15872	7.18342	4.04916e-05	4.05709e-05	8.5862e-05	7.4173	1.09589	7.34563	
7.38163	1.15565	7.33161	4.0434e-05	4.04665e-05	8.60259e-05	7.48452	1.11512	7.39333	
7.42838	1.15843	7.45225	4.04728e-05	4.04533e-05	8.60777e-05	7.45791	1.0843	7.58093	
7.45893	1.145	7.58814	4.04565e-05	4.04246e-05	8.61361e-05	7.51656	1.07464	7.6739	
7.50192	1.18017	7.62285	4.0561e-05	4.042e-05	8.60893e-05	7.55126	1.16332	7.62291	
7.54818	1.23278	7.68504	4.06586e-05	4.0416e-05	8.60027e-05	7.62097	1.2312	7.75497	
7.53367	1.27916	7.78831	4.06501e-05	4.0406e-05	8.598e-05	7.49457	1.28615	7.7998	
7.51358	1.29975	7.86753	4.06066e-05	4.03968e-05	8.6008e-05	7.4689	1.29233	7.86999	
7.48689	1.27788	7.8899	4.05534e-05	4.03916e-05	8.60618e-05	7.45725	1.19245	8.02769	
7.48831	1.30098	7.84732	4.05858e-05	4.03895e-05	8.60622e-05	7.48182	1.24985	7.84922	
7.46803	1.32613	7.72172	4.07555e-05	4.03888e-05	8.59387e-05	7.44741	1.24654	7.7642	
7.4682	1.37927	7.77735	4.07667e-05	4.039e-05	8.58781e-05	7.47009	1.37146	7.84829	
7.43479	1.37379	7.76378	4.09201e-05	4.03911e-05	8.57373e-05	7.35461	1.22745	7.84311	
7.46067	1.3772	7.76687	4.07477e-05	4.03904e-05	8.58038e-05	7.50164	1.3322	7.89616	
7.50091	1.47911	7.72978	4.1146e-05	4.03935e-05	8.55336e-05	7.56899	1.46415	7.90361	
7.54939	1.49234	7.7713	4.1057e-05	4.03948e-05	8.54848e-05	7.62498	1.41389	7.89469	
7.62275	1.50044	7.8225	4.08302e-05	4.03922e-05	8.56283e-05	7.75367	1.4459	7.98221	
7.63101	1.51908	7.89217	4.09624e-05	4.03906e-05	8.55898e-05	7.65717	1.41725	7.98644	
7.64906	1.54637	7.96026	4.09867e-05	4.03888e-05	8.55583e-05	7.68244	1.48049	7.85776	
7.64168	1.57105	7.93712	4.11396e-05	4.03905e-05	8.54315e-05	7.64376	1.44815	7.93832	
7.64994	1.60662	8.05447	4.10856e-05	4.03913e-05	8.5417e-05	7.66155	1.5487	8.0546	
7.59046	1.66201	8.04423	4.12165e-05	4.0403e-05	8.53042e-05	7.52614	1.62191	8.09686	
7.52124	1.694	8.02519	4.11103e-05	4.0406e-05	8.53314e-05	7.40075	1.63569	7.83311	
7.4766	1.76802	7.8701	4.09488e-05	4.04031e-05	8.54609e-05	7.38977	1.82839	7.78006	
7.42488	1.80796	7.82021	4.09697e-05	4.03948e-05	8.55054e-05	7.32401	1.74367	7.79829	
7.37362	1.79366	7.71851	4.06846e-05	4.03907e-05	8.57379e-05	7.2748	1.73473	7.54161	
7.29899	1.84869	7.58293	4.07474e-05	4.039e-05	8.57914e-05	7.13107	1.85807	7.38515	
7.2695	1.94156	7.50592	4.08779e-05	4.04035e-05	8.57124e-05	7.16269	1.9942	7.29527	
7.26102	2.00276	7.41794	4.08977e-05	4.04226e-05	8.56534e-05	7.19408	1.98967	7.40082	
7.20166	2.03643	7.43044	4.07375e-05	4.04235e-05	8.57457e-05	7.05849	2.03618	7.45032	
7.19601	2.07818	7.36731	4.06562e-05	4.04237e-05	8.58431e-05	7.13763	2.09547	7.38851	
7.18164	2.13489	7.23611	4.06902e-05	4.04479e-05	8.58422e-05	7.08795	2.14125	7.33617	
7.18004	2.15597	7.21012	4.0613e-05	4.0451e-05	8.58983e-05	7.13421	2.13735	7.24997	
7.19211	2.22282	7.14869	4.05906e-05	4.04657e-05	8.59285e-05	7.16748	2.28691	7.22699	
7.2212	2.25716	7.16147	4.05839e-05	4.04893e-05	8.59299e-05	7.23157	2.26204	7.18907	
7.20621	2.29511	7.12419	4.04878e-05	4.04417e-05	8.60373e-05	7.17355	2.34064	7.18897	
7.24274	2.36578	7.14083	4.04686e-05	4.04386e-05	8.60994e-05	7.28353	2.46341	7.1251	
7.21954	2.41014	7.06741	4.04417e-05	4.04236e-05	8.61583e-05	7.13809	2.48508	7.04981	
7.16483	2.44443	7.07456	4.04017e-05	4.03964e-05	8.62345e-05	7.10833	2.55644	7.12881	
7.17173	2.47434	7.03569	4.04034e-05	4.03996e-05	8.62647e-05	7.16888	2.48966	7.10261	
7.20328	2.5186	6.93543	4.04049e-05	4.04037e-05	8.62752e-05	7.25239	2.57993	6.97504	
7.23772	2.5507	6.91748	4.0406e-05	4.04106e-05	8.62751e-05	7.27847	2.60025	6.88972	
7.20584	2.54998	6.95776	4.03922e-05	4.03925e-05	8.62993e-05	7.15649	2.5713	7.03967	
7.23155	2.57406	7.00845	4.03901e-05	4.03907e-05	8.63127e-05	7.3104	2.62796	6.97667	
7.32331	2.62581	7.02361	4.03991e-05	4.04012e-05	8.63045e-05	7.45912	2.66579	7.17974	
7.34118	2.57864	7.14494	4.03904e-05	4.03908e-05	8.63156e-05	7.40062	2.51266	7.31603	
7.30398	2.54617	7.23766	4.0419e-05	4.0412e-05	8.62836e-05	7.28419	2.53688	7.30695	
7.33737	2.57744	7.28629	4.03972e-05	4.03929e-05	8.63005e-05	7.36442	2.59123	7.24246	
7.33872	2.58396	7.30373	4.04207e-05	4.04011e-05	8.62839e-05	7.32497	2.55182	7.34697	
7.36236	2.57362	7.39436	4.04135e-05	4.0398e-05	8.62846e-05	7.41039	2.53529	7.37459	
7.36607	2.58358	7.44695	4.0484e-05	4.0415e-05	8.622e-05	7.3431	2.53879	7.58799	
7.34443	2.66084	7.54176	4.05162e-05	4.04177e-05	8.61671e-05	7.27406	2.75913	7.50579	
7.35266	2.71831	7.50813	4.06434e-05	4.04262e-05	8.60437e-05	7.32748	2.70748	7.55313	
7.36298	2.74259	7.45256	4.0505e-05	4.04055e-05	8.61078e-05	7.39427	2.77738	7.50422	
7.41752	2.75001	7.46446	4.05029e-05	4.04064e-05	8.61331e-05	7.48803	2.7265	7.56221	
7.46631	2.75965	7.52952	4.04535e-05	4.03987e-05	8.61858e-05	7.54232	2.74736	7.66684	
7.43777	2.76395	7.64974	4.04842e-05	4.04011e-05	8.61838e-05	7.38702	2.69613	7.73995	
7.42295	2.76766	7.68765	4.04838e-05	4.0397e-05	8.61873e-05	7.37856	2.71254	7.62321	
7.39788	2.8004	7.60204	4.06064e-05	4.03985e-05	8.60978e-05	7.33576	2.74143	7.60959	
7.3831	2.88449	7.64099	4.06766e-05	4.0404e-05	8.60045e-05	7.3382	2.95311	7.64387	
7.32296	2.94106	7.63595	4.07539e-05	4.04068e-05	8.59052e-05	7.19002	2.92729	7.68882	
7.29251	3.00046	7.54754	4.05605e-05	4.03969e-05	8.6011e-05	7.22601	3.10164	7.48488	
7.32345	3.08828	7.33506	4.05827e-05	4.0402e-05	8.60329e-05	7.35187	3.18018	7.23846	
7.31111	3.14131	7.24302	4.04803e-05	4.03962e-05	8.61224e-05	7.26819	3.21971	7.15887	
7.32012	3.19239	7.22541	4.04144e-05	4.03904e-05	8.62134e-05	7.33152	3.31863	7.07219	
7.28453	3.23243	7.15428	4.03996e-05	4.03892e-05	8.62652e-05	7.18502	3.31268	7.00609	
7.25619	3.25567	7.16985	4.0413e-05	4.04055e-05	8.62673e-05	7.23856	3.33797	7.132	
7.24535	3.22433	7.13638	4.03933e-05	4.0391e-05	8.62953e-05	7.20048	3.14877	7.10379	
7.2605	3.23702	7.15367	4.03923e-05	4.0391e-05	8.63086e-05	7.29639	3.26808	7.26624	
7.23813	3.28773	7.25348	4.04357e-05	4.0421e-05	8.62608e-05	7.11708	3.31497	7.26241	
7.21133	3.35187	7.22171	4.04076e-05	4.04014e-05	8.62765e-05	7.16333	3.48185	7.13679	
7.16112	3.45925	7.16832	4.04616e-05	4.04303e-05	8.62214e-05	7.02876	3.59903	7.25496	
7.09974	3.53693	7.03856	4.04168e-05	4.04046e-05	8.62503e-05	6.98239	3.70319	6.85802	
7.09929	3.62458	6.81911	4.04127e-05	4.04066e-05	8.62632e-05	7.06856	3.77399	6.79047	
7.09975	3.66199	6.68382	4.04273e-05	4.04585e-05	8.62196e-05	7.02612	3.71563	6.50408	
7.08169	3.6712	6.58634	4.04026e-05	4.04123e-05	8.62538e-05	7.05581	3.6993	6.63695	
7.11222	3.68396	6.65839	4.04024e-05	4.04536e-05	8.62372e-05	7.08481	3.67985	6.66654	
7.1027	3.73246	6.69349	4.04012e-05	4.0459e-05	8.62275e-05	7.04475	3.80233	6.83485	
7.12635	3.77888	6.67434	4.03977e-05	4.04403e-05	8.62396e-05	7.13273	3.84694	6.46621	
7.06624	3.80486	6.54323	4.03968e-05	4.0437e-05	8.62476e-05	6.90814	3.83794	6.50102	
7.026	3.8205	6.6119	4.03909e-05	4.04016e-05	8.62815e-05	6.94098	3.84056	6.63226	
7.06451	3.86078	6.64784	4.04098e-05	4.05587e-05	8.61662e-05	6.99937	3.88085	6.81735	
7.07587	3.91039	6.71735	4.04127e-05	4.05706e-05	8.61074e-05	7.03676	3.97499	6.94938	
7.09509	3.8889	6.68174	4.04137e-05	4.05466e-05	8.60981e-05	7.08353	3.82924	6.77301	
7.08962	3.88678	6.6275	4.04033e-05	4.048e-05	8.61493e-05	7.07948	3.87705	6.8876	
7.08725	3.95345	6.78712	4.04052e-05	4.05039e-05	8.61509e-05	7.0276	4.05284	6.96658	
7.14908	4.00503	6.75806	4.04134e-05	4.051e-05	8.61415e-05	7.20568	4.07757	6.80896	
7.12097	4.01458	6.64214	4.04048e-05	4.04639e-05	8.61781e-05	7.05051	4.01542	6.81172	
7.11187	4.05798	6.69981	4.03921e-05	4.0406e-05	8.62455e-05	7.12512	4.15001	6.85846	
7.13363	4.10032	6.71402	4.04021e-05	4.04524e-05	8.62327e-05	7.11267	4.15923	6.78816	
7.20473	4.05664	6.64374	4.03912e-05	4.04018e-05	8.62741e-05	7.38732	3.98912	6.7127	
7.31536	4.05879	6.64811	4.03922e-05	4.04121e-05	8.62835e-05	7.50328	4.04456	6.7585	
7.36839	4.00304	6.86738	4.03924e-05	4.04162e-05	8.62852e-05	7.5538	3.91351	6.91259	
7.3878	3.9868	7.05649	4.0412e-05	4.04621e-05	8.6238e-05	7.4884	3.99188	7.13187	
7.35392	3.96446	7.26751	4.0406e-05	4.04308e-05	8.62461e-05	7.32376	3.9613	7.17066	
7.36056	3.93714	7.30147	4.03948e-05	4.04048e-05	8.62762e-05	7.3846	3.88768	7.04536	
7.3919	3.95772	7.37598	4.04264e-05	4.04019e-05	8.62675e-05	7.4017	3.93727	7.42395	
7.44503	4.00001	7.5335	4.04583e-05	4.04081e-05	8.62362e-05	7.52533	4.03349	7.36539	
7.48587	4.07483	7.57545	4.05564e-05	4.04155e-05	8.61452e-05	7.53841	4.10816	7.59906	
7.46345	4.08891	7.72313	4.04655e-05	4.04002e-05	8.61848e-05	7.43107	4.10787	7.7115	
7.42798	4.06719	7.74951	4.04374e-05	4.03939e-05	8.62253e-05	7.36416	4.00843	7.74938	
7.43016	4.08702	7.72733	4.04576e-05	4.03916e-05	8.62289e-05	7.41974	4.07871	7.75111	
7.46362	4.1666	7.67168	4.06316e-05	4.03936e-05	8.61012e-05	7.49893	4.18387	7.67633	
7.43859	4.19011	7.69092	4.06327e-05	4.03945e-05	8.60464e-05	7.3569	4.15399	7.79064	
7.44581	4.1956	7.73725	4.05293e-05	4.03919e-05	8.60997e-05	7.44025	4.17829	7.73344	
7.44933	4.2305	7.6854	4.05805e-05	4.03919e-05	8.60826e-05	7.44776	4.20502	7.81778	
7.47782	4.22599	7.69869	4.05962e-05	4.0393e-05	8.60632e-05	7.53192	4.14474	7.61865	
7.50673	4.28776	7.58127	4.06017e-05	4.03932e-05	8.60506e-05	7.54919	4.333	7.44995	
7.52913	4.3217	7.69586	4.07193e-05	4.04047e-05	8.59498e-05	7.55156	4.25824	7.63845	
7.54172	4.27202	7.79407	4.05358e-05	4.03952e-05	8.60492e-05	7.55758	4.18597	7.71169	
7.5891	4.34223	7.78845	4.06404e-05	4.03927e-05	8.6014e-05	7.64746	4.37687	7.66823	
7.58611	4.39609	7.85218	4.08974e-05	4.03924e-05	8.5811e-05	7.57018	4.32233	7.79454	
7.59852	4.41205	7.9534	4.06721e-05	4.03899e-05	8.58933e-05	7.61905	4.405	7.8325	
7.60665	4.44259	7.95122	4.07548e-05	4.03891e-05	8.58644e-05	7.64451	4.39265	7.97099	
7.64844	4.50604	8.02232	4.06832e-05	4.03893e-05	8.59045e-05	7.74201	4.53976	7.97785	
7.69069	4.54437	8.01406	4.07761e-05	4.03935e-05	8.58494e-05	7.78828	4.51379	8.03379	
7.72761	4.55057	8.10862	4.05985e-05	4.03915e-05	8.59589e-05	7.81188	4.54447	8.10443	
7.7053	4.65295	8.1853	4.07203e-05	4.0402e-05	8.59067e-05	7.72569	4.72717	8.23818	
7.69902	4.73936	8.24784	4.07308e-05	4.04125e-05	8.58708e-05	7.72247	4.81654	8.20568	
7.73851	4.77482	8.2298	4.05165e-05	4.03968e-05	8.60248e-05	7.83459	4.84856	8.24043	
7.74097	4.77643	8.25665	4.0442e-05	4.03918e-05	8.61474e-05	7.75126	4.79114	8.21999	
7.74346	4.78101	8.29374	4.0421e-05	4.03911e-05	8.62172e-05	7.74282	4.77233	8.14117	
7.7606	4.81702	8.22077	4.04355e-05	4.03959e-05	8.62352e-05	7.80186	4.83174	8.01118	
7.77463	4.84644	8.23357	4.04676e-05	4.04007e-05	8.62179e-05	7.83407	4.84727	8.0717	
7.78913	4.91116	8.28392	4.04589e-05	4.03994e-05	8.62193e-05	7.83776	5.00116	8.04288	
7.76226	5.00274	8.28644	4.05041e-05	4.04098e-05	8.61793e-05	7.73227	5.10989	8.10407	
7.77327	5.03585	8.36529	4.04238e-05	4.03947e-05	8.6233e-05	7.78239	5.11826	8.12986	
7.75179	5.06363	8.36675	4.04002e-05	4.03908e-05	8.62753e-05	7.70131	5.16956	8.19038	
7.73859	5.11324	8.43416	4.03943e-05	4.03897e-05	8.62989e-05	7.68963	5.24504	8.33073	
7.73948	5.13678	8.43703	4.04022e-05	4.03937e-05	8.63009e-05	7.72122	5.22235	8.38077	
7.73516	5.14453	8.45657	4.0415e-05	4.03996e-05	8.62887e-05	7.70876	5.20342	8.42014	
7.75875	5.15745	8.46746	4.04091e-05	4.03974e-05	8.629e-05	7.78673	5.18716	8.44707	
7.75621	5.15266	8.41016	4.03997e-05	4.03934e-05	8.63005e-05	7.74723	5.15991	8.32312	
7.75311	5.16604	8.39548	4.03918e-05	4.03897e-05	8.63135e-05	7.77312	5.19356	8.29496	
7.8081	5.18321	8.36618	4.04037e-05	4.03938e-05	8.63072e-05	7.92703	5.17554	8.31575	
7.83185	5.22487	8.40152	4.04245e-05	4.04002e-05	8.62848e-05	7.92046	5.26069	8.46464	
7.82776	5.23487	8.48568	4.05151e-05	4.04337e-05	8.61838e-05	7.86726	5.15065	8.45029	
7.81965	5.26579	8.48317	4.05087e-05	4.04392e-05	8.61417e-05	7.86628	5.28007	8.47691	
7.79436	5.28974	8.46936	4.06078e-05	4.04949e-05	8.60081e-05	7.81179	5.23695	8.45741	
7.77334	5.31202	8.44899	4.05501e-05	4.04677e-05	8.60133e-05	7.76544	5.30753	8.38345	
7.73671	5.36867	8.40437	4.05942e-05	4.04862e-05	8.59665e-05	7.72888	5.40517	8.40762	
7.70903	5.38644	8.3917	4.05417e-05	4.04566e-05	8.60062e-05	7.69922	5.3669	8.4072	
7.68864	5.4086	8.34239	4.04752e-05	4.04255e-05	8.60935e-05	7.67098	5.41519	8.30655	
7.64185	5.44097	8.27231	4.04675e-05	4.04175e-05	8.61419e-05	7.57731	5.45403	8.26114	
7.63313	5.45861	8.19913	4.04449e-05	4.04061e-05	8.61887e-05	7.60539	5.45846	8.13192	
7.63684	5.48489	8.11964	4.04203e-05	4.03972e-05	8.62345e-05	7.64861	5.51869	8.15781	
7.68979	5.50654	8.12035	4.04398e-05	4.03958e-05	8.62417e-05	7.81805	5.47819	8.07003	
7.75122	5.51494	8.10867	4.04289e-05	4.03931e-05	8.62562e-05	7.87437	5.50824	8.19422	
7.76598	5.54012	8.21167	4.04974e-05	4.0397e-05	8.62095e-05	7.81837	5.51287	8.1604	
7.70929	5.53673	8.25815	4.06117e-05	4.04135e-05	8.6094e-05	7.64057	5.41324	8.1691	
7.63102	5.57311	8.25814	4.06626e-05	4.04278e-05	8.59969e-05	7.50395	5.55802	8.10324	
7.60972	5.66377	8.1426	4.07689e-05	4.04508e-05	8.5859e-05	7.60815	5.71933	8.09428	
7.56549	5.67238	8.07822	4.06646e-05	4.04272e-05	8.58929e-05	7.49378	5.64145	8.09305	
7.55744	5.68383	8.04023	4.05099e-05	4.04048e-05	8.60342e-05	7.53118	5.69285	7.89888	
7.534	5.72007	7.90534	4.05308e-05	4.03999e-05	8.60808e-05	7.49729	5.7382	7.8816	
7.50331	5.72981	7.95942	4.05112e-05	4.03936e-05	8.61213e-05	7.44322	5.70265	8.00769	
7.468	5.77702	7.92585	4.05163e-05	4.03916e-05	8.61376e-05	7.40971	5.81389	7.99282	
7.43966	5.80227	7.87691	4.05658e-05	4.03906e-05	8.61101e-05	7.38294	5.77215	8.04926	
7.42039	5.83134	7.80971	4.05042e-05	4.03892e-05	8.61457e-05	7.40603	5.8308	7.90689	
7.42217	5.87408	7.71841	4.05551e-05	4.03885e-05	8.61237e-05	7.42102	5.87752	7.85539	
7.43394	5.92289	7.70739	4.05259e-05	4.03887e-05	8.61364e-05	7.46137	5.97453	7.89492	
7.46318	5.99152	7.71616	4.05298e-05	4.03895e-05	8.61381e-05	7.52461	6.0795	7.89216	
7.50764	6.05059	7.73337	4.04629e-05	4.0389e-05	8.61887e-05	7.59572	6.14269	7.93318	
7.53258	6.05196	7.81355	4.04146e-05	4.03884e-05	8.62461e-05	7.57039	6.07911	8.05808	
7.54088	6.06508	7.8474	4.03993e-05	4.03883e-05	8.62825e-05	7.58427	6.11736	7.90564	
7.53884	6.09219	7.87396	4.04028e-05	4.03882e-05	8.62966e-05	7.51494	6.10275	8.0612	
7.51899	6.10215	7.90269	4.03958e-05	4.03882e-05	8.63088e-05	7.46322	6.10657	7.95562	
7.47004	6.12695	7.85656	4.04099e-05	4.03882e-05	8.63043e-05	7.36488	6.13729	7.89762	
7.41572	6.15802	7.78579	4.0429e-05	4.03882e-05	8.62888e-05	7.29779	6.1883	7.68597	
7.42006	6.20035	7.61311	4.04448e-05	4.03882e-05	8.62708e-05	7.42538	6.22	7.49562	
7.44847	6.18635	7.55656	4.04856e-05	4.03906e-05	8.62312e-05	7.49509	6.08709	7.53411	
7.45811	6.15725	7.60826	4.04428e-05	4.039e-05	8.62461e-05	7.48402	6.09602	7.54768	
7.46004	6.23733	7.67608	4.06055e-05	4.04003e-05	8.6124e-05	7.44405	6.26408	7.66014	
7.47015	6.26686	7.68768	4.07408e-05	4.04032e-05	8.59708e-05	7.46125	6.21758	7.47657	
7.46791	6.29492	7.60186	4.06021e-05	4.03966e-05	8.60116e-05	7.45572	6.32559	7.37944	
7.46219	6.40855	7.64666	4.06652e-05	4.04024e-05	8.59746e-05	7.42085	6.53109	7.43654	
7.45735	6.48267	7.65843	4.05826e-05	4.03978e-05	8.60225e-05	7.42843	6.56385	7.46804	
7.49067	6.54201	7.6451	4.04393e-05	4.03908e-05	8.61523e-05	7.58089	6.69322	7.56114	
7.54215	6.54893	7.64262	4.04089e-05	4.03892e-05	8.62309e-05	7.64716	6.60335	7.56164	
7.60247	6.52505	7.73292	4.04684e-05	4.03918e-05	8.62204e-05	7.74555	6.5856	7.78523	
7.65254	6.564	7.88141	4.04225e-05	4.03897e-05	8.62536e-05	7.75446	6.62658	7.85379	
7.67096	6.56563	8.02678	4.03972e-05	4.03889e-05	8.62877e-05	7.70947	6.55151	8.03802	
7.62547	6.57439	8.07095	4.03922e-05	4.03885e-05	8.63069e-05	7.55016	6.58053	7.85708	
7.63253	6.59317	8.0329	4.04484e-05	4.03915e-05	8.62722e-05	7.66983	6.55516	7.90222	
7.62495	6.60284	8.01854	4.04436e-05	4.03908e-05	8.62624e-05	7.63492	6.61199	7.96713	
7.64536	6.67044	8.06864	4.05381e-05	4.03932e-05	8.61866e-05	7.69098	6.72763	7.99468	
7.59366	6.75676	8.01162	4.05582e-05	4.03948e-05	8.61385e-05	7.50185	6.8456	7.9131	
7.57891	6.80381	7.99361	4.04972e-05	4.03921e-05	8.61639e-05	7.54688	6.86228	7.7164	
7.54501	6.81825	7.93785	4.04136e-05	4.03892e-05	8.6237e-05	7.47722	6.87213	7.92959	
7.52175	6.8355	7.91591	4.03992e-05	4.03886e-05	8.62786e-05	7.49703	6.87579	7.66889	
7.51762	6.87213	7.81466	4.03943e-05	4.03884e-05	8.6301e-05	7.49425	6.94795	7.71584	
7.51277	6.88649	7.81661	4.03914e-05	4.03883e-05	8.63137e-05	7.50099	6.88604	7.71359	
7.51266	6.86874	7.79442	4.03909e-05	4.03882e-05	8.63203e-05	7.5231	6.85117	7.72322	
7.52093	6.9284	7.78782	4.03983e-05	4.03882e-05	8.63182e-05	7.53552	7.00154	7.68318	
7.53757	6.97089	7.78218	4.04457e-05	4.03884e-05	8.62826e-05	7.5693	6.98746	7.63619	
7.54974	6.99093	7.81047	4.04037e-05	4.03882e-05	8.62988e-05	7.57356	7.02648	7.77948	
7.57969	7.03732	7.87961	4.0411e-05	4.03882e-05	8.62998e-05	7.63881	7.08821	7.84379	
7.58205	7.09572	7.92153	4.04034e-05	4.03882e-05	8.63059e-05	7.59245	7.19493	7.95988	
7.59885	7.07977	7.96323	4.03965e-05	4.03882e-05	8.63136e-05	7.64306	7.03358	7.91246	
7.59797	7.06084	7.9488	4.03937e-05	4.03883e-05	8.63189e-05	7.59424	7.04168	7.8634	
7.60598	7.10507	7.98271	4.04349e-05	4.03885e-05	8.62908e-05	7.61242	7.10533	7.86461	
7.60662	7.09692	7.95677	4.0473e-05	4.03892e-05	8.62505e-05	7.6328	7.0134	7.88032	
7.6012	7.08901	7.97584	4.04919e-05	4.03894e-05	8.62191e-05	7.60206	7.02223	7.87112	
7.59213	7.13929	7.97827	4.066e-05	4.03919e-05	8.60793e-05	7.57695	7.09588	7.91653	
7.59624	7.18313	8.00531	4.07926e-05	4.03941e-05	8.59203e-05	7.61421	7.15617	8.04294	
7.63562	7.26252	8.02264	4.07486e-05	4.03945e-05	8.58833e-05	7.71493	7.32315	8.01313	
7.67618	7.28104	7.98473	4.07522e-05	4.03962e-05	8.58601e-05	7.75978	7.23447	7.95489	
7.69781	7.33168	8.07866	4.05543e-05	4.03918e-05	8.59971e-05	7.7376	7.41469	8.08006	
7.70021	7.39358	8.16827	4.0687e-05	4.03998e-05	8.59497e-05	7.7449	7.40764	8.19736	
7.69147	7.41772	8.25943	4.05108e-05	4.0393e-05	8.60661e-05	7.6814	7.45155	8.38869	
7.66562	7.46087	8.30254	4.05172e-05	4.04003e-05	8.6105e-05	7.62513	7.47808	8.40451	
7.64651	7.47243	8.37547	4.04497e-05	4.03946e-05	8.61771e-05	7.62373	7.4635	8.7657	
7.68019	7.4767	8.75225	4.04185e-05	4.0397e-05	8.623e-05	7.69665	7.54046	8.77425	
7.66438	7.50756	8.88353	4.04119e-05	4.0422e-05	8.62404e-05	7.71817	7.52536	8.95752	
7.65838	7.51298	9.14976	4.04161e-05	4.04491e-05	8.62234e-05	7.69051	7.51096	9.07337	
7.60288	7.53065	9.26175	4.04306e-05	4.06854e-05	8.60321e-05	7.64349	7.53391	9.28837	
7.57382	7.57356	9.34713	4.04201e-05	4.0838e-05	8.58474e-05	7.63823	7.62741	9.29563	
7.50322	7.61416	9.38876	4.04062e-05	4.09363e-05	8.5705e-05	7.50459	7.69166	9.45066	
7.44427	7.62087	9.55347	4.03972e-05	4.10384e-05	8.55728e-05	7.47896	7.62992	9.58293	
7.40284	7.57612	9.60968	4.03908e-05	4.08998e-05	8.56198e-05	7.40397	7.50463	9.49998	
7.36362	7.53891	9.57311	4.03923e-05	4.08564e-05	8.56664e-05	7.38812	7.49303	9.47409	
7.32155	7.49511	9.49564	4.03925e-05	4.0743e-05	8.5768e-05	7.31776	7.4007	9.38157	
7.25524	7.43609	9.44199	4.03913e-05	4.07197e-05	8.5829e-05	7.22619	7.29781	9.35382	
7.26849	7.39398	9.36858	4.03896e-05	4.06359e-05	8.59192e-05	7.36007	7.29974	9.21536	
7.25663	7.39667	9.2497	4.03886e-05	4.05422e-05	8.60285e-05	7.27888	7.38308	9.15464	
7.24066	7.41768	9.2094	4.03932e-05	4.07514e-05	8.59192e-05	7.34834	7.42292	9.1282	
7.25315	7.44843	9.20755	4.0395e-05	4.06812e-05	8.59264e-05	7.35216	7.47419	9.06709	
7.21749	7.47537	9.24363	4.04071e-05	4.08926e-05	8.57644e-05	7.30803	7.48288	9.14128	
7.19221	7.43868	9.35702	4.04089e-05	4.09624e-05	8.56438e-05	7.26643	7.33872	9.25876	
7.2002	7.43743	9.39233	4.04005e-05	4.10357e-05	8.55431e-05	7.35425	7.44023	9.27251	
7.19706	7.43117	9.34755	4.03946e-05	4.11267e-05	8.54355e-05	7.35392	7.41526	9.3784	
7.13261	7.43916	9.38906	4.03953e-05	4.14434e-05	8.51548e-05	7.21201	7.43824	9.30745	
7.07555	7.48654	9.30738	4.03928e-05	4.1626e-05	8.49031e-05	7.1657	7.57802	9.31615	
7.03405	7.55377	9.40938	4.03947e-05	4.14237e-05	8.49389e-05	7.098	7.68731	9.65685	
6.98846	7.61283	9.53962	4.03912e-05	4.13165e-05	8.50284e-05	7.04547	7.71357	9.71869	
6.97176	7.63563	9.59313	4.03895e-05	4.1227e-05	8.51301e-05	7.06852	7.73069	9.78454	
6.91579	7.68506	9.66952	4.03944e-05	4.11648e-05	8.5215e-05	6.94543	7.80089	9.83036	
6.86229	7.69001	9.69471	4.04118e-05	4.12436e-05	8.51819e-05	6.91085	7.7399	9.96533	
6.85145	7.67438	9.73424	4.04194e-05	4.11085e-05	8.52635e-05	6.95385	7.65653	9.6929	
6.81078	7.63149	9.6647	4.04272e-05	4.10071e-05	8.53665e-05	6.83212	7.61079	9.74374	
6.75362	7.62234	9.65096	4.04309e-05	4.10659e-05	8.53654e-05	6.79733	7.62297	9.53849	
6.67356	7.63415	9.5724	4.04168e-05	4.08624e-05	8.55265e-05	6.60793	7.6667	9.61469	
6.61111	7.70553	9.67275	4.04062e-05	4.07792e-05	8.56639e-05	6.55992	7.86973	9.75954	
6.55656	7.74622	9.76994	4.0396e-05	4.05554e-05	8.58964e-05	6.47192	7.82977	9.94953	
6.49132	7.76427	9.94521	4.04011e-05	4.05574e-05	8.59924e-05	6.44645	7.82408	10.0754	
6.48427	7.82719	10.0272	4.03974e-05	4.04777e-05	8.60994e-05	6.48632	7.94761	10.1334	
6.44158	7.85446	10.0647	4.04021e-05	4.0457e-05	8.61601e-05	6.39622	7.96096	10.1473	
6.43532	7.84075	10.1675	4.04612e-05	4.05563e-05	8.60722e-05	6.52088	7.88686	10.2979	
6.41809	7.83127	10.1949	4.04624e-05	4.05214e-05	8.60626e-05	6.42048	7.84547	10.1514	
6.32657	7.80101	10.0568	4.05256e-05	4.0571e-05	8.59752e-05	6.25403	7.81626	10.119	
6.27331	7.76841	10.0697	4.0504e-05	4.05608e-05	8.59616e-05	6.23133	7.74612	10.0405	
6.29882	7.76167	10.0929	4.04337e-05	4.04559e-05	8.60834e-05	6.33034	7.75212	10.0389	
6.31255	7.74567	10.0411	4.04096e-05	4.04203e-05	8.61777e-05	6.3676	7.70088	9.94486	
6.31276	7.76511	9.96932	4.04236e-05	4.04514e-05	8.61857e-05	6.35435	7.85465	9.9495	
6.26552	7.75997	9.95658	4.04286e-05	4.04773e-05	8.61685e-05	6.21718	7.8067	9.96286	
6.17239	7.80646	9.97061	4.04753e-05	4.06181e-05	8.6024e-05	6.09773	7.95719	9.94488	
6.10509	7.85253	10.009	4.0442e-05	4.05312e-05	8.60523e-05	6.00349	7.97373	10.1378	
6.0401	7.81668	10.1832	4.04437e-05	4.05273e-05	8.60635e-05	5.97812	7.80652	10.2429	
6.01747	7.7877	10.2553	4.04501e-05	4.05018e-05	8.60818e-05	6.01851	7.7773	10.2588	
5.95047	7.776	10.222	4.04058e-05	4.0425e-05	8.61786e-05	5.79891	7.73797	10.1794	
5.92432	7.80309	10.2196	4.04042e-05	4.04142e-05	8.62288e-05	5.89635	7.87446	10.3923	
5.96642	7.85019	10.2996	4.04019e-05	4.04032e-05	8.62613e-05	6.00675	7.87329	10.3768	
5.93507	7.78959	10.2825	4.04003e-05	4.03984e-05	8.62812e-05	5.90085	7.71036	10.3105	
5.89651	7.74181	10.2241	4.04382e-05	4.04254e-05	8.62429e-05	5.86597	7.73849	10.2979	
5.89405	7.74895	10.1434	4.04031e-05	4.0399e-05	8.62731e-05	5.91233	7.75602	10.1923	
5.89158	7.79276	10.1073	4.03954e-05	4.03937e-05	8.62952e-05	5.89315	7.88943	10.2233	
5.8084	7.78782	10.0803	4.04002e-05	4.04025e-05	8.62948e-05	5.67639	7.78618	10.1472	
5.71749	7.78773	10.0698	4.0436e-05	4.04633e-05	8.62238e-05	5.60902	7.84297	10.139	
5.68498	7.78798	10.1609	4.03981e-05	4.04029e-05	8.62667e-05	5.56816	7.76774	10.2466	
5.70279	7.82825	10.2286	4.03936e-05	4.0396e-05	8.62922e-05	5.73315	7.88938	10.2015	
5.69932	7.84673	10.198	4.03913e-05	4.03919e-05	8.63078e-05	5.66737	7.88578	10.1373	
5.64478	7.84425	10.1718	4.04338e-05	4.04377e-05	8.62497e-05	5.62617	7.92442	10.0933	
5.58181	7.84914	10.181	4.04261e-05	4.04303e-05	8.6237e-05	5.48009	7.88053	10.1752	
5.48047	7.85386	10.2645	4.04448e-05	4.04516e-05	8.62013e-05	5.34133	7.88855	10.285	
5.46459	7.90687	10.3526	4.04149e-05	4.04172e-05	8.62333e-05	5.42132	7.9952	10.4245	
5.45292	7.92153	10.4804	4.03987e-05	4.03998e-05	8.62707e-05	5.42627	7.95002	10.5145	
5.39958	7.90059	10.4579	4.04754e-05	4.0424e-05	8.62121e-05	5.36762	7.95799	10.3877	
5.42133	7.91565	10.442	4.04647e-05	4.04178e-05	8.62007e-05	5.48574	7.9799	10.5039	
5.41071	7.90212	10.4962	4.04573e-05	4.04146e-05	8.6203e-05	5.39743	7.90565	10.4821	
5.42712	7.85607	10.4265	4.05504e-05	4.04411e-05	8.61154e-05	5.50799	7.86062	10.5447	
5.46147	7.83296	10.3723	4.05146e-05	4.04324e-05	8.61112e-05	5.55679	7.79373	10.3149	
5.47946	7.81077	10.2617	4.05194e-05	4.04429e-05	8.60966e-05	5.57905	7.83536	10.4587	
5.50372	7.80551	10.1541	4.05803e-05	4.05063e-05	8.59983e-05	5.60937	7.87211	10.1196	
5.50741	7.7923	9.97752	4.05654e-05	4.05369e-05	8.59449e-05	5.60091	7.81853	10.0489	
5.45253	7.75991	9.9826	4.06583e-05	4.08515e-05	8.56208e-05	5.53131	7.80641	10.0307	
5.4376	7.74983	9.94697	4.06397e-05	4.09034e-05	8.54593e-05	5.53279	7.80115	10.087	
5.40518	7.70789	9.92376	4.0608e-05	4.09158e-05	8.54001e-05	5.46009	7.7217	9.99124	
5.40656	7.68844	9.83808	4.06039e-05	4.09917e-05	8.53176e-05	5.55057	7.73661	9.86446	
5.43151	7.68344	9.75697	4.05367e-05	4.08912e-05	8.54028e-05	5.57391	7.73399	9.76315	
5.37236	7.67601	9.71592	4.05367e-05	4.11756e-05	8.52274e-05	5.46611	7.72486	9.73063	
5.32229	7.65004	9.67907	4.05282e-05	4.1438e-05	8.49685e-05	5.41656	7.63672	9.65877	
5.28687	7.59198	9.71006	4.04865e-05	4.13127e-05	8.498e-05	5.34123	7.50748	9.70048	
5.21329	7.57501	9.70834	4.0474e-05	4.12778e-05	8.50142e-05	5.22625	7.58814	9.77	
5.12842	7.59326	9.60904	4.04525e-05	4.10876e-05	8.51811e-05	5.06003	7.65264	9.66903	
5.1017	7.61866	9.62299	4.04234e-05	4.08525e-05	8.54439e-05	5.13521	7.69245	9.76227	
5.10989	7.63436	9.70929	4.0405e-05	4.06235e-05	8.57379e-05	5.14256	7.68455	9.76758	
5.13562	7.64818	9.65227	4.04065e-05	4.0632e-05	8.58594e-05	5.29391	7.69026	9.58265	
5.10722	7.62918	9.62151	4.04077e-05	4.06911e-05	8.5873e-05	5.14762	7.6155	9.64531	
5.03019	7.5856	9.6778	4.04194e-05	4.10362e-05	8.56213e-05	5.05739	7.52408	9.62162	
5.01909	7.53494	9.60199	4.04179e-05	4.09392e-05	8.55909e-05	5.09121	7.46287	9.46222	
4.99834	7.51064	9.54711	4.04085e-05	4.08253e-05	8.56657e-05	5.06548	7.48423	9.55386	
5.0194	7.53331	9.48581	4.04038e-05	4.09097e-05	8.56368e-05	5.18767	7.57814	9.42452	
5.0129	7.54262	9.47462	4.03966e-05	4.08652e-05	8.5663e-05	5.10625	7.56847	9.59457	
4.99651	7.53716	9.57924	4.03946e-05	4.13009e-05	8.53552e-05	5.17959	7.54091	9.59998	
4.98087	7.5509	9.51452	4.03988e-05	4.1273e-05	8.52445e-05	5.09124	7.593	9.57914	
4.93952	7.53233	9.50242	4.04011e-05	4.16913e-05	8.48856e-05	5.10422	7.53987	9.55578	
4.87185	7.55653	9.46313	4.03988e-05	4.16727e-05	8.47479e-05	4.92004	7.58923	9.40333	
4.8343	7.61638	9.38213	4.03947e-05	4.17747e-05	8.46119e-05	5.00049	7.73535	9.40414	
4.81479	7.64171	9.53871	4.03901e-05	4.13445e-05	8.48668e-05	4.8977	7.68555	9.65072	
4.75427	7.63123	9.68513	4.03941e-05	4.15093e-05	8.48457e-05	4.83173	7.65438	9.69512	
4.69882	7.64228	9.64418	4.04094e-05	4.13638e-05	8.4934e-05	4.7293	7.68908	9.62096	
4.66597	7.63586	9.60755	4.04155e-05	4.12467e-05	8.50524e-05	4.72227	7.66911	9.64045	
4.56342	7.63344	9.65086	4.04108e-05	4.10694e-05	8.52366e-05	4.48293	7.657	9.6261	
4.54608	7.6427	9.62711	4.04155e-05	4.10528e-05	8.5325e-05	4.64777	7.68106	9.59629	
4.55843	7.67699	9.67035	4.03983e-05	4.06375e-05	8.56828e-05	4.57168	7.73702	9.64852	
4.50881	7.70111	9.69327	4.04106e-05	4.08045e-05	8.57048e-05	4.55733	7.79013	9.6352	
4.46698	7.74601	9.72149	4.04121e-05	4.07723e-05	8.57437e-05	4.47222	7.84207	9.69548	
4.43406	7.77012	9.8014	4.04231e-05	4.08429e-05	8.57035e-05	4.47855	7.85197	9.79751	
4.37252	7.76058	9.87612	4.04334e-05	4.0817e-05	8.57002e-05	4.34621	7.78111	9.77806	
4.31361	7.71896	9.84636	4.04711e-05	4.08989e-05	8.56113e-05	4.33612	7.68573	9.68167	
4.24925	7.67118	9.82207	4.04403e-05	4.06934e-05	8.57477e-05	4.17846	7.58562	9.53065	
4.22614	7.66388	9.77687	4.04274e-05	4.06142e-05	8.58712e-05	4.25315	7.6482	9.57225	
4.24222	7.62303	9.71167	4.04002e-05	4.0456e-05	8.6061e-05	4.24134	7.53003	9.46439	
4.23932	7.58269	9.70666	4.03987e-05	4.0468e-05	8.61357e-05	4.28296	7.51854	9.50008	
4.22824	7.5445	9.67184	4.03966e-05	4.04648e-05	8.61753e-05	4.23486	7.47485	9.57233	
4.1647	7.51942	9.59106	4.04008e-05	4.05487e-05	8.61301e-05	4.13342	7.49913	9.4464	
4.12115	7.47229	9.5092	4.03975e-05	4.05608e-05	8.61066e-05	4.11353	7.40167	9.46963	
4.12635	7.41839	9.46478	4.03925e-05	4.04939e-05	8.61498e-05	4.16625	7.31638	9.2933	
4.12985	7.39035	9.38071	4.03902e-05	4.04716e-05	8.61858e-05	4.18469	7.32674	9.42015	
4.06367	7.42093	9.32874	4.03888e-05	4.05885e-05	8.61163e-05	4.03723	7.49771	9.31392	
3.9746	7.46828	9.24308	4.03892e-05	4.06655e-05	8.60309e-05	3.89349	7.55391	9.25964	
3.94329	7.51806	9.26207	4.03893e-05	4.05519e-05	8.60779e-05	3.9234	7.60591	9.15231	
3.97735	7.51149	9.35544	4.03885e-05	4.04423e-05	8.61773e-05	4.01395	7.51307	9.42379	
3.94051	7.54555	9.42171	4.03883e-05	4.04185e-05	8.62368e-05	3.89802	7.59317	9.24077	
3.8912	7.583	9.32058	4.03883e-05	4.05194e-05	8.61891e-05	3.90949	7.64606	9.21816	
3.86291	7.57828	9.47299	4.03882e-05	4.04293e-05	8.62371e-05	3.79146	7.5743	9.437	
3.82179	7.59469	9.56779	4.03883e-05	4.04656e-05	8.62305e-05	3.81814	7.61928	9.44019	
3.77063	7.60621	9.58322	4.03883e-05	4.04282e-05	8.6256e-05	3.68542	7.63386	9.5924	
3.70232	7.633	9.64442	4.03889e-05	4.04445e-05	8.62546e-05	3.60131	7.67785	9.59521	
3.64082	7.59956	9.71341	4.03884e-05	4.04069e-05	8.62825e-05	3.50874	7.53357	9.85886	
3.58349	7.57627	9.79282	4.03882e-05	4.03946e-05	8.63037e-05	3.45888	7.53019	9.72194	
3.60085	7.54226	9.70646	4.03946e-05	4.04286e-05	8.62833e-05	3.56281	7.44281	9.71663	
3.61428	7.51221	9.6482	4.03965e-05	4.04599e-05	8.62509e-05	3.57234	7.43993	9.55877	
3.6077	7.4462	9.55218	4.03916e-05	4.04183e-05	8.62715e-05	3.58459	7.31846	9.59961	
3.62585	7.39984	9.47652	4.03893e-05	4.0396e-05	8.62978e-05	3.69295	7.32763	9.44136	
3.60904	7.40357	9.30091	4.03886e-05	4.03976e-05	8.63082e-05	3.59718	7.41015	9.313	
3.58673	7.4302	9.25955	4.03905e-05	4.05481e-05	8.62006e-05	3.67227	7.44484	9.32397	
3.56494	7.4561	9.25506	4.0391e-05	4.05375e-05	8.61632e-05	3.5842	7.49619	9.22167	
3.54451	7.48501	9.29655	4.03961e-05	4.07039e-05	8.60195e-05	3.63047	7.51696	9.32187	
3.49753	7.51685	9.32241	4.0394e-05	4.06515e-05	8.59981e-05	3.46729	7.57085	9.20543	
3.39808	7.53436	9.31484	4.03948e-05	4.08227e-05	8.58596e-05	3.35971	7.5526	9.22469	
3.36626	7.5788	9.4069	4.03916e-05	4.06187e-05	8.59524e-05	3.32816	7.64848	9.28544	
3.35796	7.62088	9.45269	4.03896e-05	4.04961e-05	8.60802e-05	3.34903	7.70862	9.41232	
3.31843	7.66809	9.59239	4.03887e-05	4.04585e-05	8.61625e-05	3.27893	7.76526	9.5858	
3.23031	7.71604	9.69965	4.03892e-05	4.04934e-05	8.61731e-05	3.12743	7.81911	9.70355	
3.22415	7.75768	9.79674	4.0391e-05	4.04851e-05	8.61847e-05	3.26141	7.85743	9.82083	
3.2477	7.79071	9.9195	4.03899e-05	4.04348e-05	8.62286e-05	3.29324	7.85428	9.89963	
3.20967	7.82017	9.94867	4.04224e-05	4.05524e-05	8.6137e-05	3.24802	7.94424	9.93615	
3.15388	7.84985	9.94795	4.04694e-05	4.06786e-05	8.59719e-05	3.15429	7.97416	9.91387	
3.10254	7.87752	9.99688	4.051e-05	4.07841e-05	8.57941e-05	3.11885	8.0006	9.9749	
3.04726	7.89384	10.0325	4.05293e-05	4.07905e-05	8.56977e-05	3.05905	7.97742	9.86245	
3.01283	7.88983	10.0901	4.05666e-05	4.08252e-05	8.56003e-05	3.0607	7.95159	10.0353	
2.97521	7.92136	10.1984	4.05461e-05	4.0724e-05	8.56455e-05	2.97906	8.03813	10.067	
2.91048	7.92645	10.1745	4.06076e-05	4.07228e-05	8.56173e-05	2.87351	8.01914	10.1099	
2.78579	7.87877	10.2695	4.06317e-05	4.07143e-05	8.55933e-05	2.63	7.84145	10.2492	
2.69407	7.8173	10.3418	4.0624e-05	4.06478e-05	8.5637e-05	2.58877	7.77667	10.291	
2.69392	7.81837	10.411	4.04522e-05	4.04678e-05	8.5913e-05	2.66075	7.79112	10.3954	
2.67913	7.84021	10.4084	4.04139e-05	4.04163e-05	8.60955e-05	2.62151	7.84744	10.3461	
2.63733	7.83066	10.3412	4.03992e-05	4.04007e-05	8.61992e-05	2.56242	7.82647	10.2767	
2.55226	7.83093	10.3492	4.03929e-05	4.03938e-05	8.62574e-05	2.41027	7.8574	10.2832	
2.50872	7.84979	10.4482	4.03926e-05	4.03916e-05	8.62877e-05	2.41378	7.88653	10.5947	
2.50701	7.81988	10.5611	4.04141e-05	4.03988e-05	8.62818e-05	2.46166	7.70943	10.542	
2.53256	7.8269	10.5478	4.03957e-05	4.03916e-05	8.63e-05	2.56986	7.82835	10.532	
2.53509	7.79451	10.4619	4.04337e-05	4.04003e-05	8.62737e-05	2.49881	7.6837	10.396	
2.53156	7.76368	10.3328	4.03975e-05	4.03916e-05	8.62963e-05	2.56908	7.75747	10.2412	
2.52857	7.74687	10.2106	4.04056e-05	4.03978e-05	8.62951e-05	2.47528	7.66104	10.1186	
2.48518	7.65401	10.1593	4.03932e-05	4.03925e-05	8.6308e-05	2.44107	7.509	10.1331	
2.48493	7.6265	10.0616	4.03922e-05	4.03917e-05	8.63149e-05	2.45437	7.55447	9.96773	
2.50737	7.63537	9.94673	4.04111e-05	4.04258e-05	8.62789e-05	2.50057	7.61709	9.99959	
2.48413	7.66803	9.90497	4.03977e-05	4.04042e-05	8.62898e-05	2.41416	7.7345	9.96937	
2.45301	7.67215	9.89423	4.03908e-05	4.03921e-05	8.6308e-05	2.39777	7.67806	10.0839	
2.44364	7.64793	9.93781	4.03905e-05	4.03967e-05	8.63124e-05	2.45824	7.62431	10.0095	
2.47205	7.61863	9.87615	4.03898e-05	4.03942e-05	8.63168e-05	2.51784	7.5613	9.96031	
2.48691	7.58976	9.72512	4.03935e-05	4.04105e-05	8.63041e-05	2.55483	7.55058	9.57825	
2.49327	7.55321	9.57404	4.04006e-05	4.04852e-05	8.62386e-05	2.58711	7.50268	9.53653	
2.46568	7.5251	9.59458	4.04009e-05	4.06411e-05	8.60957e-05	2.52779	7.48063	9.56449	
2.46113	7.49529	9.55809	4.04048e-05	4.08345e-05	8.58892e-05	2.58315	7.45581	9.64852	
2.41995	7.47302	9.50857	4.04022e-05	4.0893e-05	8.5759e-05	2.45102	7.43139	9.52775	
2.37307	7.46677	9.38705	4.03996e-05	4.1137e-05	8.55225e-05	2.44736	7.4579	9.38458	
2.26261	7.44316	9.32832	4.03918e-05	4.10225e-05	8.55093e-05	2.14451	7.38209	9.25225	
2.14649	7.42627	9.30688	4.03899e-05	4.10682e-05	8.54662e-05	2.06039	7.3792	9.1835	
2.16567	7.41505	9.2552	4.03888e-05	4.06238e-05	8.57723e-05	2.17314	7.38992	9.18494	
2.21161	7.39989	9.214	4.03885e-05	4.04803e-05	8.60048e-05	2.29245	7.3849	9.1864	
2.23067	7.37116	9.25074	4.03902e-05	4.04997e-05	8.60911e-05	2.35328	7.30165	9.27823	
2.25184	7.39325	9.20522	4.03961e-05	4.0674e-05	8.60002e-05	2.40895	7.41059	9.02195	
2.18883	7.41234	9.1584	4.04106e-05	4.09426e-05	8.57573e-05	2.23216	7.42387	9.24318	
2.11613	7.4399	9.30888	4.04338e-05	4.11854e-05	8.54604e-05	2.15712	7.42812	9.05908	
2.05451	7.43795	9.22563	4.04145e-05	4.10535e-05	8.54437e-05	2.04534	7.42806	9.19888	
2.02393	7.42943	9.35753	4.04075e-05	4.08767e-05	8.55652e-05	2.04375	7.40659	9.35238	
1.95472	7.45152	9.34114	4.03976e-05	4.07357e-05	8.57238e-05	1.86866	7.48911	9.28312	
1.90005	7.42621	9.29684	4.03941e-05	4.0724e-05	8.58022e-05	1.90115	7.35884	9.31628	
1.85621	7.41323	9.32776	4.03907e-05	4.05288e-05	8.59837e-05	1.7942	7.39002	9.26209	
1.84815	7.39955	9.247	4.03899e-05	4.05102e-05	8.60769e-05	1.8913	7.37338	9.16819	
1.82241	7.38612	9.21045	4.03888e-05	4.04342e-05	8.61768e-05	1.77378	7.3685	9.22024	
1.81553	7.35995	9.22855	4.03925e-05	4.05119e-05	8.61621e-05	1.88067	7.28377	9.22934	
1.82301	7.38352	9.18741	4.03906e-05	4.04555e-05	8.62019e-05	1.85342	7.43507	9.12439	
1.80415	7.44631	9.1519	4.04014e-05	4.06396e-05	8.60761e-05	1.92265	7.5452	9.2334	
1.80415	7.47729	9.25266	4.04027e-05	4.06231e-05	8.60355e-05	1.8675	7.54474	9.27386	
1.7535	7.5174	9.28641	4.04061e-05	4.08058e-05	8.588e-05	1.79868	7.53975	9.16727	
1.69376	7.52854	9.36117	4.04034e-05	4.08809e-05	8.57602e-05	1.70227	7.5333	9.4127	
1.64041	7.52798	9.46421	4.03962e-05	4.0803e-05	8.57696e-05	1.6157	7.51466	9.38446	
1.63419	7.516	9.43226	4.03909e-05	4.07163e-05	8.58379e-05	1.67401	7.47188	9.37361	
1.6097	7.45554	9.43447	4.03893e-05	4.06075e-05	8.59464e-05	1.60252	7.32156	9.30474	
1.55985	7.40554	9.38637	4.03887e-05	4.07145e-05	8.59143e-05	1.58648	7.30814	9.19822	
1.51546	7.36994	9.31458	4.03885e-05	4.06674e-05	8.59376e-05	1.48699	7.30046	9.3386	
1.49963	7.30503	9.31676	4.03895e-05	4.07019e-05	8.59216e-05	1.55709	7.16717	9.34197	
1.44937	7.25601	9.19511	4.03895e-05	4.06115e-05	8.59819e-05	1.39972	7.15939	9.13297	
1.3476	7.22042	9.05879	4.03999e-05	4.07802e-05	8.58754e-05	1.29067	7.13265	9.08646	
1.28156	7.1894	8.98713	4.04051e-05	4.06823e-05	8.58998e-05	1.20856	7.12711	8.99243	
1.21952	7.19176	8.86737	4.04047e-05	4.05752e-05	8.5988e-05	1.14117	7.20135	8.88547	
1.13302	7.2135	8.75825	4.04096e-05	4.05225e-05	8.606e-05	0.98798	7.23597	8.76637	
1.08495	7.21818	8.75172	4.03986e-05	4.04481e-05	8.61545e-05	0.991215	7.23004	8.87503	
1.04252	7.23326	8.70845	4.03919e-05	4.04064e-05	8.62317e-05	0.924327	7.29029	8.73156	
1.03496	7.20967	8.60687	4.03933e-05	4.03994e-05	8.62706e-05	0.992553	7.16779	8.54642	
1.02646	7.14031	8.56547	4.04146e-05	4.04142e-05	8.62624e-05	0.96244	7.07683	8.4718	
1.0171	7.05679	8.55137	4.03922e-05	4.0393e-05	8.62928e-05	1.00763	6.88207	8.45138	
0.989828	7.02324	8.49256	4.04107e-05	4.04042e-05	8.62843e-05	0.971389	6.89881	8.43044	
0.916262	7.08056	8.46132	4.06159e-05	4.05184e-05	8.60457e-05	0.89475	7.06011	8.42401	
0.855533	7.1041	8.45683	4.06871e-05	4.05458e-05	8.58734e-05	0.802755	7.03161	8.41518	
0.843065	7.0901	8.45493	4.05665e-05	4.04802e-05	8.59344e-05	0.840306	7.02519	8.44461	
0.860428	7.10691	8.43115	4.05178e-05	4.04532e-05	8.60114e-05	0.947771	7.09732	8.4661	
0.8613	7.13063	8.44884	4.05367e-05	4.04572e-05	8.6026e-05	0.900616	7.10751	8.50603	
0.841153	7.20167	8.50904	4.05408e-05	4.04584e-05	8.6029e-05	0.840367	7.28394	8.42717	
0.850064	7.24881	8.5522	4.05528e-05	4.04727e-05	8.60114e-05	0.921029	7.27006	8.56804	
0.840882	7.26664	8.69673	4.04429e-05	4.04153e-05	8.61276e-05	0.821337	7.31525	8.69244	
0.813734	7.32532	8.83197	4.04556e-05	4.0445e-05	8.6145e-05	0.818419	7.37177	8.85786	
0.775305	7.34433	8.93123	4.04209e-05	4.04193e-05	8.61986e-05	0.721993	7.3699	9.02272	
0.737777	7.32648	8.98224	4.04097e-05	4.04198e-05	8.62301e-05	0.692916	7.2838	8.83301	
0.665595	7.29889	8.94489	4.03967e-05	4.04e-05	8.6269e-05	0.519408	7.24087	8.807	
0.609283	7.27923	8.90958	4.03965e-05	4.04077e-05	8.62809e-05	0.520438	7.21199	8.74047	
0.577343	7.25145	8.76801	4.03903e-05	4.03924e-05	8.63027e-05	0.475879	7.21004	8.5222	
0.528335	7.24266	8.7347	4.03895e-05	4.03904e-05	8.63147e-05	0.44895	7.20087	8.66101	
0.472167	7.23448	8.76808	4.03886e-05	4.0389e-05	8.63221e-05	0.351405	7.21378	8.75272	
0.403036	7.22356	8.73746	4.03884e-05	4.03886e-05	8.63262e-05	0.284267	7.20982	8.67267	
0.334116	7.14712	8.69	4.03914e-05	4.03931e-05	8.63227e-05	0.180218	7.01967	8.69529	
0.294625	7.16116	8.59816	4.03994e-05	4.04029e-05	8.63082e-05	0.199614	7.21347	8.56636	
0.329208	7.18433	8.4352	4.03901e-05	4.0391e-05	8.63179e-05	0.405267	7.21729	8.53986	
0.409472	7.2003	8.50762	4.04071e-05	4.03984e-05	8.63037e-05	0.532713	7.29316	8.74236	
0.475178	7.23129	8.64799	4.03937e-05	4.03918e-05	8.63126e-05	0.643106	7.25572	8.75878	
0.463047	7.27885	8.75864	4.04316e-05	4.04305e-05	8.62596e-05	0.513856	7.31673	8.84237	
0.432669	7.36921	8.88499	4.05313e-05	4.05898e-05	8.60463e-05	0.499018	7.45275	8.94186	
0.372822	7.38701	8.98245	4.04938e-05	4.05752e-05	8.59944e-05	0.316178	7.38164	9.01901	
0.356376	7.42033	9.10284	4.04649e-05	4.05758e-05	8.59897e-05	0.388902	7.4385	9.017	
0.356496	7.39909	9.10317	4.04226e-05	4.04811e-05	8.60861e-05	0.356077	7.33472	9.08469	
0.289087	7.42509	9.19384	4.04148e-05	4.05081e-05	8.61114e-05	0.223588	7.44486	9.10286	
0.205485	7.4135	9.1834	4.04092e-05	4.05631e-05	8.60866e-05	0.137438	7.3899	9.19559	
0.194362	7.3794	9.22407	4.03964e-05	4.04537e-05	8.6167e-05	0.170848	7.29425	9.13865	
0.20435	7.33192	9.1602	4.03915e-05	4.04131e-05	8.62344e-05	0.215025	7.23693	9.11368	
0.146137	7.33197	9.13714	4.0392e-05	4.04295e-05	8.62516e-05	0.0817982	7.31067	9.15689	
0.0699702	7.31715	9.15539	4.03993e-05	4.05154e-05	8.61917e-05	0.0191891	7.26556	9.38763	
0.0651108	7.30542	9.13782	4.03931e-05	4.04445e-05	8.62244e-05	0.0401779	7.28833	9.17744	
0.0887434	7.3151	9.06787	4.03902e-05	4.04115e-05	8.62641e-05	0.134242	7.32579	9.29516	
0.198321	7.31617	9.32333	4.04515e-05	4.0832e-05	8.59257e-05	0.159025	7.39149	9.60149	
0.253133	7.32254	9.61805	4.04199e-05	4.08022e-05	8.583e-05	0.263103	7.31432	9.86569	
0.315766	7.3452	9.86719	4.03974e-05	4.06622e-05	8.59044e-05	0.379205	7.38769	9.94293	
0.278031	7.36842	10.0165	4.03935e-05	4.0481e-05	8.60681e-05	0.21136	7.42405	10.1997	
0.198905	7.38895	10.1725	4.04092e-05	4.04271e-05	8.61646e-05	0.114109	7.46642	10.3113	
0.134006	7.3701	10.3252	4.04122e-05	4.04183e-05	8.62118e-05	0.0401997	7.35836	10.367	
0.110329	7.38859	10.513	4.04422e-05	4.04298e-05	8.62037e-05	0.103121	7.47971	10.5274	
0.0988229	7.41464	10.6698	4.04178e-05	4.04082e-05	8.62361e-05	0.0698765	7.46922	10.693	
0.0902988	7.36643	10.7389	4.05902e-05	4.04254e-05	8.61106e-05	0.107776	7.40571	10.7044	
0.0557255	7.36368	10.7932	4.07134e-05	4.04251e-05	8.59682e-05	0.0318678	7.46439	10.7327	
0.00456167	7.34254	10.8513	4.07527e-05	4.04164e-05	8.58843e-05	-0.0777323	7.40092	10.9268	
-0.03455	7.29371	10.9592	4.09373e-05	4.04119e-05	8.57138e-05	-0.0756505	7.33905	10.8975	
-0.0672359	7.28737	11.0272	4.0995e-05	4.03996e-05	8.56063e-05	-0.124757	7.42497	11.0652	
-0.0844617	7.26069	11.1213	4.09555e-05	4.03922e-05	8.5592e-05	-0.110343	7.31938	11.0843	
-0.102786	7.19075	11.1401	4.12227e-05	4.03923e-05	8.53863e-05	-0.160408	7.23569	11.138	
-0.0973563	7.15328	11.1943	4.11501e-05	4.03953e-05	8.53498e-05	-0.101848	7.22248	11.1863	
-0.122293	7.09886	11.2348	4.10622e-05	4.04008e-05	8.53908e-05	-0.186865	7.12085	11.24	
-0.135981	7.06048	11.207	4.09909e-05	4.04076e-05	8.5453e-05	-0.173331	7.09996	11.2098	
-0.121406	7.02511	11.2578	4.08688e-05	4.04061e-05	8.55693e-05	-0.134038	7.04778	11.2841	
-0.135894	7.01114	11.3176	4.08472e-05	4.04114e-05	8.56308e-05	-0.187746	7.09198	11.3597	
-0.0706978	6.99274	11.311	4.07474e-05	4.04128e-05	8.5731e-05	0.0197454	7.03965	11.3488	
0.0075367	6.97173	11.324	4.08777e-05	4.04316e-05	8.56655e-05	0.0998525	7.0636	11.3107	
0.0589153	7.0171	11.2026	4.07305e-05	4.04212e-05	8.57562e-05	0.142934	7.15947	11.3032	
0.165534	7.00397	11.0718	4.08453e-05	4.04196e-05	8.57111e-05	0.340235	7.1261	11.1053	
0.234649	6.93486	10.8864	4.12061e-05	4.04089e-05	8.54364e-05	0.358766	6.99827	10.7742	
0.253302	6.89667	10.7066	4.13928e-05	4.0393e-05	8.51965e-05	0.31138	6.99997	10.774	
0.258997	6.86516	10.7105	4.14109e-05	4.04086e-05	8.50675e-05	0.337083	6.96408	10.735	
0.255006	6.79411	10.6624	4.14446e-05	4.04341e-05	8.49647e-05	0.269762	6.81268	10.7176	
0.250248	6.65831	10.6263	4.14441e-05	4.04646e-05	8.48954e-05	0.285867	6.54301	10.6362	
0.275936	6.55971	10.5851	4.11556e-05	4.04601e-05	8.50769e-05	0.374877	6.46394	10.5251	
0.299841	6.54449	10.4918	4.07017e-05	4.04175e-05	8.55131e-05	0.356365	6.51358	10.436	
0.245241	6.50267	10.4288	4.05563e-05	4.04079e-05	8.58119e-05	0.151435	6.44567	10.4827	
0.266581	6.4295	10.4393	4.05159e-05	4.04137e-05	8.59705e-05	0.31992	6.33966	10.4898	
0.335763	6.43694	10.4489	4.0427e-05	4.03943e-05	8.61251e-05	0.458816	6.41321	10.292	
0.417419	6.41656	10.3194	4.04059e-05	4.0391e-05	8.62142e-05	0.550889	6.37693	10.2368	
0.428585	6.35432	10.2388	4.04668e-05	4.04321e-05	8.61817e-05	0.519587	6.30607	9.99028	
0.422659	6.30402	10.128	4.05463e-05	4.05082e-05	8.6057e-05	0.482595	6.28648	10.0779	
0.440101	6.26079	10.1721	4.05335e-05	4.05306e-05	8.59988e-05	0.536205	6.23737	10.1248	
0.435016	6.25192	10.1046	4.05292e-05	4.05378e-05	8.59707e-05	0.478667	6.27528	9.95399	
0.453088	6.26549	10.0441	4.05274e-05	4.05618e-05	8.5941e-05	0.559452	6.35729	10.0338	
0.44817	6.32761	10.1574	4.05154e-05	4.05803e-05	8.59226e-05	0.504171	6.49005	10.1521	
0.341088	6.34452	10.1922	4.06431e-05	4.07338e-05	8.5707e-05	0.264375	6.5156	10.2902	
0.240626	6.31327	10.3444	4.08265e-05	4.09113e-05	8.53509e-05	0.190698	6.40071	10.4702	
0.20381	6.2524	10.5403	4.08156e-05	4.07844e-05	8.52997e-05	0.202089	6.23692	10.6089	
0.205009	6.21144	10.6313	4.08127e-05	4.06437e-05	8.53763e-05	0.251987	6.25173	10.6737	
0.177224	6.17413	10.6696	4.06553e-05	4.05157e-05	8.56135e-05	0.15811	6.14497	10.8067	
0.186534	6.15227	10.6699	4.06694e-05	4.04703e-05	8.57355e-05	0.232815	6.20877	10.7426	
0.193902	6.14591	10.7005	4.05492e-05	4.04292e-05	8.59088e-05	0.18777	6.15399	10.7516	
0.179415	6.10014	10.6522	4.06325e-05	4.04252e-05	8.59267e-05	0.189513	6.11808	10.7018	
0.193686	6.11217	10.6646	4.0633e-05	4.04217e-05	8.59407e-05	0.239754	6.21883	10.7105	
0.195583	6.07301	10.6689	4.06061e-05	4.04162e-05	8.59726e-05	0.225758	6.05373	10.596	
0.195862	5.98492	10.6571	4.08266e-05	4.04403e-05	8.58072e-05	0.233235	5.9437	10.7547	
0.170628	5.97074	10.7346	4.06883e-05	4.04242e-05	8.58524e-05	0.132414	6.00848	10.8011	
0.149042	5.96065	10.6923	4.05923e-05	4.04099e-05	8.59503e-05	0.107786	5.99498	10.8101	
0.130984	5.93513	10.7172	4.05973e-05	4.04095e-05	8.59878e-05	0.0967574	5.96966	10.7418	
0.123329	5.93706	10.772	4.06066e-05	4.04085e-05	8.5999e-05	0.11277	6.02977	10.9211	
0.14695	5.88502	10.8373	4.06147e-05	4.0405e-05	8.60015e-05	0.207788	5.86107	10.9181	
0.203951	5.85199	10.7958	4.07672e-05	4.04048e-05	8.58911e-05	0.357436	5.918	10.7817	
0.261771	5.84495	10.7112	4.06359e-05	4.03988e-05	8.59463e-05	0.393524	5.88414	10.6507	
0.271626	5.79709	10.6485	4.0821e-05	4.04163e-05	8.58187e-05	0.340567	5.86216	10.683	
0.326698	5.7599	10.6234	4.0896e-05	4.04356e-05	8.56961e-05	0.456985	5.81423	10.7627	
0.366653	5.72244	10.5604	4.09e-05	4.04481e-05	8.56307e-05	0.49308	5.75265	10.4928	
0.415757	5.61447	10.417	4.0965e-05	4.04803e-05	8.55292e-05	0.571249	5.54177	10.4999	
0.498303	5.54737	10.3699	4.10136e-05	4.05539e-05	8.53948e-05	0.754818	5.5208	10.2121	
0.570438	5.49426	10.1752	4.07813e-05	4.05135e-05	8.55359e-05	0.753312	5.46128	10.1418	
0.554235	5.4254	10.161	4.09847e-05	4.08242e-05	8.52146e-05	0.698206	5.45547	10.1428	
0.534772	5.38122	10.0301	4.09156e-05	4.08685e-05	8.50996e-05	0.625684	5.37953	10.0656	
0.511811	5.3551	10.0099	4.0847e-05	4.09855e-05	8.50116e-05	0.61102	5.41353	10.0574	
0.453718	5.32639	10.0278	4.07123e-05	4.08965e-05	8.51346e-05	0.42937	5.33873	10.1475	
0.423437	5.33657	10.052	4.06774e-05	4.09055e-05	8.52018e-05	0.482149	5.46134	10.1017	
0.470396	5.39769	10.0783	4.05448e-05	4.06717e-05	8.54987e-05	0.595519	5.54411	10.1768	
0.429515	5.36938	10.1577	4.05827e-05	4.07337e-05	8.55513e-05	0.466818	5.39552	10.1338	
0.373544	5.33834	10.159	4.08069e-05	4.09873e-05	8.5228e-05	0.466272	5.42802	10.1017	
0.383914	5.34164	10.2161	4.06892e-05	4.08003e-05	8.53194e-05	0.478365	5.40063	10.1771	
0.373077	5.34537	10.3136	4.07181e-05	4.07795e-05	8.53481e-05	0.437389	5.43064	10.2549	
0.343022	5.24557	10.3889	4.08125e-05	4.07732e-05	8.52954e-05	0.356972	5.17519	10.5238	
0.300779	5.16699	10.448	4.0955e-05	4.07704e-05	8.51714e-05	0.318749	5.16581	10.3953	
0.32071	5.14386	10.3312	4.06519e-05	4.05591e-05	8.54954e-05	0.392435	5.11465	10.2944	
0.337853	5.10154	10.3386	4.0564e-05	4.04996e-05	8.57373e-05	0.416319	5.05874	10.2406	
0.356737	5.0798	10.2939	4.05282e-05	4.04745e-05	8.58877e-05	0.427972	5.0788	10.1498	
0.384782	5.0733	10.2682	4.05096e-05	4.04667e-05	8.5976e-05	0.482747	5.11392	10.1963	
0.346401	5.0699	10.2868	4.05406e-05	4.04974e-05	8.59727e-05	0.33953	5.1133	10.2098	
0.289693	5.03617	10.3079	4.06299e-05	4.05645e-05	8.58596e-05	0.254723	5.09914	10.359	
0.266988	5.08072	10.4116	4.06049e-05	4.0542e-05	8.58488e-05	0.28968	5.24145	10.3952	
0.240908	5.08418	10.4696	4.05768e-05	4.05026e-05	8.58927e-05	0.241439	5.14757	10.5321	
0.18202	5.03726	10.5929	4.08064e-05	4.05662e-05	8.56948e-05	0.16284	5.10185	10.5603	
0.153397	4.97675	10.6221	4.08391e-05	4.05272e-05	8.5617e-05	0.157826	4.96336	10.6123	
0.130711	4.94617	10.6516	4.08111e-05	4.04902e-05	8.56292e-05	0.109756	4.96473	10.5093	
0.108833	4.8981	10.6843	4.06608e-05	4.04458e-05	8.57748e-05	0.0904715	4.85698	10.6205	
0.0918162	4.84166	10.7683	4.06463e-05	4.04304e-05	8.5857e-05	0.0816356	4.81771	10.6966	
0.111006	4.75532	10.8377	4.05243e-05	4.0408e-05	8.59996e-05	0.157437	4.60007	10.8631	
0.162049	4.75158	10.8304	4.04791e-05	4.03981e-05	8.61022e-05	0.279149	4.79374	10.6557	
0.199023	4.74936	10.739	4.04148e-05	4.03914e-05	8.62009e-05	0.265194	4.68253	10.6464	
0.192383	4.64536	10.7008	4.0467e-05	4.03955e-05	8.6204e-05	0.227155	4.53993	10.6564	
0.169323	4.65965	10.6246	4.04369e-05	4.03927e-05	8.62325e-05	0.125234	4.69574	10.5712	
0.141894	4.68637	10.5956	4.03998e-05	4.03892e-05	8.62757e-05	0.0622526	4.71134	10.6217	
0.125875	4.69329	10.6907	4.04308e-05	4.03946e-05	8.62681e-05	0.116879	4.77173	10.7038	
0.120122	4.67492	10.7757	4.047e-05	4.03981e-05	8.62346e-05	0.11727	4.7085	10.7496	
0.124046	4.61487	10.8118	4.06297e-05	4.0405e-05	8.6098e-05	0.157061	4.62836	10.7485	
0.077038	4.59328	10.7892	4.06547e-05	4.04023e-05	8.60239e-05	-0.0151255	4.62982	10.7406	
0.0332388	4.56886	10.8284	4.06226e-05	4.03997e-05	8.6016e-05	-0.0512714	4.59975	10.9553	
-0.00274623	4.57239	10.9629	4.06178e-05	4.03974e-05	8.60158e-05	-0.0569371	4.64476	10.9481	
-0.0345953	4.56837	11.0185	4.06427e-05	4.03926e-05	8.59997e-05	-0.117614	4.65151	11.1265	
-0.0426855	4.51181	11.1138	4.08049e-05	4.03896e-05	8.58752e-05	-0.0782368	4.52616	11.2196	
0.000210596	4.41777	11.0899	4.0948e-05	4.03903e-05	8.57168e-05	0.0741045	4.38016	11.0591	
0.0139314	4.38924	11.0445	4.08439e-05	4.03905e-05	8.57247e-05	0.0300799	4.40997	10.9138	
0.0521801	4.42427	11.0047	4.06101e-05	4.03893e-05	8.58972e-05	0.0960414	4.50792	11.0167	
0.0858858	4.39317	10.9758	4.06267e-05	4.03887e-05	8.59566e-05	0.1483	4.43673	10.7631	
0.129541	4.39086	10.8531	4.07987e-05	4.03883e-05	8.58572e-05	0.212449	4.52406	10.7548	
0.119614	4.3825	10.8323	4.07747e-05	4.03897e-05	8.58342e-05	0.131458	4.46116	10.6319	
0.0950493	4.3286	10.7626	4.11262e-05	4.03999e-05	8.55577e-05	0.0823924	4.4059	10.6686	
0.0838415	4.30884	10.8537	4.10458e-05	4.0407e-05	8.54954e-05	0.09061	4.38048	10.73	
0.0706179	4.26571	10.8938	4.10848e-05	4.04059e-05	8.54368e-05	0.0584329	4.32177	10.7878	
0.0810113	4.21315	10.9221	4.10934e-05	4.04013e-05	8.54063e-05	0.1275	4.24553	10.8122	
0.067265	4.16757	10.9369	4.10243e-05	4.03964e-05	8.54456e-05	0.0334121	4.18948	10.8507	
0.0810772	4.0709	10.9286	4.09205e-05	4.0393e-05	8.55391e-05	0.1216	3.96458	10.8756	
0.0750123	3.9842	10.9413	4.08239e-05	4.03913e-05	8.56504e-05	0.0665709	3.91081	10.8652	
0.0445816	3.96495	10.8658	4.05487e-05	4.03894e-05	8.59021e-05	-0.0117665	3.9132	10.7108	
-0.0373978	3.93658	10.873	4.04483e-05	4.03886e-05	8.60847e-05	-0.201369	3.86536	10.8594	
-0.120399	3.91715	11.0171	4.04145e-05	4.03884e-05	8.61917e-05	-0.276278	3.89166	11.1376	
-0.190328	3.86644	11.2244	4.03993e-05	4.03883e-05	8.62532e-05	-0.329751	3.77753	11.301	
-0.182527	3.8117	11.4024	4.04319e-05	4.03901e-05	8.62577e-05	-0.194221	3.77886	11.5884	
-0.197566	3.82816	11.551	4.04196e-05	4.03906e-05	8.6271e-05	-0.250756	3.85923	11.555	
-0.167019	3.83052	11.5043	4.04082e-05	4.03908e-05	8.62862e-05	-0.0963837	3.83744	11.5401	
-0.171051	3.80889	11.4455	4.04973e-05	4.0418e-05	8.62075e-05	-0.222286	3.84902	11.373	
-0.15867	3.77034	11.3876	4.04816e-05	4.04125e-05	8.61907e-05	-0.164005	3.72873	11.5306	
-0.174687	3.70394	11.4734	4.05998e-05	4.0431e-05	8.60818e-05	-0.260508	3.67811	11.5514	
-0.215483	3.71242	11.437	4.05018e-05	4.04122e-05	8.61215e-05	-0.316267	3.72043	11.5779	
-0.193853	3.62099	11.4541	4.05128e-05	4.04152e-05	8.61258e-05	-0.182504	3.52046	11.3942	
-0.142979	3.56902	11.4255	4.06341e-05	4.04455e-05	8.60156e-05	-0.0891665	3.58706	11.3838	
-0.149245	3.58344	11.4393	4.04457e-05	4.04018e-05	8.61402e-05	-0.142431	3.57959	11.3571	
-0.102643	3.52096	11.3769	4.04369e-05	4.03997e-05	8.61989e-05	-0.0159717	3.43227	11.3413	
-0.118322	3.41959	11.3254	4.04402e-05	4.03987e-05	8.62231e-05	-0.172913	3.26832	11.1136	
-0.143902	3.36574	11.2375	4.03995e-05	4.03906e-05	8.62708e-05	-0.16859	3.21379	11.1365	
-0.126048	3.39005	11.3064	4.04568e-05	4.03926e-05	8.62481e-05	-0.0765757	3.33319	11.1501	
-0.126454	3.38476	11.3661	4.04836e-05	4.03958e-05	8.62176e-05	-0.137256	3.29942	11.2104	
-0.151485	3.39229	11.3539	4.04242e-05	4.0391e-05	8.62523e-05	-0.192986	3.40453	11.2821	
-0.125094	3.39231	11.3764	4.04091e-05	4.039e-05	8.62784e-05	-0.0672544	3.37086	11.3207	
-0.106681	3.337	11.3738	4.04179e-05	4.03931e-05	8.6281e-05	-0.118803	3.30369	11.2586	
-0.0979013	3.31929	11.3162	4.04151e-05	4.03926e-05	8.62851e-05	-0.101388	3.30427	11.3219	
-0.0890515	3.25581	11.3161	4.04098e-05	4.03914e-05	8.62919e-05	-0.0873194	3.1481	11.2156	
-0.027846	3.18375	11.264	4.04231e-05	4.03926e-05	8.62843e-05	0.0658979	3.08588	11.2293	
-0.0257866	3.14194	11.2958	4.03948e-05	4.0389e-05	8.63048e-05	-0.00877425	3.03336	11.2983	
0.00593103	3.13573	11.2249	4.04204e-05	4.0391e-05	8.6293e-05	0.0786817	3.07637	11.2741	
0.0272958	3.1839	11.2234	4.04508e-05	4.03924e-05	8.6265e-05	0.0634119	3.20337	11.2574	
0.0414395	3.20137	11.1084	4.04427e-05	4.03915e-05	8.62596e-05	0.0927341	3.20381	11.14	
0.0365154	3.17742	11.0475	4.04133e-05	4.03889e-05	8.62807e-05	0.0242684	3.19652	11.1137	
0.0152034	3.10553	10.9871	4.04486e-05	4.03886e-05	8.62634e-05	-0.03032	3.02629	10.9347	
-0.0179637	3.0825	10.9579	4.05277e-05	4.03883e-05	8.61981e-05	-0.09381	3.12868	10.9994	
-0.0470826	3.10129	11.0215	4.04302e-05	4.03883e-05	8.62425e-05	-0.113198	3.12917	11.0147	
-0.0668432	3.06534	11.1091	4.05193e-05	4.03883e-05	8.61943e-05	-0.11871	3.09325	11.2155	
-0.128812	2.97607	11.1668	4.05775e-05	4.03892e-05	8.61307e-05	-0.255069	2.9092	11.1573	
-0.171107	2.94568	11.1896	4.0631e-05	4.03919e-05	8.60618e-05	-0.275977	2.97691	11.346	
-0.243279	2.92451	11.3726	4.04806e-05	4.03895e-05	8.61441e-05	-0.410209	2.87649	11.4171	
-0.261924	2.87813	11.4556	4.05992e-05	4.04084e-05	8.60758e-05	-0.342882	2.89782	11.6511	
-0.263621	2.85535	11.5945	4.05959e-05	4.04196e-05	8.60418e-05	-0.313218	2.88005	11.5936	
-0.246111	2.80519	11.5484	4.06433e-05	4.04613e-05	8.59611e-05	-0.281789	2.78754	11.6405	
-0.235984	2.77506	11.5374	4.06474e-05	4.04734e-05	8.59143e-05	-0.257712	2.80154	11.5519	
-0.179193	2.71462	11.5238	4.05874e-05	4.04562e-05	8.595e-05	-0.11013	2.65338	11.5135	
-0.133919	2.71838	11.5291	4.05914e-05	4.04578e-05	8.59593e-05	-0.0954689	2.7972	11.4529	
-0.148491	2.77376	11.4539	4.0447e-05	4.04082e-05	8.61059e-05	-0.160965	2.86968	11.4081	
-0.142704	2.75065	11.3817	4.05101e-05	4.04218e-05	8.61112e-05	-0.171172	2.79896	11.4256	
-0.116611	2.71375	11.3824	4.06691e-05	4.04448e-05	8.59816e-05	-0.120679	2.77702	11.4209	
-0.0951693	2.68546	11.3385	4.0709e-05	4.04472e-05	8.58973e-05	-0.0741716	2.74476	11.3453	
-0.051839	2.69215	11.2563	4.07265e-05	4.04418e-05	8.58515e-05	0.0140305	2.82246	11.2103	
-0.0296351	2.67235	11.19	4.07306e-05	4.04289e-05	8.58367e-05	-0.0168501	2.71998	11.1083	
-0.0471078	2.6513	11.12	4.09143e-05	4.04252e-05	8.56965e-05	-0.112985	2.75602	11.1505	
-0.0766916	2.62981	11.1416	4.0911e-05	4.04111e-05	8.56497e-05	-0.137527	2.72104	11.2418	
-0.109365	2.56426	11.1889	4.11047e-05	4.04103e-05	8.54858e-05	-0.20995	2.60106	11.2202	
-0.124015	2.5256	11.214	4.11255e-05	4.04126e-05	8.53985e-05	-0.191804	2.58856	11.3336	
-0.13528	2.49708	11.2449	4.10211e-05	4.04124e-05	8.54352e-05	-0.173356	2.54248	11.1912	
-0.15255	2.46663	11.2094	4.10172e-05	4.04187e-05	8.54459e-05	-0.207329	2.53166	11.2099	
-0.166336	2.44564	11.2425	4.09793e-05	4.04168e-05	8.54789e-05	-0.206823	2.52539	11.1847	
-0.164808	2.44647	11.2824	4.10192e-05	4.04228e-05	8.54589e-05	-0.17855	2.58302	11.2489	
-0.128953	2.39709	11.3357	4.10548e-05	4.04336e-05	8.54169e-05	-0.106603	2.45009	11.2714	
-0.0265402	2.3338	11.3458	4.12682e-05	4.04722e-05	8.52146e-05	0.116971	2.37689	11.3467	
0.00942763	2.30249	11.2322	4.10135e-05	4.04545e-05	8.53288e-05	0.0598336	2.3145	11.0252	
0.0408864	2.30513	11.0841	4.0819e-05	4.04282e-05	8.55349e-05	0.0925026	2.3571	11.2181	
0.062175	2.26709	11.0839	4.0782e-05	4.04088e-05	8.5663e-05	0.104696	2.30902	10.9498	
0.141289	2.20467	10.9965	4.08299e-05	4.04005e-05	8.5691e-05	0.267676	2.20995	11.1856	
0.174624	2.15712	10.9948	4.0798e-05	4.03933e-05	8.57351e-05	0.243609	2.15291	10.8494	
0.18926	2.16129	10.7462	4.06009e-05	4.03903e-05	8.59025e-05	0.238519	2.18277	10.7808	
0.180134	2.11723	10.7534	4.06604e-05	4.0393e-05	8.59287e-05	0.201694	2.11626	10.7339	
0.153204	2.07629	10.7117	4.07303e-05	4.04005e-05	8.58861e-05	0.136579	2.09236	10.7391	
0.124603	2.07882	10.7391	4.0704e-05	4.0405e-05	8.58862e-05	0.10468	2.16816	10.8277	
0.102544	2.05311	10.7969	4.06819e-05	4.04058e-05	8.59021e-05	0.0719744	2.10774	10.8134	
0.0744235	2.0105	10.8488	4.08372e-05	4.04105e-05	8.57911e-05	0.0532228	2.07696	10.9918	
0.131809	1.96862	10.8863	4.07868e-05	4.04035e-05	8.57871e-05	0.248857	1.97224	10.866	
0.140233	1.95299	10.8444	4.08166e-05	4.03991e-05	8.57651e-05	0.168122	2.03294	10.7665	
0.110387	1.92642	10.7389	4.0758e-05	4.03971e-05	8.57996e-05	0.080474	1.9583	10.7539	
0.0609421	1.91	10.8467	4.086e-05	4.04084e-05	8.57302e-05	-0.0172824	2.02183	10.9566	
0.0593088	1.887	10.9087	4.07881e-05	4.04024e-05	8.57585e-05	0.0625228	1.93174	10.9135	
0.0559842	1.8288	10.9161	4.09541e-05	4.03989e-05	8.56499e-05	0.0762992	1.88492	10.9362	
0.0677318	1.84357	10.8741	4.0895e-05	4.0395e-05	8.56507e-05	0.0871264	1.98891	10.7458	
0.0420778	1.86517	10.8793	4.0828e-05	4.03942e-05	8.56992e-05	0.00653593	2.01043	10.8695	
-0.0257493	1.79727	10.9557	4.109e-05	4.03976e-05	8.55238e-05	-0.146794	1.85352	10.9622	
-0.0732235	1.73123	11.026	4.13569e-05	4.03942e-05	8.52576e-05	-0.168453	1.79136	11.1636	
-0.109876	1.70275	11.1329	4.11347e-05	4.03901e-05	8.53097e-05	-0.180527	1.76129	11.1252	
-0.0857853	1.65488	11.1458	4.11221e-05	4.03906e-05	8.53351e-05	-0.0615099	1.71624	11.1797	
-0.0500083	1.56325	11.2406	4.1043e-05	4.03939e-05	8.53998e-05	-0.00824209	1.48433	11.1954	
0.00216826	1.49586	11.2081	4.0917e-05	4.04e-05	8.55144e-05	0.0769863	1.45772	11.2538	
0.00231484	1.45698	11.1365	4.06114e-05	4.03932e-05	8.57925e-05	0.00870903	1.37437	11.046	
-0.0116916	1.42073	11.0554	4.04997e-05	4.03907e-05	8.59956e-05	-0.0343579	1.35111	11.0866	
-0.0327218	1.40488	11.0495	4.04341e-05	4.03892e-05	8.61358e-05	-0.0779927	1.37098	10.9436	
-0.0659341	1.35721	11.0668	4.04134e-05	4.03887e-05	8.62161e-05	-0.129521	1.26968	11.0836	
-0.0828281	1.36243	11.1808	4.04097e-05	4.03885e-05	8.62574e-05	-0.103327	1.38518	11.2658	
-0.0519253	1.3483	11.2822	4.03966e-05	4.03883e-05	8.6288e-05	0.00717623	1.31499	11.351	
-0.0292924	1.28677	11.2685	4.04664e-05	4.03939e-05	8.62474e-05	0.00255116	1.24612	11.3336	
-0.0269632	1.25146	11.1797	4.04291e-05	4.03912e-05	8.62612e-05	-0.00975379	1.20675	11.2463	
-0.0369157	1.18476	11.202	4.04234e-05	4.03903e-05	8.6272e-05	-0.0609469	1.09185	11.3506	
0.0157871	1.17692	11.2132	4.0406e-05	4.03892e-05	8.62903e-05	0.121412	1.15441	11.3089	
0.0488151	1.19287	11.1734	4.03942e-05	4.03885e-05	8.63075e-05	0.121448	1.18901	11.1173	
0.0536295	1.1639	10.9944	4.03911e-05	4.03883e-05	8.63176e-05	0.0523839	1.122	10.9291	
0.0797963	1.14085	10.9606	4.04273e-05	4.03882e-05	8.62956e-05	0.135646	1.15192	11.0394	
0.0761941	1.09636	11.0029	4.0421e-05	4.03882e-05	8.62915e-05	0.0606139	1.05067	11.0913	
0.0533245	1.03256	10.9606	4.0477e-05	4.03882e-05	8.62481e-05	-0.00455517	0.975793	11.1042	
-0.0178794	1.02325	10.9731	4.04263e-05	4.03882e-05	8.62672e-05	-0.181404	1.00294	11.1169	
-0.0635056	1.01778	11.0103	4.04092e-05	4.03882e-05	8.62871e-05	-0.153933	1.00432	11.1427	
-0.104195	0.978005	11.0952	4.0437e-05	4.03882e-05	8.62749e-05	-0.188446	0.948931	11.0673	
-0.192907	0.911901	11.1073	4.04868e-05	4.03886e-05	8.6233e-05	-0.375196	0.833481	11.0211	
-0.301913	0.848879	11.2306	4.04771e-05	4.03888e-05	8.62224e-05	-0.525974	0.77119	11.2513	
-0.349068	0.761214	11.475	4.04478e-05	4.03891e-05	8.62386e-05	-0.458186	0.623791	11.4591	
-0.377446	0.676111	11.6447	4.05322e-05	4.04105e-05	8.61669e-05	-0.479502	0.593336	11.4914	
-0.38048	0.62611	11.7675	4.04634e-05	4.04033e-05	8.61929e-05	-0.39086	0.544838	11.6253	
-0.385358	0.566796	11.9281	4.04628e-05	4.04226e-05	8.61889e-05	-0.439779	0.518387	11.8909	
-0.403462	0.551776	11.9922	4.04267e-05	4.04112e-05	8.62222e-05	-0.45971	0.535677	11.8877	
-0.409081	0.531459	12.0187	4.04241e-05	4.04322e-05	8.62225e-05	-0.468479	0.527232	11.914	
-0.39543	0.501902	12.053	4.04312e-05	4.04708e-05	8.61895e-05	-0.448494	0.479716	12.0121	
-0.376774	0.465985	12.0704	4.0439e-05	4.05154e-05	8.61371e-05	-0.403001	0.43303	12.031	
-0.376055	0.387779	12.0497	4.04305e-05	4.05076e-05	8.61266e-05	-0.417653	0.291718	11.9995	
-0.397784	0.313901	12.0372	4.04226e-05	4.04891e-05	8.61408e-05	-0.463605	0.185895	12.0458	
-0.441354	0.298262	12.0852	4.04062e-05	4.04411e-05	8.61935e-05	-0.532835	0.289111	11.9758	
-0.4163	0.270002	12.1781	4.04083e-05	4.04541e-05	8.62045e-05	-0.41154	0.232191	12.1467	
-0.342086	0.250834	12.259	4.04198e-05	4.05364e-05	8.61408e-05	-0.284614	0.241276	12.2569	
-0.325263	0.243765	12.2143	4.0404e-05	4.04708e-05	8.61746e-05	-0.306305	0.229324	12.1625	
-0.314587	0.250216	12.1083	4.0393e-05	4.04113e-05	8.624e-05	-0.271822	0.264524	12.0223	
-0.30399	0.245431	12.0142	4.03913e-05	4.04028e-05	8.62752e-05	-0.29481	0.257681	11.8323	
-0.237436	0.258627	11.9063	4.03898e-05	4.03952e-05	8.62979e-05	-0.0854976	0.284393	11.7618	
-0.170769	0.29582	11.8365	4.03929e-05	4.03991e-05	8.63033e-05	-0.0568527	0.392453	11.6435	
-0.144344	0.336436	11.6428	4.03892e-05	4.03904e-05	8.63156e-05	-0.0749394	0.37862	11.4313	
-0.0945124	0.314281	11.5113	4.04082e-05	4.04009e-05	8.62994e-05	-0.0418536	0.348029	11.4767	
-0.0320301	0.27293	11.3854	4.04595e-05	4.04167e-05	8.62434e-05	0.0627892	0.248506	11.179	
0.030284	0.288558	11.2325	4.04451e-05	4.04062e-05	8.62383e-05	0.131058	0.344447	11.1399	
0.118987	0.256153	11.1253	4.04421e-05	4.03987e-05	8.62429e-05	0.297849	0.24558	10.949	
0.233981	0.211633	10.9897	4.05495e-05	4.03969e-05	8.61665e-05	0.456473	0.217699	10.8842	
0.290006	0.147405	10.7805	4.05332e-05	4.03916e-05	8.61501e-05	0.40163	0.0825125	10.5762	
0.354022	0.0625293	10.5694	4.06517e-05	4.03917e-05	8.60545e-05	0.516648	0.0174074	10.5663	
