0.03	0	0	2	3	1.5708	
0.06	0	0	2.93872	1.75592	4.02247	
0.09	0	0	0.855052	2.97704	1.63088	
0.12	0	0	2.79475	1.06159	3.18411	
0.15	0	0	0.755059	1.50986	4.03081	
0.18	0	0	0.950639	1.45402	4.51027	
0.21	0	0	0.557174	1.21927	3.73995	
0.24	0	0	0.730119	1.24416	5.41458	
0.27	0	0	0.644721	0.937236	3.43276	
0.3	0	0	0.772099	1.28644	5.45713	
0.33	0	0	0.696096	1.06564	3.35778	
0.36	0	0	0.938986	1.29078	5.60766	
0.39	0	0	0.863488	1.06242	3.07995	
0.42	0	0	0.946504	1.31125	5.51856	
0.45	0	0	0.810269	0.947701	3.32146	
0.48	0	0	0.870904	1.15196	5.41558	
0.51	0	0	0.688091	0.936598	3.59781	
0.54	0	0	0.927472	1.14579	5.43367	
0.57	0	0	0.863849	0.892993	3.6585	
0.6	0	0	0.939564	1.05938	5.45024	
0.63	0	0	0.888847	0.706428	3.99464	
0.66	0	0	0.837544	0.841483	5.39112	
0.69	0	0	0.859258	0.597001	4.54062	
0.72	0	0	0.905195	0.580782	5.32038	
0.75	0	0	0.863174	0.542781	4.94852	
0.78	0	0	0.963409	0.529536	5.30909	
0.81	0	0	0.93897	0.591447	5.01823	
0.84	0	0	1.02297	0.516453	5.02917	
0.87	0	0	1.02334	0.436258	5.17675	
0.9	0	0	0.926617	0.474024	5.12461	
0.93	0	0	1.00522	0.318617	5.25164	
0.96	0	0	0.951404	0.278653	5.15306	
0.99	0	0	1.07604	0.389474	5.38482	
1.02	0	0	1.01048	0.47747	5.14799	
1.05	0	0	1.1556	0.311082	5.27782	
1.08	0	0	1.0344	0.385002	5.28843	
1.11	0	0	1.01441	0.350557	5.41229	
1.14	0	0	1.09643	0.255778	5.51594	
1.17	0	0	1.04501	0.213878	5.53142	
1.2	0	0	1.1283	0.244791	5.7513	
1.23	0	0	1.15292	0.329201	5.67357	
1.26	0	0	1.12301	0.299607	5.76799	
1.29	0	0	1.17597	0.404827	5.82288	
1.32	0	0	1.13876	0.380521	5.55771	
1.35	0	0	1.13482	0.377907	5.61022	
1.38	0	0	1.09866	0.46508	5.6055	
1.41	0	0	1.24155	0.4805	5.60285	
1.44	0	0	1.36263	0.482231	5.63221	
1.47	0	0	1.53993	0.43365	5.46453	
1.5	0	0	1.51183	0.605985	5.50706	
1.53	0	0	1.57854	0.420775	5.33014	
1.56	0	0	1.47387	0.442745	5.38153	
1.59	0	0	1.61258	0.296446	5.44047	
1.62	0	0	1.62911	0.264333	5.54118	
1.65	0	0	1.54711	0.29576	5.5564	
1.68	0	0	1.63054	0.112018	5.61014	
1.71	0	0	1.61788	0.320713	5.73554	
1.74	0	0	1.68314	0.315437	5.65423	
1.77	0	0	1.68398	0.387609	5.48924	
1.8	0	0	1.6979	0.372456	5.53959	
1.83	0	0	1.90551	0.198406	5.60066	
1.86	0	0	1.75781	0.28899	5.53835	
1.89	0	0	1.85905	0.345718	5.63108	
1.92	0	0	1.96762	0.431733	5.42376	
1.95	0	0	1.93166	0.518427	5.48218	
1.98	0	0	1.94154	0.513916	5.3153	
2.01	0	0	2.05645	0.463966	5.50938	
2.04	0	0	1.94822	0.551095	5.24073	
2.07	0	0	2.03846	0.462615	5.44622	
2.1	0	0	2.04026	0.453694	5.34907	
2.13	0	0	2.0189	0.540657	5.55464	
2.16	0	0	2.00638	0.534577	5.33977	
2.19	0	0	2.13937	0.363939	5.51436	
2.22	0	0	2.09733	0.462526	5.46765	
2.25	0	0	2.0865	0.41355	5.58434	
2.28	0	0	2.16326	0.325053	5.71837	
2.31	0	0	2.14612	0.282821	5.70116	
2.34	0	0	2.2229	0.363965	5.8677	
2.37	0	0	2.24704	0.516058	5.59582	
2.4	0	0	2.32605	0.389983	5.57635	
2.43	0	0	2.43098	0.454998	5.61157	
2.46	0	0	2.32619	0.435652	5.44967	
2.49	0	0	2.33618	0.305257	5.71771	
2.52	0	0	2.3505	0.487388	5.73061	
2.55	0	0	2.54084	0.366288	5.51803	
2.58	0	0	2.42134	0.386571	5.51446	
2.61	0	0	2.4451	0.341594	5.67043	
2.64	0	0	2.51521	0.344214	5.65753	
2.67	0	0	2.57083	0.185811	5.67718	
2.7	0	0	2.6885	0.119512	5.66717	
2.73	0	0	2.69024	0.141311	5.71531	
2.76	0	0	2.61375	0.0724115	5.71256	
2.79	0	0	2.62896	0.0983093	5.94295	
2.82	0	0	2.5892	0.109329	5.99469	
2.85	0	0	2.71673	0.0221477	6.08843	
2.88	0	0	2.71242	0.0632099	6.03016	
2.91	0	0	2.79756	-0.0769016	6.18925	
2.94	0	0	2.74796	0.00379321	6.23403	
2.97	0	0	2.73728	0.0587309	6.34213	
3	0	0	2.86729	0.101786	6.09319	
3.03	0	0	2.83597	0.137708	6.24245	
3.06	0	0	2.90031	0.0748984	6.03011	
3.09	0	0	2.83571	0.046273	6.12928	
3.12	0	0	2.98956	-0.0600786	6.12268	
3.15	0	0	2.99841	0.0426428	6.3058	
3.18	0	0	3.02717	0.20015	6.14787	
3.21	0	0	2.97362	0.26605	6.19083	
3.24	0	0	2.94313	0.350679	6.05491	
3.27	0	0	3.03907	0.216024	5.90649	
3.3	0	0	3.13126	0.406005	6.20786	
3.33	0	0	3.2844	0.413236	5.60215	
3.36	0	0	3.23583	0.402808	5.73032	
3.39	0	0	3.36244	0.401556	5.61698	
3.42	0	0	3.47303	0.347263	5.55128	
3.45	0	0	3.45658	0.4214	5.46762	
3.48	0	0	3.5904	0.4103	5.39791	
3.51	0	0	3.54232	0.421906	5.2226	
3.54	0	0	3.62033	0.326919	5.44197	
3.57	0	0	3.64214	0.299941	5.2659	
3.6	0	0	3.59745	0.188904	5.37352	
3.63	0	0	3.50042	0.0982921	5.56758	
3.66	0	0	3.46453	0.0769141	5.66022	
3.69	0	0	3.41724	0.113665	5.806	
3.72	0	0	3.54972	-0.0154794	5.99068	
3.75	0	0	3.56658	0.0807355	6.12756	
3.78	0	0	3.55509	0.136737	6.14878	
3.81	0	0	3.62759	0.226802	6.15377	
3.84	0	0	3.48261	0.263754	6.05922	
3.87	0	0	3.58886	0.288288	6.14694	
3.9	0	0	3.67088	0.252107	5.95804	
3.93	0	0	3.64447	0.302304	6.16789	
3.96	0	0	3.66116	0.225673	5.99309	
3.99	0	0	3.75593	0.153402	5.97692	
4.02	0	0	3.89423	0.152861	5.94639	
4.05	0	0	3.94806	0.166344	6.02214	
4.08	0	0	3.99038	0.0522779	5.94659	
4.11	0	0	4.04424	0.164361	6.07023	
4.14	0	0	4.08315	0.24655	5.93771	
4.17	0	0	4.13619	0.29132	5.83767	
4.2	0	0	4.35806	0.265015	5.8155	
4.23	0	0	4.40968	0.286626	5.69981	
4.26	0	0	4.38207	0.361978	5.72419	
4.29	0	0	4.47175	0.411495	5.63379	
4.32	0	0	4.50158	0.295235	5.31393	
4.35	0	0	4.46733	0.359219	5.47286	
4.38	0	0	4.53697	0.392102	5.54475	
4.41	0	0	4.43415	0.49221	5.51607	
4.44	0	0	4.44069	0.456851	5.38513	
4.47	0	0	4.48793	0.428413	5.625	
4.5	0	0	4.49801	0.490987	5.43003	
4.53	0	0	4.4977	0.398096	5.48926	
4.56	0	0	4.48168	0.442857	5.43539	
4.59	0	0	4.69135	0.349637	5.43087	
4.62	0	0	4.62603	0.28121	5.4408	
4.65	0	0	4.67681	0.163057	5.81139	
4.68	0	0	4.65322	0.19069	5.83903	
4.71	0	0	4.82426	0.121639	5.77651	
4.74	0	0	4.78265	0.196688	5.79529	
4.77	0	0	4.93574	0.241359	5.72046	
4.8	0	0	4.9176	0.331426	5.65485	
4.83	0	0	4.76374	0.294967	5.38311	
4.86	0	0	4.82809	0.283812	5.71058	
4.89	0	0	4.72969	0.323571	5.62962	
4.92	0	0	4.80982	0.318623	5.65945	
4.95	0	0	4.73133	0.425537	5.78105	
4.98	0	0	4.74246	0.354841	5.46379	
5.01	0	0	4.75119	0.371098	5.85395	
5.04	0	0	4.88483	0.216022	5.53907	
5.07	0	0	4.85406	0.299587	5.9682	
5.1	0	0	5.01972	0.372906	5.7046	
5.13	0	0	4.9869	0.250296	5.7211	
5.16	0	0	5.1403	0.256453	5.84886	
5.19	0	0	5.03931	0.380361	5.67722	
5.22	0	0	5.14527	0.309084	5.68335	
5.25	0	0	5.11348	0.273735	5.71626	
5.28	0	0	5.18021	0.274302	5.64849	
5.31	0	0	5.20013	0.301639	5.80469	
5.34	0	0	5.26199	0.26093	5.63274	
5.37	0	0	5.21407	0.211399	5.75081	
5.4	0	0	5.18043	0.211815	5.73357	
5.43	0	0	5.20785	0.34317	5.84078	
5.46	0	0	5.25581	0.300812	5.64701	
5.49	0	0	5.11151	0.125122	5.80667	
5.52	0	0	5.26145	0.0553802	5.94705	
5.55	0	0	5.31022	0.0355267	5.97434	
5.58	0	0	5.40273	0.0897071	6.11251	
5.61	0	0	5.39701	0.122856	5.87275	
5.64	0	0	5.358	0.200571	6.09637	
5.67	0	0	5.54521	0.125264	5.89587	
5.7	0	0	5.58434	0.189817	6.09767	
5.73	0	0	5.66146	0.153781	5.97268	
5.76	0	0	5.64798	0.213395	6.01468	
5.79	0	0	5.72742	0.174713	5.91799	
5.82	0	0	5.68514	0.126062	5.86488	
5.85	0	0	5.74085	-0.0223022	6.02029	
5.88	0	0	5.6558	0.0297045	6.07659	
5.91	0	0	5.91556	0.168574	6.20274	
5.94	0	0	5.80715	0.250002	5.99329	
5.97	0	0	5.78488	0.18858	5.95549	
6	0	0	5.84631	0.225675	6.00396	
6.03	0	0	5.75797	0.0997123	5.86268	
6.06	0	0	5.92829	0.152876	5.98844	
6.09	0	0	5.90983	0.0667226	5.98953	
6.12	0	0	6.01401	0.0252167	6.21274	
6.15	0	0	5.94629	0.0299501	6.23856	
6.18	0	0	6.09566	-0.0391087	6.32594	
6.21	0	0	6.08651	-0.1138	6.30195	
6.24	0	0	6.13404	-0.171386	6.45219	
6.27	0	0	6.25325	-0.0747169	6.51189	
6.3	0	0	6.10292	-0.163932	6.47245	
6.33	0	0	6.1915	-0.0801526	6.46666	
6.36	0	0	6.21228	0.0216622	6.28588	
6.39	0	0	6.25472	0.0120611	6.17472	
6.42	0	0	6.263	-0.0094974	6.29056	
6.45	0	0	6.41941	-0.0395666	6.31169	
6.48	0	0	6.48368	-0.0373796	6.45217	
6.51	0	0	6.52165	-0.0158865	6.42116	
6.54	0	0	6.51447	-0.0224886	6.30972	
6.57	0	0	6.48108	-0.109075	6.45769	
6.6	0	0	6.49733	-0.0582682	6.58461	
6.63	0	0	6.40808	-0.233765	6.29408	
6.66	0	0	6.41123	-0.138817	6.63195	
6.69	0	0	6.51566	-0.126419	6.29879	
6.72	0	0	6.5634	-0.20017	6.3892	
6.75	0	0	6.63261	-0.188351	6.67408	
6.78	0	0	6.68171	-0.179565	6.55713	
6.81	0	0	6.73037	-0.161488	6.54697	
6.84	0	0	6.64578	-0.183396	6.46746	
6.87	0	0	6.72529	-0.254876	6.40578	
6.9	0	0	6.7425	-0.329433	6.68174	
6.93	0	0	6.91893	-0.379998	6.72579	
6.96	0	0	6.99573	-0.478701	7.02447	
6.99	0	0	7.13587	-0.629327	7.1581	
7.02	0	0	7.22132	-0.454727	7.41417	
7.05	0	0	7.28548	-0.552728	7.24073	
7.08	0	0	7.29503	-0.410809	7.50557	
7.11	0	0	7.27928	-0.385976	7.37191	
7.14	0	0	7.36097	-0.294202	7.58811	
7.17	0	0	7.35979	-0.140867	7.52421	
7.2	0	0	7.37207	-0.153092	7.44067	
7.23	0	0	7.30033	-0.153673	7.39261	
7.26	0	0	7.32358	-0.222974	7.09718	
7.29	0	0	7.31196	-0.356088	7.15261	
7.32	0	0	7.31304	-0.350116	7.20236	
7.35	0	0	7.34001	-0.327298	6.94262	
7.38	0	0	7.31699	-0.382875	7.21456	
7.41	0	0	7.44964	-0.31518	7.09054	
7.44	0	0	7.49024	-0.234952	7.16927	
7.47	0	0	7.49619	-0.13451	7.20667	
7.5	0	0	7.55259	-0.107852	6.92702	
7.53	0	0	7.51762	-0.171869	6.81724	
7.53	0.03	1.5708	7.37415	-0.217243	6.73471	
7.53	0.06	1.5708	7.51649	-0.0854053	6.66282	
7.53	0.09	1.5708	7.30688	-0.155973	7.43785	
7.53	0.12	1.5708	7.49507	-0.155088	7.08699	
7.53	0.15	1.5708	7.34903	-0.207557	7.59641	
7.53	0.18	1.5708	7.47793	-0.0603227	7.38242	
7.53	0.21	1.5708	7.48508	-0.024433	7.57536	
7.53	0.24	1.5708	7.34781	-0.0240432	7.51564	
7.53	0.27	1.5708	7.40944	-0.0487006	7.42314	
7.53	0.3	1.5708	7.39082	0.0161349	7.8068	
7.53	0.33	1.5708	7.31428	0.0979704	7.44406	
7.53	0.36	1.5708	7.3003	0.219241	7.52083	
7.53	0.39	1.5708	7.38045	0.31604	7.55039	
7.53	0.42	1.5708	7.43337	0.41836	7.59816	
7.53	0.45	1.5708	7.45095	0.426786	7.52756	
7.53	0.48	1.5708	7.41296	0.39941	7.57457	
7.53	0.51	1.5708	7.33682	0.527284	7.58772	
7.53	0.54	1.5708	7.16589	0.671984	7.42289	
7.53	0.57	1.5708	7.13982	0.781738	7.12453	
7.53	0.6	1.5708	7.16364	0.720402	6.94126	
7.53	0.63	1.5708	7.11716	0.885208	7.08518	
7.53	0.66	1.5708	7.01071	0.791665	6.69717	
7.53	0.69	1.5708	6.88538	0.908795	6.82702	
7.53	0.72	1.5708	6.971	0.818019	6.54744	
7.53	0.75	1.5708	6.96533	0.773994	6.97689	
7.53	0.78	1.5708	7.03746	0.892057	6.80966	
7.53	0.81	1.5708	6.98753	0.887247	6.73283	
7.53	0.84	1.5708	7.03831	0.94587	6.83529	
7.53	0.87	1.5708	7.10203	0.918022	6.70292	
7.53	0.9	1.5708	6.99214	1.07694	6.68155	
7.53	0.93	1.5708	7.06138	1.0514	6.46507	
7.53	0.96	1.5708	7.01877	1.09278	6.84811	
7.53	0.99	1.5708	7.0831	1.06578	6.55153	
7.53	1.02	1.5708	6.9314	1.16479	6.87914	
7.53	1.05	1.5708	6.90359	1.22171	6.55779	
7.53	1.08	1.5708	7.05379	1.08686	6.67158	
7.53	1.11	1.5708	7.12921	1.07834	6.83499	
7.53	1.14	1.5708	7.16059	1.05066	6.90701	
7.53	1.17	1.5708	7.10727	1.12539	6.93052	
7.53	1.2	1.5708	7.25023	1.14107	7.0114	
7.53	1.23	1.5708	7.3819	1.18144	7.13044	
7.53	1.26	1.5708	7.40566	1.10383	7.44253	
7.53	1.29	1.5708	7.49243	1.17794	7.48197	
7.53	1.32	1.5708	7.49037	1.11307	7.70673	
7.53	1.35	1.5708	7.51537	1.13544	7.72168	
7.53	1.38	1.5708	7.57054	1.20135	7.68557	
7.53	1.41	1.5708	7.62089	1.27094	7.83991	
7.53	1.44	1.5708	7.49654	1.32421	7.8686	
7.53	1.47	1.5708	7.46998	1.30291	7.84744	
7.53	1.5	1.5708	7.43258	1.22587	7.99155	
7.53	1.53	1.5708	7.49285	1.33145	7.71466	
7.53	1.56	1.5708	7.43541	1.29388	7.7822	
7.53	1.59	1.5708	7.45918	1.45573	7.80756	
7.53	1.62	1.5708	7.36501	1.25556	7.78032	
7.53	1.65	1.5708	7.50493	1.42182	7.80535	
7.53	1.68	1.5708	7.56932	1.53462	7.8883	
7.53	1.71	1.5708	7.63444	1.43773	7.92872	
7.53	1.74	1.5708	7.75681	1.52068	7.99955	
7.53	1.77	1.5708	7.64173	1.47412	8.08517	
7.53	1.8	1.5708	7.68066	1.55387	7.8377	
7.53	1.83	1.5708	7.64028	1.52322	8.08108	
7.53	1.86	1.5708	7.65855	1.63318	8.01888	
7.53	1.89	1.5708	7.5007	1.66853	8.10586	
7.53	1.92	1.5708	7.40135	1.68376	7.74365	
7.53	1.95	1.5708	7.40574	1.87958	7.7368	
7.53	1.98	1.5708	7.32698	1.77606	7.7253	
7.53	2.01	1.5708	7.28365	1.79083	7.46889	
7.53	2.04	1.5708	7.16223	1.90725	7.42659	
7.53	2.07	1.5708	7.19565	2.0423	7.1751	
7.53	2.1	1.5708	7.21804	2.03945	7.4059	
7.53	2.13	1.5708	7.07424	2.07177	7.39017	
7.53	2.16	1.5708	7.17936	2.14334	7.22119	
7.53	2.19	1.5708	7.12522	2.17757	7.26832	
7.53	2.22	1.5708	7.16133	2.17489	7.15465	
7.53	2.25	1.5708	7.19557	2.32115	7.22283	
7.53	2.28	1.5708	7.2278	2.26398	7.16255	
7.53	2.31	1.5708	7.18139	2.37109	7.2222	
7.53	2.34	1.5708	7.28872	2.4769	7.08485	
7.53	2.37	1.5708	7.14084	2.45997	7.05357	
7.53	2.4	1.5708	7.09942	2.55496	7.06508	
7.53	2.43	1.5708	7.16551	2.51529	6.96116	
7.53	2.46	1.5708	7.25458	2.59366	6.96678	
7.53	2.49	1.5708	7.26664	2.58626	6.88948	
7.53	2.52	1.5708	7.15661	2.55631	7.10563	
7.53	2.55	1.5708	7.31524	2.65017	6.96191	
7.53	2.58	1.5708	7.44837	2.67293	7.22277	
7.53	2.61	1.5708	7.38619	2.48061	7.40489	
7.53	2.64	1.5708	7.29872	2.56782	7.3664	
7.53	2.67	1.5708	7.38053	2.6091	7.24427	
7.53	2.7	1.5708	7.31739	2.55805	7.43781	
7.53	2.73	1.5708	7.41621	2.57517	7.4013	
7.53	2.76	1.5708	7.34794	2.55516	7.66401	
7.53	2.79	1.5708	7.2931	2.80056	7.47827	
7.53	2.82	1.5708	7.33605	2.72655	7.49172	
7.53	2.85	1.5708	7.39016	2.80622	7.47239	
7.53	2.88	1.5708	7.50507	2.72023	7.56459	
7.53	2.91	1.5708	7.56299	2.79103	7.7666	
7.53	2.94	1.5708	7.36848	2.73347	7.77567	
7.53	2.97	1.5708	7.39377	2.78113	7.54778	
7.53	3	1.5708	7.34436	2.80601	7.62304	
7.53	3.03	1.5708	7.34093	3.00436	7.61743	
7.53	3.06	1.5708	7.18916	2.95049	7.63466	
7.53	3.09	1.5708	7.2413	3.13897	7.31172	
7.53	3.12	1.5708	7.35713	3.18837	7.15609	
7.53	3.15	1.5708	7.26799	3.22107	7.19244	
7.53	3.18	1.5708	7.35483	3.31953	7.02677	
7.53	3.21	1.5708	7.19128	3.29119	7.03438	
7.53	3.24	1.5708	7.2529	3.3624	7.09004	
7.53	3.27	1.5708	7.20168	3.13925	7.06023	
7.53	3.3	1.5708	7.33087	3.31931	7.35578	
7.53	3.33	1.5708	7.12729	3.30496	7.25521	
7.53	3.36	1.5708	7.18553	3.51002	7.05925	
7.53	3.39	1.5708	7.01268	3.59589	7.15923	
7.53	3.42	1.5708	6.99051	3.70063	6.62299	
7.53	3.45	1.5708	7.10785	3.79493	6.7315	
7.53	3.48	1.5708	7.02555	3.70004	6.37591	
7.53	3.51	1.5708	7.08311	3.70327	6.71829	
7.53	3.54	1.5708	7.12852	3.69775	6.62503	
7.53	3.57	1.5708	7.05522	3.81352	6.89089	
7.53	3.6	1.5708	7.16133	3.86585	6.35764	
7.53	3.63	1.5708	6.90993	3.84154	6.56999	
7.53	3.66	1.5708	7.02636	3.88019	6.62359	
7.53	3.69	1.5708	7.04079	3.90696	6.77182	
7.53	3.72	1.5708	7.05674	3.99122	6.89283	
7.53	3.75	1.5708	7.08959	3.82691	6.65647	
7.53	3.78	1.5708	7.08621	3.88536	6.96505	
7.53	3.81	1.5708	7.04575	4.07468	6.93891	
7.53	3.84	1.5708	7.22393	4.081	6.6778	
7.53	3.87	1.5708	7.02634	4.00974	6.76343	
7.53	3.9	1.5708	7.16822	4.18074	6.84205	
7.53	3.93	1.5708	7.08399	4.13911	6.72766	
7.53	3.96	1.5708	7.3854	3.9928	6.6628	
7.53	3.99	1.5708	7.45662	4.02586	6.95933	
7.53	4.02	1.5708	7.51851	3.90085	7.09366	
7.53	4.05	1.5708	7.48516	3.98999	7.37998	
7.53	4.08	1.5708	7.30792	3.93582	7.28813	
7.53	4.11	1.5708	7.40535	3.91269	7.12783	
7.53	4.14	1.5708	7.421	3.94918	7.60497	
7.53	4.17	1.5708	7.53887	4.07337	7.40924	
7.53	4.2	1.5708	7.53822	4.13061	7.77991	
7.53	4.23	1.5708	7.41973	4.11874	7.72605	
7.53	4.26	1.5708	7.35882	4.03126	7.69729	
7.53	4.29	1.5708	7.43399	4.13637	7.7089	
7.53	4.32	1.5708	7.5189	4.23366	7.66981	
7.53	4.35	1.5708	7.38272	4.17532	7.83159	
7.53	4.38	1.5708	7.45908	4.22068	7.61772	
7.53	4.41	1.5708	7.45263	4.25107	7.86555	
7.53	4.44	1.5708	7.52525	4.17986	7.57104	
7.53	4.47	1.5708	7.57138	4.38946	7.55797	
7.53	4.5	1.5708	7.54023	4.27893	7.78314	
7.53	4.53	1.5708	7.57002	4.22086	7.75186	
7.53	4.56	1.5708	7.68359	4.44718	7.75475	
7.53	4.59	1.5708	7.56993	4.36336	7.94359	
7.53	4.62	1.5708	7.61852	4.46368	7.80508	
7.53	4.65	1.5708	7.63091	4.42351	8.0595	
7.53	4.68	1.5708	7.72554	4.61809	7.98092	
7.53	4.71	1.5708	7.7915	4.51834	8.16364	
7.53	4.74	1.5708	7.78952	4.59366	8.15103	
7.53	4.77	1.5708	7.67861	4.77773	8.31038	
7.53	4.8	1.5708	7.71807	4.81187	8.20914	
7.53	4.83	1.5708	7.81282	4.85016	8.28141	
7.53	4.86	1.5708	7.74323	4.79031	8.30789	
7.53	4.89	1.5708	7.74703	4.79583	8.15934	
7.53	4.92	1.5708	7.80696	4.87025	8.06799	
7.53	4.95	1.5708	7.8172	4.86423	8.26018	
7.53	4.98	1.5708	7.82003	5.03582	8.10798	
7.53	5.01	1.5708	7.73993	5.103	8.26165	
7.53	5.04	1.5708	7.79161	5.09523	8.21905	
7.53	5.07	1.5708	7.69448	5.14732	8.28694	
7.53	5.1	1.5708	7.71767	5.20012	8.35786	
7.53	5.13	1.5708	7.73134	5.19747	8.40977	
7.53	5.16	1.5708	7.70939	5.18745	8.44616	
7.53	5.19	1.5708	7.79422	5.19718	8.4385	
7.53	5.22	1.5708	7.74057	5.16494	8.35403	
7.53	5.25	1.5708	7.75179	5.1879	8.29493	
7.53	5.28	1.5708	7.92456	5.20221	8.33834	
7.53	5.31	1.5708	7.87449	5.30678	8.57707	
7.53	5.34	1.5708	7.85612	5.1918	8.43725	
7.53	5.37	1.5708	7.80501	5.32561	8.44325	
7.53	5.4	1.5708	7.80142	5.26055	8.45353	
7.53	5.43	1.5708	7.7373	5.35142	8.34538	
7.53	5.46	1.5708	7.70775	5.41862	8.38938	
7.53	5.49	1.5708	7.67734	5.3871	8.37049	
7.53	5.52	1.5708	7.65015	5.45129	8.24453	
7.53	5.55	1.5708	7.56781	5.47529	8.24994	
7.53	5.58	1.5708	7.62349	5.47224	8.00934	
7.53	5.61	1.5708	7.64118	5.54718	8.19625	
7.53	5.64	1.5708	7.80148	5.51361	8.06436	
7.53	5.67	1.5708	7.86678	5.54666	8.28978	
7.53	5.7	1.5708	7.7988	5.56245	8.23986	
7.53	5.73	1.5708	7.62082	5.47469	8.20703	
7.53	5.76	1.5708	7.49587	5.61118	8.01064	
7.53	5.79	1.5708	7.60558	5.75231	8.00853	
7.53	5.82	1.5708	7.49962	5.63594	8.13236	
7.53	5.85	1.5708	7.53733	5.73311	7.77256	
7.53	5.88	1.5708	7.50081	5.74494	7.93482	
7.53	5.91	1.5708	7.44293	5.72985	7.95307	
7.53	5.94	1.5708	7.40145	5.85095	7.8681	
7.53	5.97	1.5708	7.39225	5.7889	7.93057	
7.53	6	1.5708	7.38333	5.89555	7.7734	
7.53	6.03	1.5708	7.42574	5.90208	7.76362	
7.53	6.06	1.5708	7.45418	5.99981	7.86726	
7.53	6.09	1.5708	7.51543	6.07295	7.81744	
7.53	6.12	1.5708	7.59704	6.14527	7.96587	
7.53	6.15	1.5708	7.58822	6.04902	8.07151	
7.53	6.18	1.5708	7.55829	6.14135	7.85856	
7.53	6.21	1.5708	7.53606	6.10627	8.0643	
7.53	6.24	1.5708	7.4793	6.13585	7.86371	
7.53	6.27	1.5708	7.37589	6.15986	7.87769	
7.53	6.3	1.5708	7.31104	6.19821	7.57426	
7.53	6.33	1.5708	7.4331	6.27018	7.41323	
7.53	6.36	1.5708	7.49049	6.10451	7.63908	
7.53	6.39	1.5708	7.49084	6.14561	7.62529	
7.53	6.42	1.5708	7.44493	6.32817	7.73471	
7.53	6.45	1.5708	7.46537	6.22756	7.48443	
7.53	6.48	1.5708	7.47286	6.35759	7.52779	
7.53	6.51	1.5708	7.42752	6.55482	7.50541	
7.53	6.54	1.5708	7.42382	6.56534	7.46852	
7.53	6.57	1.5708	7.55709	6.68096	7.59317	
7.53	6.6	1.5708	7.63468	6.54344	7.63583	
7.53	6.63	1.5708	7.7385	6.56704	7.92108	
7.53	6.66	1.5708	7.75195	6.65755	8.02026	
7.53	6.69	1.5708	7.7091	6.54504	8.17607	
7.53	6.72	1.5708	7.5381	6.63194	7.86999	
7.53	6.75	1.5708	7.65906	6.56434	7.90576	
7.53	6.78	1.5708	7.61043	6.6354	8.04573	
7.53	6.81	1.5708	7.69201	6.74363	7.99054	
7.53	6.84	1.5708	7.50523	6.8716	7.95502	
7.53	6.87	1.5708	7.54416	6.84479	7.67856	
7.53	6.9	1.5708	7.47354	6.88118	7.95609	
7.53	6.93	1.5708	7.47383	6.87224	7.60624	
7.53	6.96	1.5708	7.50934	6.96326	7.7608	
7.53	6.99	1.5708	7.5009	6.88969	7.72238	
7.53	7.02	1.5708	7.5165	6.87455	7.72415	
7.53	7.05	1.5708	7.53905	7.03634	7.73672	
7.53	7.08	1.5708	7.5617	6.98354	7.69302	
7.53	7.11	1.5708	7.57566	7.0582	7.85163	
7.53	7.14	1.5708	7.63633	7.1025	7.88659	
7.53	7.17	1.5708	7.58802	7.20044	8.00973	
7.53	7.2	1.5708	7.63189	7.02815	7.88957	
7.53	7.23	1.5708	7.59185	7.09911	7.95756	
7.53	7.26	1.5708	7.62625	7.13787	7.91113	
7.53	7.29	1.5708	7.61353	7.04982	7.91119	
7.53	7.32	1.5708	7.59249	7.08021	7.91715	
7.53	7.35	1.5708	7.58374	7.17507	7.89522	
7.53	7.38	1.5708	7.61299	7.1885	8.05502	
7.53	7.41	1.5708	7.715	7.38019	8.00308	
7.53	7.44	1.5708	7.76927	7.22935	8.05275	
7.53	7.47	1.5708	7.72814	7.47835	8.17767	
7.53	7.5	1.5708	7.73298	7.39422	8.2284	
7.5	7.5	3.14159	7.66174	7.49231	8.37333	
7.47	7.5	3.14159	7.64174	7.48863	8.32883	
7.44	7.5	3.14159	7.65446	7.4615	9.12571	
7.41	7.5	3.14159	7.66144	7.58556	8.91986	
7.38	7.5	3.14159	7.68454	7.52229	9.25334	
7.35	7.5	3.14159	7.62366	7.51606	9.21301	
7.32	7.5	3.14159	7.57532	7.53388	9.40096	
7.29	7.5	3.14159	7.57976	7.63913	9.32414	
7.26	7.5	3.14159	7.42524	7.6846	9.57179	
7.23	7.5	3.14159	7.42457	7.62452	9.66779	
7.2	7.5	3.14159	7.36028	7.49292	9.51949	
7.17	7.5	3.14159	7.35171	7.47862	9.44231	
7.14	7.5	3.14159	7.2689	7.41818	9.35664	
7.11	7.5	3.14159	7.18386	7.32623	9.29571	
7.08	7.5	3.14159	7.33493	7.31102	9.15754	
7.05	7.5	3.14159	7.19871	7.41573	9.14044	
7.02	7.5	3.14159	7.31894	7.43916	9.18242	
6.99	7.5	3.14159	7.27308	7.51382	9.14857	
6.96	7.5	3.14159	7.23409	7.50763	9.27616	
6.93	7.5	3.14159	7.20259	7.35257	9.32269	
6.9	7.5	3.14159	7.27738	7.42754	9.20864	
6.87	7.5	3.14159	7.23816	7.42122	9.45453	
6.84	7.5	3.14159	7.11022	7.44303	9.24236	
6.81	7.5	3.14159	7.08949	7.57528	9.36564	
6.78	7.5	3.14159	7.02286	7.66633	9.70091	
6.75	7.5	3.14159	6.97586	7.71494	9.70976	
6.72	7.5	3.14159	7.01048	7.68422	9.81668	
6.69	7.5	3.14159	6.8649	7.77779	9.78608	
6.66	7.5	3.14159	6.86067	7.72744	10.0161	
6.63	7.5	3.14159	6.89053	7.65873	9.61097	
6.6	7.5	3.14159	6.7722	7.5672	9.75778	
6.57	7.5	3.14159	6.74616	7.62534	9.44594	
6.54	7.5	3.14159	6.55137	7.6674	9.68538	
6.51	7.5	3.14159	6.5706	7.85679	9.79589	
6.48	7.5	3.14159	6.42183	7.81414	10.0562	
6.45	7.5	3.14159	6.42459	7.8233	10.135	
6.42	7.5	3.14159	6.4711	7.94837	10.1432	
6.39	7.5	3.14159	6.34492	7.89299	10.1842	
6.36	7.5	3.14159	6.4973	7.87005	10.3775	
6.33	7.5	3.14159	6.38928	7.81511	10.0013	
6.3	7.5	3.14159	6.19979	7.79809	10.1249	
6.27	7.5	3.14159	6.2312	7.75021	10.0868	
6.24	7.5	3.14159	6.34342	7.74435	10.0346	
6.21	7.5	3.14159	6.31392	7.70081	9.85082	
6.18	7.5	3.14159	6.34495	7.8278	9.90488	
6.15	7.5	3.14159	6.17389	7.7518	9.9837	
6.12	7.5	3.14159	6.08885	7.95021	9.9549	
6.09	7.5	3.14159	5.97808	7.94432	10.2904	
6.06	7.5	3.14159	5.94777	7.76637	10.2901	
6.03	7.5	3.14159	6.02256	7.78025	10.2476	
6	7.5	3.14159	5.7982	7.72899	10.1243	
5.97	7.5	3.14159	5.9122	7.90809	10.4243	
5.94	7.5	3.14159	5.97831	7.86324	10.3576	
5.91	7.5	3.14159	5.8913	7.69173	10.2415	
5.88	7.5	3.14159	5.8752	7.71304	10.2031	
5.85	7.5	3.14159	5.87842	7.75212	10.1045	
5.82	7.5	3.14159	5.87593	7.86694	10.1888	
5.79	7.5	3.14159	5.64118	7.77408	10.1068	
5.76	7.5	3.14159	5.62557	7.85629	10.1738	
5.73	7.5	3.14159	5.59076	7.76748	10.3409	
5.7	7.5	3.14159	5.75196	7.92156	10.197	
5.67	7.5	3.14159	5.63028	7.8253	10.1591	
5.64	7.5	3.14159	5.6072	7.90585	10.1033	
5.61	7.5	3.14159	5.46098	7.86077	10.2481	
5.58	7.5	3.14159	5.32912	7.90713	10.3585	
5.55	7.5	3.14159	5.43608	8.01815	10.5428	
5.52	7.5	3.14159	5.4051	7.90375	10.5323	
5.49	7.5	3.14159	5.33609	7.93067	10.3775	
5.46	7.5	3.14159	5.47229	7.96399	10.5494	
5.43	7.5	3.14159	5.38841	7.86658	10.3878	
5.4	7.5	3.14159	5.49375	7.83943	10.4794	
5.37	7.5	3.14159	5.535	7.8018	10.1624	
5.34	7.5	3.14159	5.52092	7.77941	10.3372	
5.31	7.5	3.14159	5.59395	7.84997	9.93772	
5.28	7.5	3.14159	5.49913	7.77299	10.0216	
5.25	7.5	3.14159	5.45517	7.76374	9.9539	
5.22	7.5	3.14159	5.46836	7.77112	10.0255	
5.19	7.5	3.14159	5.39005	7.65688	9.89117	
5.16	7.5	3.14159	5.49418	7.70327	9.76691	
5.13	7.5	3.14159	5.48344	7.6846	9.73156	
5.1	7.5	3.14159	5.34384	7.69499	9.66903	
5.07	7.5	3.14159	5.34815	7.64096	9.68535	
5.04	7.5	3.14159	5.27983	7.4972	9.65607	
5.01	7.5	3.14159	5.16281	7.56839	9.66529	
4.98	7.5	3.14159	5.03557	7.65184	9.61233	
4.95	7.5	3.14159	5.10467	7.68501	9.85416	
4.92	7.5	3.14159	5.10901	7.6568	9.77835	
4.89	7.5	3.14159	5.2198	7.68895	9.56896	
4.86	7.5	3.14159	5.06199	7.59835	9.6914	
4.83	7.5	3.14159	5.01226	7.52489	9.59576	
4.8	7.5	3.14159	5.0548	7.4543	9.42841	
4.77	7.5	3.14159	4.97757	7.47047	9.48956	
4.74	7.5	3.14159	5.13871	7.58804	9.37019	
4.71	7.5	3.14159	4.99674	7.55656	9.68415	
4.68	7.5	3.14159	5.10305	7.52636	9.51498	
4.65	7.5	3.14159	4.98061	7.58477	9.55277	
4.62	7.5	3.14159	4.99694	7.5122	9.55354	
4.59	7.5	3.14159	4.81916	7.61054	9.32006	
4.56	7.5	3.14159	4.9064	7.73622	9.50059	
4.53	7.5	3.14159	4.78882	7.67326	9.76667	
4.5	7.5	3.14159	4.75805	7.61468	9.6823	
4.47	7.5	3.14159	4.66467	7.6833	9.6106	
4.44	7.5	3.14159	4.68139	7.644	9.66621	
4.41	7.5	3.14159	4.40775	7.63286	9.61553	
4.38	7.5	3.14159	4.64451	7.68729	9.62405	
4.35	7.5	3.14159	4.50116	7.72315	9.71308	
4.32	7.5	3.14159	4.51213	7.77102	9.69936	
4.29	7.5	3.14159	4.41705	7.83947	9.76345	
4.26	7.5	3.14159	4.43938	7.83413	9.92754	
4.23	7.5	3.14159	4.28627	7.75189	9.7847	
4.2	7.5	3.14159	4.30395	7.68497	9.75439	
4.17	7.5	3.14159	4.14375	7.58455	9.57361	
4.14	7.5	3.14159	4.25457	7.66861	9.61743	
4.11	7.5	3.14159	4.21662	7.53118	9.50207	
4.08	7.5	3.14159	4.27183	7.51499	9.51734	
4.05	7.5	3.14159	4.20402	7.473	9.54468	
4.02	7.5	3.14159	4.09907	7.48694	9.36788	
3.99	7.5	3.14159	4.08883	7.39022	9.4599	
3.96	7.5	3.14159	4.14578	7.31379	9.20515	
3.93	7.5	3.14159	4.11991	7.33771	9.35324	
3.9	7.5	3.14159	3.99196	7.4787	9.22843	
3.87	7.5	3.14159	3.88324	7.55442	9.32534	
3.84	7.5	3.14159	3.9206	7.60504	9.25053	
3.81	7.5	3.14159	4.0212	7.50374	9.5563	
3.78	7.5	3.14159	3.83303	7.61842	9.17577	
3.75	7.5	3.14159	3.90275	7.65086	9.35499	
3.72	7.5	3.14159	3.764	7.57097	9.57439	
3.69	7.5	3.14159	3.79935	7.62621	9.44823	
3.66	7.5	3.14159	3.65858	7.62671	9.69177	
3.63	7.5	3.14159	3.61898	7.69187	9.59935	
3.6	7.5	3.14159	3.5174	7.53755	9.94527	
3.57	7.5	3.14159	3.50023	7.54049	9.67126	
3.54	7.5	3.14159	3.58898	7.45629	9.67502	
3.51	7.5	3.14159	3.585	7.43869	9.45231	
3.48	7.5	3.14159	3.57894	7.31389	9.53801	
3.45	7.5	3.14159	3.67187	7.31081	9.24226	
3.42	7.5	3.14159	3.53932	7.41799	9.24793	
3.39	7.5	3.14159	3.63953	7.47117	9.32027	
3.36	7.5	3.14159	3.51475	7.509	9.26591	
3.33	7.5	3.14159	3.59594	7.52484	9.41581	
3.3	7.5	3.14159	3.40575	7.5801	9.23369	
3.27	7.5	3.14159	3.32551	7.55343	9.35335	
3.24	7.5	3.14159	3.32687	7.65851	9.37955	
3.21	7.5	3.14159	3.33828	7.70264	9.54256	
3.18	7.5	3.14159	3.23549	7.75532	9.71966	
3.15	7.5	3.14159	3.10346	7.815	9.80418	
3.12	7.5	3.14159	3.2507	7.85147	9.95454	
3.09	7.5	3.14159	3.2474	7.83073	9.94251	
3.06	7.5	3.14159	3.18681	7.90244	9.95819	
3.03	7.5	3.14159	3.09832	7.93808	9.98275	
3	7.5	3.14159	3.06971	7.96581	10.0632	
2.97	7.5	3.14159	2.98388	7.95196	9.93894	
2.94	7.5	3.14159	3.01987	7.92984	10.17	
2.91	7.5	3.14159	2.92696	7.99207	10.0961	
2.88	7.5	3.14159	2.83282	7.98436	10.2114	
2.85	7.5	3.14159	2.60027	7.83112	10.3371	
2.82	7.5	3.14159	2.59335	7.78573	10.3961	
2.79	7.5	3.14159	2.68341	7.80968	10.4092	
2.76	7.5	3.14159	2.6223	7.84067	10.2722	
2.73	7.5	3.14159	2.55459	7.81194	10.2877	
2.7	7.5	3.14159	2.39679	7.84331	10.3011	
2.67	7.5	3.14159	2.41989	7.89489	10.7311	
2.64	7.5	3.14159	2.47114	7.71323	10.5221	
2.61	7.5	3.14159	2.59996	7.87682	10.4754	
2.58	7.5	3.14159	2.49198	7.64484	10.3014	
2.55	7.5	3.14159	2.57837	7.77751	10.1375	
2.52	7.5	3.14159	2.4648	7.64934	10.0878	
2.49	7.5	3.14159	2.44833	7.51815	10.0591	
2.46	7.5	3.14159	2.48952	7.56617	9.81179	
2.43	7.5	3.14159	2.49411	7.60761	9.93271	
2.4	7.5	3.14159	2.42882	7.72342	9.8867	
2.37	7.5	3.14159	2.39535	7.67894	10.1298	
2.34	7.5	3.14159	2.44941	7.61397	9.93073	
2.31	7.5	3.14159	2.51626	7.55536	9.85727	
2.28	7.5	3.14159	2.51342	7.54302	9.43623	
2.25	7.5	3.14159	2.52746	7.49955	9.56497	
2.22	7.5	3.14159	2.45975	7.47665	9.49724	
2.19	7.5	3.14159	2.52977	7.45336	9.5829	
2.16	7.5	3.14159	2.37384	7.43848	9.38797	
2.13	7.5	3.14159	2.39735	7.47053	9.34579	
2.1	7.5	3.14159	2.0886	7.40218	9.2491	
2.07	7.5	3.14159	2.06556	7.37055	9.15758	
2.04	7.5	3.14159	2.18753	7.3912	9.15175	
2.01	7.5	3.14159	2.25631	7.38105	9.17908	
1.98	7.5	3.14159	2.27451	7.31079	9.29876	
1.95	7.5	3.14159	2.34506	7.43601	8.9346	
1.92	7.5	3.14159	2.142	7.43628	9.47087	
1.89	7.5	3.14159	2.08952	7.44797	9.02474	
1.86	7.5	3.14159	2.00201	7.42992	9.29924	
1.83	7.5	3.14159	2.01209	7.399	9.34916	
1.8	7.5	3.14159	1.84158	7.49261	9.26685	
1.77	7.5	3.14159	1.8822	7.37106	9.32761	
1.74	7.5	3.14159	1.748	7.38948	9.22832	
1.71	7.5	3.14159	1.88633	7.36543	9.16129	
1.68	7.5	3.14159	1.72173	7.37192	9.18612	
1.65	7.5	3.14159	1.88442	7.29132	9.22496	
1.62	7.5	3.14159	1.78891	7.44312	9.06996	
1.59	7.5	3.14159	1.86395	7.54638	9.34962	
1.56	7.5	3.14159	1.80524	7.53056	9.33797	
1.53	7.5	3.14159	1.7307	7.58014	9.25784	
1.5	7.5	3.14159	1.65541	7.53775	9.52347	
1.47	7.5	3.14159	1.58546	7.51902	9.37492	
1.44	7.5	3.14159	1.66987	7.49441	9.39788	
1.41	7.5	3.14159	1.55255	7.3418	9.33749	
1.38	7.5	3.14159	1.54299	7.30866	9.11965	
1.35	7.5	3.14159	1.45265	7.30291	9.3147	
1.32	7.5	3.14159	1.53719	7.17284	9.23837	
1.29	7.5	3.14159	1.33773	7.17168	8.98228	
1.26	7.5	3.14159	1.25139	7.13374	9.00991	
1.23	7.5	3.14159	1.1956	7.11478	8.87603	
1.2	7.5	3.14159	1.11718	7.19001	8.81134	
1.17	7.5	3.14159	1.0042	7.2314	8.70704	
1.14	7.5	3.14159	1.015	7.21528	8.86669	
1.11	7.5	3.14159	0.936761	7.27986	8.65411	
1.08	7.5	3.14159	1.02069	7.15714	8.5439	
1.05	7.5	3.14159	0.957367	7.06623	8.51573	
1.02	7.5	3.14159	1.00204	6.89402	8.42874	
0.99	7.5	3.14159	0.930189	6.97978	8.39337	
0.96	7.5	3.14159	0.843406	7.10057	8.43054	
0.93	7.5	3.14159	0.793427	7.06934	8.42426	
0.9	7.5	3.14159	0.827294	7.04927	8.42678	
0.87	7.5	3.14159	0.899665	7.13065	8.45063	
0.84	7.5	3.14159	0.886434	7.14037	8.58405	
0.81	7.5	3.14159	0.818684	7.31068	8.47972	
0.78	7.5	3.14159	0.922341	7.26785	8.68046	
0.75	7.5	3.14159	0.78536	7.33952	8.82145	
0.72	7.5	3.14159	0.812656	7.39212	8.91903	
0.69	7.5	3.14159	0.698424	7.38232	9.10033	
0.66	7.5	3.14159	0.692723	7.27449	8.8568	
0.63	7.5	3.14159	0.507664	7.25517	8.83131	
0.6	7.5	3.14159	0.541233	7.21122	8.69623	
0.57	7.5	3.14159	0.480607	7.21941	8.49433	
0.54	7.5	3.14159	0.444422	7.21455	8.69038	
0.51	7.5	3.14159	0.359722	7.2199	8.71651	
0.48	7.5	3.14159	0.276316	7.19394	8.6571	
0.45	7.5	3.14159	0.19053	7.00429	8.63074	
0.42	7.5	3.14159	0.180173	7.21946	8.36181	
0.39	7.5	3.14159	0.423278	7.19546	8.52429	
0.36	7.5	3.14159	0.512933	7.29059	8.849	
0.33	7.5	3.14159	0.599846	7.27929	8.86978	
0.3	7.5	3.14159	0.441953	7.35293	8.96278	
0.27	7.5	3.14159	0.461392	7.46945	9.02302	
0.24	7.5	3.14159	0.286084	7.40305	9.19338	
0.21	7.5	3.14159	0.381793	7.45327	9.04853	
0.18	7.5	3.14159	0.338041	7.36543	9.21306	
0.15	7.5	3.14159	0.183495	7.46313	9.10475	
0.12	7.5	3.14159	0.125977	7.3728	9.25401	
0.09	7.5	3.14159	0.170041	7.31151	9.09335	
0.06	7.5	3.14159	0.193793	7.24758	9.08055	
0.03	7.5	3.14159	0.0367378	7.33072	9.08438	
0.03	7.47	4.71239	0.00846308	7.2686	9.31515	
0.03	7.44	4.71239	0.0607077	7.28046	9.02362	
0.03	7.41	4.71239	0.270265	7.314	9.42529	
0.03	7.38	4.71239	0.204988	7.40163	9.80562	
0.03	7.35	4.71239	0.287403	7.34421	10.1019	
0.03	7.32	4.71239	0.376762	7.37163	10.0342	
0.03	7.29	4.71239	0.193467	7.39249	10.2893	
0.03	7.26	4.71239	0.0913304	7.45585	10.4511	
0.03	7.23	4.71239	0.013913	7.33331	10.5609	
0.03	7.2	4.71239	0.100917	7.47096	10.7025	
0.03	7.17	4.71239	0.059839	7.41182	10.7522	
0.03	7.14	4.71239	0.100548	7.34493	10.7722	
0.03	7.11	4.71239	0.00922741	7.41945	10.7513	
0.03	7.08	4.71239	-0.0827175	7.32841	11.0462	
0.03	7.05	4.71239	-0.0914846	7.2787	10.9517	
0.03	7.02	4.71239	-0.123452	7.34792	11.1746	
0.03	6.99	4.71239	-0.110743	7.22928	11.1052	
0.03	6.96	4.71239	-0.150443	7.17205	11.2075	
0.03	6.93	4.71239	-0.0940843	7.14777	11.2339	
0.03	6.9	4.71239	-0.178188	7.05442	11.2401	
0.03	6.87	4.71239	-0.179693	7.05309	11.235	
0.03	6.84	4.71239	-0.0994995	6.99353	11.2927	
0.03	6.81	4.71239	-0.178315	7.05011	11.3183	
0.03	6.78	4.71239	0.0503447	6.96498	11.3376	
0.03	6.75	4.71239	0.12518	7.03308	11.1667	
0.03	6.72	4.71239	0.152272	7.10318	11.118	
0.03	6.69	4.71239	0.350611	7.0101	10.9328	
0.03	6.66	4.71239	0.340869	6.9059	10.5653	
0.03	6.63	4.71239	0.283655	6.91758	10.7444	
0.03	6.6	4.71239	0.292016	6.8805	10.7033	
0.03	6.57	4.71239	0.266774	6.7412	10.6449	
0.03	6.54	4.71239	0.274439	6.50786	10.6077	
0.03	6.51	4.71239	0.366515	6.46785	10.4385	
0.03	6.48	4.71239	0.341503	6.50127	10.3415	
0.03	6.45	4.71239	0.140859	6.42399	10.4865	
0.03	6.42	4.71239	0.34236	6.34856	10.5317	
0.03	6.39	4.71239	0.45632	6.42508	10.2152	
0.03	6.36	4.71239	0.541893	6.33868	10.2413	
0.03	6.33	4.71239	0.475866	6.27952	9.93439	
0.03	6.3	4.71239	0.46084	6.26517	10.1263	
0.03	6.27	4.71239	0.506629	6.20265	10.1315	
0.03	6.24	4.71239	0.452429	6.2626	9.89838	
0.03	6.21	4.71239	0.522761	6.32384	10.1516	
0.03	6.18	4.71239	0.450438	6.44227	10.1888	
0.03	6.15	4.71239	0.191809	6.41729	10.3879	
0.03	6.12	4.71239	0.150486	6.3415	10.6333	
0.03	6.09	4.71239	0.181378	6.18489	10.6783	
0.03	6.06	4.71239	0.245977	6.21078	10.6798	
0.03	6.03	4.71239	0.128518	6.10562	10.7489	
0.03	6	4.71239	0.225941	6.18409	10.7733	
0.03	5.97	4.71239	0.204885	6.11265	10.7091	
0.03	5.94	4.71239	0.168777	6.07404	10.6472	
0.03	5.91	4.71239	0.2364	6.17879	10.7767	
0.03	5.88	4.71239	0.194306	5.99085	10.5441	
0.03	5.85	4.71239	0.232827	5.93373	10.7878	
0.03	5.82	4.71239	0.135122	5.97582	10.7543	
0.03	5.79	4.71239	0.108435	5.95093	10.8223	
0.03	5.76	4.71239	0.108149	5.92203	10.7554	
0.03	5.73	4.71239	0.121449	5.97844	10.939	
0.03	5.7	4.71239	0.201015	5.79697	10.8661	
0.03	5.67	4.71239	0.329444	5.89041	10.6933	
0.03	5.64	4.71239	0.362576	5.80889	10.602	
0.03	5.61	4.71239	0.310684	5.78244	10.6177	
0.03	5.58	4.71239	0.453164	5.75461	10.6907	
0.03	5.55	4.71239	0.456882	5.69793	10.3086	
0.03	5.52	4.71239	0.524382	5.46923	10.4703	
0.03	5.49	4.71239	0.725797	5.51896	9.9729	
0.03	5.46	4.71239	0.664078	5.37185	10.1277	
0.03	5.43	4.71239	0.635043	5.39951	9.98951	
0.03	5.4	4.71239	0.540486	5.35088	10.032	
0.03	5.37	4.71239	0.556993	5.36918	10.0034	
0.03	5.34	4.71239	0.381768	5.29472	10.1612	
0.03	5.31	4.71239	0.461594	5.42265	10.0984	
0.03	5.28	4.71239	0.544341	5.49926	10.2353	
0.03	5.25	4.71239	0.378066	5.32492	10.1826	
0.03	5.22	4.71239	0.397418	5.39234	10.1638	
0.03	5.19	4.71239	0.423145	5.36114	10.31	
0.03	5.16	4.71239	0.399738	5.38889	10.298	
0.03	5.13	4.71239	0.333951	5.10463	10.5742	
0.03	5.1	4.71239	0.314294	5.14311	10.2941	
0.03	5.07	4.71239	0.352901	5.09487	10.3144	
0.03	5.04	4.71239	0.386965	5.03873	10.2385	
0.03	5.01	4.71239	0.411738	5.06227	10.1554	
0.03	4.98	4.71239	0.448689	5.0751	10.2411	
0.03	4.95	4.71239	0.293366	5.0856	10.2283	
0.03	4.92	4.71239	0.237305	5.03758	10.467	
0.03	4.89	4.71239	0.25724	5.20055	10.4321	
0.03	4.86	4.71239	0.187953	5.07688	10.6282	
0.03	4.83	4.71239	0.131658	5.03954	10.6415	
0.03	4.8	4.71239	0.124846	4.91962	10.6498	
0.03	4.77	4.71239	0.119306	4.95522	10.5697	
0.03	4.74	4.71239	0.0713788	4.81576	10.7204	
0.03	4.71	4.71239	0.0831678	4.79772	10.7489	
0.03	4.68	4.71239	0.149804	4.59397	10.8936	
0.03	4.65	4.71239	0.279757	4.8031	10.6065	
0.03	4.62	4.71239	0.245073	4.6345	10.6433	
0.03	4.59	4.71239	0.204445	4.53313	10.6031	
0.03	4.56	4.71239	0.137796	4.71622	10.5271	
0.03	4.53	4.71239	0.0652279	4.68243	10.7056	
0.03	4.5	4.71239	0.110023	4.73876	10.7493	
0.03	4.47	4.71239	0.114176	4.64082	10.8229	
0.03	4.44	4.71239	0.149931	4.57469	10.765	
0.03	4.41	4.71239	-0.00320187	4.60039	10.7159	
0.03	4.38	4.71239	-0.0447492	4.55204	11.0916	
0.03	4.35	4.71239	-0.0617781	4.60951	10.9809	
0.03	4.32	4.71239	-0.089046	4.58002	11.2157	
0.03	4.29	4.71239	-0.0523437	4.4654	11.1623	
0.03	4.26	4.71239	0.0697661	4.32989	11.0462	
0.03	4.23	4.71239	0.0385934	4.40992	10.8824	
0.03	4.2	4.71239	0.125099	4.46998	11.0486	
0.03	4.17	4.71239	0.143385	4.35216	10.6732	
0.03	4.14	4.71239	0.20977	4.47619	10.8019	
0.03	4.11	4.71239	0.0904861	4.36831	10.597	
0.03	4.08	4.71239	0.0661904	4.35524	10.7907	
0.03	4.05	4.71239	0.0781808	4.31619	10.7796	
0.03	4.02	4.71239	0.057685	4.25198	10.8675	
0.03	3.99	4.71239	0.110103	4.18643	10.8356	
0.03	3.96	4.71239	0.0479729	4.1445	10.8819	
0.03	3.93	4.71239	0.109841	3.93848	10.9026	
0.03	3.9	4.71239	0.0735396	3.90778	10.8455	
0.03	3.87	4.71239	-0.0102394	3.92251	10.7592	
0.03	3.84	4.71239	-0.198156	3.86884	10.9696	
0.03	3.81	4.71239	-0.284708	3.88116	11.3126	
0.03	3.78	4.71239	-0.317952	3.73002	11.4307	
0.03	3.75	4.71239	-0.182624	3.76008	11.7018	
0.03	3.72	4.71239	-0.231101	3.87185	11.532	
0.03	3.69	4.71239	-0.0888003	3.80291	11.5196	
0.03	3.66	4.71239	-0.218229	3.83929	11.2706	
0.03	3.63	4.71239	-0.12955	3.68467	11.5835	
0.03	3.6	4.71239	-0.244261	3.66848	11.4679	
0.03	3.57	4.71239	-0.291313	3.7194	11.5958	
0.03	3.54	4.71239	-0.15523	3.44863	11.3961	
0.03	3.51	4.71239	-0.105908	3.59547	11.4409	
0.03	3.48	4.71239	-0.134958	3.55487	11.291	
0.03	3.45	4.71239	-0.0218206	3.41586	11.3719	
0.03	3.42	4.71239	-0.161878	3.28365	11.0721	
0.03	3.39	4.71239	-0.187915	3.26611	11.2718	
0.03	3.36	4.71239	-0.0794581	3.37819	11.2418	
0.03	3.33	4.71239	-0.111044	3.31447	11.2349	
0.03	3.3	4.71239	-0.202858	3.4133	11.327	
0.03	3.27	4.71239	-0.0581047	3.34278	11.3746	
0.03	3.24	4.71239	-0.0935258	3.28936	11.1709	
0.03	3.21	4.71239	-0.0870096	3.29815	11.3579	
0.03	3.18	4.71239	-0.0723018	3.13186	11.1753	
0.03	3.15	4.71239	0.0740649	3.09998	11.253	
0.03	3.12	4.71239	-0.018542	3.05185	11.1999	
0.03	3.09	4.71239	0.0777294	3.09234	11.2807	
0.03	3.06	4.71239	0.0788222	3.23851	11.1434	
0.03	3.03	4.71239	0.0816176	3.16385	11.0098	
0.03	3	4.71239	0.0225128	3.1786	11.1052	
0.03	2.97	4.71239	-0.0304152	2.98318	10.9097	
0.03	2.94	4.71239	-0.0831059	3.12812	11.0635	
0.03	2.91	4.71239	-0.104297	3.07549	11.0647	
0.03	2.88	4.71239	-0.102629	3.04949	11.2749	
0.03	2.85	4.71239	-0.249757	2.84089	11.1329	
0.03	2.82	4.71239	-0.275527	2.97437	11.4855	
0.03	2.79	4.71239	-0.359108	2.82537	11.441	
0.03	2.76	4.71239	-0.327499	2.86496	11.7884	
0.03	2.73	4.71239	-0.270387	2.83528	11.5595	
0.03	2.7	4.71239	-0.248681	2.75779	11.6101	
0.03	2.67	4.71239	-0.248686	2.76884	11.4978	
0.03	2.64	4.71239	-0.0814648	2.61518	11.5325	
0.03	2.61	4.71239	-0.0932767	2.80962	11.43	
0.03	2.58	4.71239	-0.141205	2.81323	11.3136	
0.03	2.55	4.71239	-0.147315	2.73328	11.4288	
0.03	2.52	4.71239	-0.0963572	2.71594	11.3846	
0.03	2.49	4.71239	-0.0752291	2.67807	11.2907	
0.03	2.46	4.71239	0.0099112	2.75167	11.1676	
0.03	2.43	4.71239	0.00205813	2.65334	11.054	
0.03	2.4	4.71239	-0.101269	2.69941	11.1218	
0.03	2.37	4.71239	-0.133416	2.61949	11.267	
0.03	2.34	4.71239	-0.180957	2.52997	11.2466	
0.03	2.31	4.71239	-0.168116	2.53211	11.3695	
0.03	2.28	4.71239	-0.164983	2.48869	11.1825	
0.03	2.25	4.71239	-0.204445	2.47483	11.2507	
0.03	2.22	4.71239	-0.202003	2.45438	11.2223	
0.03	2.19	4.71239	-0.176265	2.51206	11.2958	
0.03	2.16	4.71239	-0.0703185	2.34641	11.2754	
0.03	2.13	4.71239	0.120481	2.34076	11.2975	
0.03	2.1	4.71239	0.0620921	2.29731	10.8218	
0.03	2.07	4.71239	0.0878773	2.33235	11.2443	
0.03	2.04	4.71239	0.099118	2.23185	10.779	
0.03	2.01	4.71239	0.280719	2.14915	11.203	
0.03	1.98	4.71239	0.24578	2.14646	10.606	
0.03	1.95	4.71239	0.205984	2.14414	10.7803	
0.03	1.92	4.71239	0.175154	2.07787	10.7267	
0.03	1.89	4.71239	0.115687	2.06118	10.7098	
0.03	1.86	4.71239	0.0821969	2.12476	10.8788	
0.03	1.83	4.71239	0.0674568	2.0159	10.8364	
0.03	1.8	4.71239	0.0395576	2.01805	10.9981	
0.03	1.77	4.71239	0.247068	1.92182	10.854	
0.03	1.74	4.71239	0.16498	1.98783	10.638	
0.03	1.71	4.71239	0.0497294	1.89533	10.8133	
0.03	1.68	4.71239	-0.00887482	1.9621	11.043	
0.03	1.65	4.71239	0.0615698	1.85469	10.9228	
0.03	1.62	4.71239	0.0582263	1.81102	10.9277	
0.03	1.59	4.71239	0.0939255	1.92664	10.7354	
0.03	1.56	4.71239	-0.00518595	1.91338	10.9687	
0.03	1.53	4.71239	-0.137848	1.74422	10.9913	
0.03	1.5	4.71239	-0.157461	1.73707	11.2691	
0.03	1.47	4.71239	-0.173342	1.68496	11.1111	
0.03	1.44	4.71239	-0.0511827	1.63772	11.2384	
0.03	1.41	4.71239	0.0134104	1.45438	11.1672	
0.03	1.38	4.71239	0.0783446	1.45674	11.1804	
0.03	1.35	4.71239	0.00599567	1.37878	10.9541	
0.03	1.32	4.71239	-0.0420431	1.36726	11.1308	
0.03	1.29	4.71239	-0.0731816	1.36487	10.9623	
0.03	1.26	4.71239	-0.130705	1.26547	11.1706	
0.03	1.23	4.71239	-0.11945	1.3953	11.3242	
0.03	1.2	4.71239	0.0239664	1.27711	11.3495	
0.03	1.17	4.71239	-0.00843635	1.2471	11.1869	
0.03	1.14	4.71239	-0.0230024	1.1808	11.2114	
0.03	1.11	4.71239	-0.0620502	1.07695	11.3426	
0.03	1.08	4.71239	0.109551	1.18127	11.3026	
0.03	1.05	4.71239	0.121944	1.18659	10.9625	
0.03	1.02	4.71239	0.0604141	1.08957	10.893	
0.03	0.99	4.71239	0.12969	1.14673	11.0298	
0.03	0.96	4.71239	0.0733402	0.997427	11.0048	
0.03	0.93	4.71239	0.005355	0.977182	11.063	
0.03	0.9	4.71239	-0.157497	1.00289	11.1182	
0.03	0.87	4.71239	-0.151651	0.989858	11.2278	
0.03	0.84	4.71239	-0.181984	0.919185	11.1225	
0.03	0.81	4.71239	-0.369147	0.830529	11.1407	
0.03	0.78	4.71239	-0.517581	0.75479	11.527	
0.03	0.75	4.71239	-0.426596	0.568208	11.6823	
0.03	0.72	4.71239	-0.470654	0.591525	11.6869	
0.03	0.69	4.71239	-0.37905	0.519991	11.7932	
0.03	0.66	4.71239	-0.429218	0.4888	12.0013	
0.03	0.63	4.71239	-0.431098	0.515913	11.9325	
0.03	0.6	4.71239	-0.435855	0.501161	11.9783	
0.03	0.57	4.71239	-0.395218	0.461008	12.0339	
0.03	0.54	4.71239	-0.384858	0.42166	12.0482	
0.03	0.51	4.71239	-0.40304	0.251632	12.0174	
0.03	0.48	4.71239	-0.476176	0.189296	12.1445	
0.03	0.45	4.71239	-0.516696	0.259733	12.0512	
0.03	0.42	4.71239	-0.37299	0.220842	12.2368	
0.03	0.39	4.71239	-0.276312	0.24606	12.2203	
0.03	0.36	4.71239	-0.320934	0.242068	12.0723	
0.03	0.33	4.71239	-0.266957	0.251618	11.9953	
0.03	0.3	4.71239	-0.295302	0.243178	11.8002	
0.03	0.27	4.71239	-0.101212	0.275913	11.7744	
0.03	0.24	4.71239	-0.0689692	0.39797	11.5018	
0.03	0.21	4.71239	-0.0593287	0.371645	11.3236	
0.03	0.18	4.71239	-0.0163351	0.288691	11.4231	
0.03	0.15	4.71239	0.0597001	0.246279	11.0883	
0.03	0.12	4.71239	0.144454	0.330596	11.0593	
0.03	0.09	4.71239	0.285242	0.178885	10.8477	
0.03	0.06	4.71239	0.445505	0.19706	10.7511	
0.03	0.03	4.71239	0.384966	0.0247733	10.3539	
