-3.67382e-17	1.8	4.71239	0.2	0	5.4	3	0.2	-1.8	
0.059104	1.26893	5.01239	0.229978	0.00299989	3.77967	-3.16301	0.170873	-1.26593	
0.108437	0.898941	4.69609	0.259907	0.00644908	2.66971	2.48996	0.15147	-0.892492	
0.153465	0.637369	4.94508	0.289781	0.0103468	1.92467	-0.179259	0.136315	-0.627022	
0.194353	0.449294	4.92716	0.319593	0.0146922	1.35392	0.446094	0.12524	-0.434602	
0.231879	0.319107	4.97177	0.349337	0.0194843	0.959177	0.550211	0.117457	-0.299623	
0.267034	0.229511	5.02679	0.379005	0.0247219	0.688133	0.647288	0.111971	-0.204789	
0.300487	0.16847	5.09152	0.408592	0.030404	0.504817	0.739921	0.108105	-0.138066	
0.332703	0.127554	5.16551	0.43809	0.0365292	0.383922	0.823548	0.105386	-0.0910244	
0.364006	0.100848	5.24786	0.467492	0.0430962	0.307415	0.893004	0.103487	-0.0577514	
0.394625	0.0841954	5.33717	0.496793	0.0501035	0.262236	0.943913	0.102169	-0.034092	
0.424732	0.0746736	5.43156	0.525986	0.0575495	0.238756	0.973476	0.101254	-0.0171241	
0.454461	0.0702285	5.5289	0.555064	0.0654325	0.229799	0.980908	0.100602	-0.00479603	
0.48392	0.0694251	5.62699	0.58402	0.0737508	0.230017	0.967479	0.1001	0.00432564	
0.51319	0.0712695	5.72374	0.612848	0.0825024	0.23551	0.936151	0.0996575	0.0112329	
0.542331	0.075081	5.81736	0.641541	0.0916855	0.243545	0.890954	0.0992106	0.0166045	
0.571375	0.0803976	5.90645	0.670094	0.101298	0.252322	0.836278	0.0987193	0.0209004	
0.600333	0.0869067	5.99008	0.698499	0.111338	0.260762	0.776273	0.0981658	0.0244309	
0.629202	0.0943951	6.06771	0.72675	0.121802	0.268298	0.714457	0.0975486	0.0274071	
0.657965	0.102714	6.13915	0.754842	0.132689	0.274712	0.653543	0.0968763	0.0299749	
0.686604	0.111759	6.20451	0.782767	0.143997	0.279993	0.595437	0.0961621	0.0322376	
0.715099	0.121451	6.26405	0.810519	0.155721	0.284239	0.541345	0.0954195	0.0342703	
0.743432	0.131733	6.31819	0.838092	0.167861	0.287598	0.491911	0.0946597	0.0361287	
0.771588	0.142559	6.36738	0.86548	0.180413	0.290226	0.447373	0.0938914	0.0378546	
0.799557	0.153895	6.41211	0.892676	0.193375	0.292268	0.407686	0.0931196	0.0394794	
0.827328	0.165715	6.45288	0.919675	0.206743	0.293849	0.372625	0.0923473	0.0410271	
0.854896	0.177998	6.49015	0.946471	0.220514	0.295072	0.341861	0.0915752	0.0425155	
0.882254	0.190728	6.52433	0.973057	0.234686	0.296019	0.315011	0.0908027	0.0439579	
0.909399	0.20389	6.55583	0.999427	0.249255	0.296756	0.29168	0.0900283	0.0453641	
0.936326	0.217476	6.585	1.02558	0.264217	0.297331	0.271477	0.0892504	0.0467414	
0.96303	0.231476	6.61215	1.0515	0.279571	0.297782	0.254033	0.088467	0.0480949	
0.98951	0.245883	6.63755	1.07719	0.295311	0.29814	0.239006	0.0876761	0.0494282	
1.01576	0.260691	6.66145	1.10264	0.311435	0.298424	0.226085	0.086876	0.0507439	
1.04177	0.275895	6.68406	1.12784	0.327939	0.298652	0.214995	0.0860652	0.0520439	
1.06755	0.29149	6.70556	1.15279	0.344819	0.298836	0.205488	0.0852423	0.0533291	
1.09309	0.307471	6.72611	1.17749	0.362071	0.298986	0.197347	0.0844062	0.0546004	
1.11837	0.323834	6.74584	1.20193	0.379692	0.299109	0.190384	0.0835561	0.0558582	
1.14341	0.340575	6.76488	1.2261	0.397678	0.29921	0.184431	0.0826912	0.0571027	
1.16818	0.35769	6.78333	1.25	0.416024	0.299293	0.179347	0.081811	0.0583339	
1.1927	0.375175	6.80126	1.27361	0.434726	0.299362	0.175007	0.0809151	0.0595517	
1.21695	0.393025	6.81876	1.29695	0.453781	0.29942	0.171303	0.0800031	0.0607561	
1.24092	0.411237	6.83589	1.32	0.473184	0.299469	0.168145	0.079075	0.0619469	
1.26462	0.429806	6.85271	1.34275	0.49293	0.299509	0.165452	0.0781305	0.0631238	
1.28804	0.448728	6.86925	1.36521	0.513015	0.299544	0.163157	0.0771696	0.0642866	
1.31117	0.467999	6.88557	1.38736	0.533434	0.299573	0.161201	0.0761923	0.0654351	
1.334	0.487615	6.90169	1.4092	0.554184	0.299597	0.159535	0.0751987	0.066569	
1.35654	0.507571	6.91764	1.43073	0.575259	0.299618	0.158116	0.0741887	0.0676881	
1.37878	0.527862	6.93345	1.45194	0.596654	0.299635	0.156908	0.0731627	0.068792	
1.40071	0.548485	6.94914	1.47283	0.618365	0.29965	0.155879	0.0721206	0.0698806	
1.42233	0.569434	6.96473	1.49339	0.640387	0.299663	0.155003	0.0710626	0.0709536	
1.44363	0.590705	6.98023	1.51361	0.662715	0.299673	0.154257	0.0699889	0.0720107	
1.4646	0.612293	6.99566	1.5335	0.685344	0.299682	0.153623	0.0688998	0.0730516	
1.48526	0.634193	7.01102	1.55305	0.708269	0.29969	0.153083	0.0677953	0.0740763	
1.50558	0.6564	7.02633	1.57225	0.731484	0.299697	0.152623	0.0666758	0.0750843	
1.52556	0.678909	7.04159	1.5911	0.754985	0.299702	0.152232	0.0655414	0.0760755	
1.54521	0.701716	7.05681	1.6096	0.778765	0.299707	0.151899	0.0643924	0.0770496	
1.56451	0.724814	7.072	1.62774	0.802821	0.299711	0.151615	0.063229	0.0780064	
1.58346	0.7482	7.08716	1.64551	0.827146	0.299714	0.151374	0.0620514	0.0789457	
1.60206	0.771867	7.1023	1.66292	0.851734	0.299717	0.151169	0.06086	0.0798673	
1.6203	0.795811	7.11742	1.67996	0.876582	0.29972	0.150995	0.0596549	0.080771	
1.63819	0.820025	7.13252	1.69662	0.901681	0.299722	0.150846	0.0584364	0.0816565	
1.6557	0.844505	7.1476	1.71291	0.927028	0.299724	0.15072	0.0572049	0.0825236	
1.67285	0.869244	7.16267	1.72881	0.952617	0.299725	0.150613	0.0559605	0.0833723	
1.68962	0.894239	7.17774	1.74433	0.978441	0.299726	0.150521	0.0547035	0.0842021	
1.70602	0.919481	7.19279	1.75945	1.00449	0.299728	0.150443	0.0534342	0.0850131	
1.72204	0.944967	7.20783	1.77419	1.03077	0.299729	0.150377	0.052153	0.0858049	
1.73767	0.970691	7.22287	1.78853	1.05727	0.299729	0.150321	0.05086	0.0865774	
1.75291	0.996646	7.2379	1.80247	1.08398	0.29973	0.150273	0.0495556	0.0873305	
1.76777	1.02283	7.25293	1.81601	1.11089	0.299731	0.150232	0.0482401	0.0880639	
1.78223	1.04923	7.26795	1.82914	1.138	0.299731	0.150198	0.0469137	0.0887775	
1.79629	1.07584	7.28297	1.84186	1.16531	0.299731	0.150168	0.0455768	0.0894712	
1.80995	1.10266	7.29799	1.85418	1.19281	0.299732	0.150143	0.0442296	0.0901447	
1.82321	1.12969	7.313	1.86608	1.22049	0.299732	0.150122	0.0428725	0.0907979	
1.83606	1.15691	7.32802	1.87756	1.24834	0.299732	0.150103	0.0415057	0.0914307	
1.8485	1.18432	7.34303	1.88863	1.27636	0.299733	0.150088	0.0401296	0.092043	
1.86052	1.21191	7.35803	1.89927	1.30455	0.299733	0.150075	0.0387445	0.0926345	
1.87214	1.23968	7.37304	1.90949	1.33289	0.299733	0.150064	0.0373507	0.0932053	
1.88333	1.26762	7.38805	1.91928	1.36138	0.299733	0.150054	0.0359484	0.093755	
1.89411	1.29573	7.40305	1.92864	1.39001	0.299733	0.150046	0.0345381	0.0942836	
1.90446	1.32399	7.41806	1.93758	1.41878	0.299733	0.150039	0.03312	0.0947911	
1.91438	1.35241	7.43306	1.94608	1.44769	0.299733	0.150033	0.0316945	0.0952772	
1.92388	1.38097	7.44807	1.95415	1.47672	0.299733	0.150028	0.0302618	0.0957419	
1.93295	1.40968	7.46307	1.96178	1.50586	0.299734	0.150024	0.0288223	0.096185	
1.94159	1.43851	7.47807	1.96897	1.53512	0.299734	0.150021	0.0273763	0.0966065	
1.9498	1.46747	7.49307	1.97572	1.56448	0.299734	0.150017	0.0259242	0.0970062	
1.95757	1.49655	7.50808	1.98203	1.59394	0.299734	0.150015	0.0244662	0.0973842	
1.9649	1.52575	7.52308	1.9879	1.62349	0.299734	0.150013	0.0230028	0.0977402	
1.97179	1.55505	7.53808	1.99333	1.65312	0.299734	0.150011	0.0215341	0.0980742	
1.97825	1.58445	7.55308	1.99831	1.68283	0.299734	0.150009	0.0200607	0.0983862	
1.98426	1.61394	7.56808	2.00284	1.71262	0.299734	0.150008	0.0185827	0.098676	
1.98983	1.64352	7.58308	2.00693	1.74247	0.299734	0.150007	0.0171005	0.0989436	
1.99495	1.67318	7.59808	2.01056	1.77237	0.299734	0.150006	0.0156145	0.099189	
1.99963	1.70292	7.61308	2.01375	1.80233	0.299734	0.150005	0.0141249	0.099412	
2.00386	1.73272	7.62808	2.01649	1.83233	0.299734	0.150004	0.0126322	0.0996127	
2.00765	1.76258	7.64308	2.01878	1.86237	0.299734	0.150003	0.0111367	0.099791	
2.01098	1.7925	7.65808	2.02062	1.89244	0.299734	0.150003	0.0096386	0.0999468	
2.01387	1.82246	7.67308	2.02201	1.92254	0.299734	0.150003	0.00813837	0.10008	
2.01631	1.85246	7.68808	2.02294	1.95265	0.299734	0.150002	0.00663631	0.100191	
2.01829	1.8825	7.70308	2.02343	1.98278	0.299734	0.150002	0.00513276	0.100279	
2.01983	1.91256	7.71808	2.02346	2.0129	0.299734	0.150002	0.00362805	0.100345	
2.02092	1.94264	7.73308	2.02304	2.04303	0.299734	0.150001	0.00212252	0.100388	
2.02155	1.97273	7.74808	2.02217	2.07314	0.299734	0.150001	0.00061652	0.100409	
2.02173	2.00283	7.76308	2.02084	2.10324	0.299734	0.150001	-0.000889622	0.100407	
2.02146	2.03293	7.77808	2.01907	2.13331	0.299734	0.150001	-0.00239556	0.100382	
2.02074	2.06303	7.79308	2.01684	2.16336	0.299734	0.150001	-0.00390097	0.100335	
2.01957	2.0931	7.80808	2.01417	2.19337	0.299734	0.150001	-0.00540549	0.100265	
2.01795	2.12316	7.82308	2.01104	2.22333	0.299734	0.15	-0.0069088	0.100173	
2.01588	2.15319	7.83808	2.00747	2.25325	0.299734	0.15	-0.00841055	0.100058	
2.01335	2.18318	7.85308	2.00344	2.2831	0.299734	0.15	-0.00991042	0.0999202	
2.01038	2.21314	7.86808	1.99897	2.3129	0.299734	0.15	-0.011408	0.0997603	
2.00696	2.24304	7.88308	1.99406	2.34262	0.299734	0.15	-0.0129031	0.099578	
2.00309	2.27289	7.89808	1.98869	2.37227	0.299734	0.15	-0.0143953	0.0993732	
1.99877	2.30268	7.91308	1.98289	2.40183	0.299734	0.15	-0.0158842	0.0991461	
1.99401	2.33241	7.92808	1.97664	2.4313	0.299734	0.15	-0.0173695	0.0988967	
1.9888	2.36205	7.94308	1.96995	2.46068	0.299734	0.15	-0.018851	0.0986251	
1.98314	2.39162	7.95808	1.96282	2.48995	0.299734	0.15	-0.0203282	0.0983312	
1.97705	2.42109	7.97308	1.95525	2.51911	0.299734	0.15	-0.0218008	0.0980153	
1.97051	2.45048	7.98808	1.94724	2.54815	0.299734	0.15	-0.0232685	0.0976772	
1.96353	2.47976	8.00309	1.9388	2.57707	0.299734	0.15	-0.024731	0.0973172	
1.95612	2.50893	8.01809	1.92993	2.60587	0.299734	0.15	-0.0261879	0.0969353	
1.94827	2.53799	8.03309	1.92063	2.63452	0.299734	0.15	-0.027639	0.0965316	
1.93998	2.56693	8.04809	1.91089	2.66303	0.299734	0.15	-0.0290838	0.0961062	
1.93126	2.59574	8.06309	1.90074	2.69139	0.299734	0.15	-0.0305221	0.0956591	
1.92211	2.62441	8.07809	1.89015	2.7196	0.299734	0.15	-0.0319535	0.0951906	
1.91252	2.65295	8.09309	1.87915	2.74765	0.299734	0.15	-0.0333777	0.0947006	
1.90252	2.68133	8.10809	1.86772	2.77552	0.299734	0.15	-0.0347944	0.0941893	
1.89208	2.70957	8.12309	1.85588	2.80323	0.299734	0.15	-0.0362032	0.0936568	
1.88123	2.73765	8.13809	1.84363	2.83075	0.299734	0.15	-0.037604	0.0931032	
1.86995	2.76555	8.15309	1.83096	2.85808	0.299734	0.15	-0.0389962	0.0925287	
1.85826	2.79329	8.16809	1.81788	2.88523	0.299734	0.15	-0.0403797	0.0919334	
1.84616	2.82085	8.18309	1.8044	2.91217	0.299734	0.15	-0.0417541	0.0913174	
1.83364	2.84822	8.19809	1.79052	2.93891	0.299734	0.15	-0.0431191	0.0906808	
1.82071	2.87541	8.21309	1.77623	2.96543	0.299734	0.15	-0.0444744	0.0900238	
1.80737	2.90239	8.22809	1.76155	2.99174	0.299734	0.15	-0.0458197	0.0893466	
1.79364	2.92918	8.24309	1.74648	3.01783	0.299734	0.15	-0.0471547	0.0886493	
1.7795	2.95575	8.25809	1.73102	3.04368	0.299734	0.15	-0.0484791	0.087932	
1.76496	2.98211	8.27309	1.71517	3.0693	0.299734	0.15	-0.0497926	0.087195	
1.75004	3.00825	8.28809	1.69894	3.09469	0.299734	0.15	-0.0510949	0.0864383	
1.73472	3.03416	8.30309	1.68233	3.11982	0.299734	0.15	-0.0523857	0.0856622	
1.71901	3.05984	8.31809	1.66535	3.1447	0.299734	0.15	-0.0536646	0.0848668	
1.70292	3.08528	8.33309	1.64799	3.16933	0.299734	0.15	-0.0549316	0.0840523	
1.68645	3.11047	8.34809	1.63027	3.19369	0.299734	0.15	-0.0561861	0.0832189	
1.66961	3.13542	8.36309	1.61218	3.21779	0.299734	0.15	-0.057428	0.0823668	
1.65239	3.16011	8.37809	1.59373	3.24161	0.299734	0.15	-0.058657	0.0814961	
1.6348	3.18454	8.39309	1.57493	3.26515	0.299734	0.15	-0.0598728	0.0806071	
1.61685	3.2087	8.40809	1.55578	3.2884	0.299734	0.15	-0.0610752	0.0797	
1.59854	3.23259	8.42309	1.53628	3.31137	0.299734	0.15	-0.0622637	0.0787749	
1.57988	3.25621	8.43809	1.51644	3.33404	0.299734	0.15	-0.0634383	0.0778322	
1.56086	3.27954	8.45309	1.49626	3.35641	0.299734	0.15	-0.0645986	0.0768719	
1.54149	3.30258	8.46809	1.47575	3.37847	0.299734	0.15	-0.0657444	0.0758943	
1.52178	3.32533	8.48309	1.45491	3.40023	0.299734	0.15	-0.0668754	0.0748996	
1.50173	3.34778	8.49809	1.43374	3.42167	0.299734	0.15	-0.0679913	0.0738881	
1.48135	3.36993	8.51309	1.41226	3.44279	0.299734	0.15	-0.0690919	0.07286	
1.46063	3.39177	8.52809	1.39046	3.46359	0.299734	0.15	-0.070177	0.0718154	
1.43959	3.4133	8.54309	1.36835	3.48405	0.299734	0.15	-0.0712463	0.0707547	
1.41824	3.43451	8.55809	1.34594	3.50418	0.299734	0.15	-0.0722996	0.0696781	
1.39656	3.45539	8.57309	1.32322	3.52398	0.299734	0.15	-0.0733366	0.0685858	
1.37457	3.47595	8.58809	1.30022	3.54343	0.299734	0.15	-0.0743571	0.0674781	
1.35228	3.49618	8.60309	1.27692	3.56253	0.299734	0.15	-0.0753608	0.0663552	
1.32969	3.51607	8.61809	1.25334	3.58129	0.299734	0.15	-0.0763476	0.0652174	
1.3068	3.53562	8.63309	1.22948	3.59968	0.299734	0.15	-0.0773173	0.0640648	
1.28362	3.55482	8.64809	1.20535	3.61772	0.299734	0.15	-0.0782695	0.0628979	
1.26016	3.57368	8.66309	1.18095	3.63539	0.299734	0.15	-0.0792041	0.0617168	
1.23641	3.59217	8.67809	1.15629	3.6527	0.299734	0.15	-0.080121	0.0605219	
1.21239	3.61032	8.69309	1.13137	3.66963	0.299734	0.15	-0.0810197	0.0593133	
1.1881	3.6281	8.70809	1.1062	3.68619	0.299734	0.15	-0.0819003	0.0580914	
1.16355	3.64551	8.72309	1.08079	3.70236	0.299734	0.15	-0.0827624	0.0568564	
1.13874	3.66255	8.73809	1.05513	3.71816	0.299734	0.15	-0.0836059	0.0556086	
1.11367	3.67922	8.75309	1.02924	3.73357	0.299734	0.15	-0.0844306	0.0543483	
1.08836	3.69551	8.76809	1.00313	3.74859	0.299734	0.15	-0.0852363	0.0530758	
1.06281	3.71142	8.78309	0.976787	3.76321	0.299734	0.15	-0.0860228	0.0517913	
1.03702	3.72694	8.79809	0.950231	3.77744	0.299734	0.15	-0.08679	0.0504952	
1.011	3.74208	8.81309	0.923464	3.79127	0.299734	0.15	-0.0875376	0.0491877	
0.984759	3.75682	8.82809	0.896494	3.80469	0.299734	0.15	-0.0882656	0.0478692	
0.958298	3.77117	8.84309	0.869325	3.81771	0.299734	0.15	-0.0889736	0.0465398	
0.931625	3.78512	8.85809	0.841963	3.83032	0.299734	0.15	-0.0896617	0.0452001	
0.904745	3.79867	8.87309	0.814416	3.84252	0.299734	0.15	-0.0903296	0.0438501	
0.877666	3.81181	8.88809	0.786689	3.8543	0.299734	0.15	-0.0909772	0.0424903	
0.850392	3.82455	8.90309	0.758788	3.86567	0.299734	0.15	-0.0916043	0.0411209	
0.82293	3.83687	8.91809	0.73072	3.87661	0.299734	0.15	-0.0922107	0.0397422	
0.795287	3.84878	8.93309	0.70249	3.88714	0.299734	0.15	-0.0927965	0.0383547	
0.767468	3.86028	8.94809	0.674106	3.89724	0.299734	0.15	-0.0933613	0.0369585	
0.739479	3.87136	8.96309	0.645574	3.90691	0.299734	0.15	-0.0939052	0.0355539	
0.711328	3.88201	8.97809	0.6169	3.91615	0.299734	0.15	-0.0944279	0.0341414	
0.68302	3.89225	8.99309	0.588091	3.92497	0.299734	0.15	-0.0949294	0.0327212	
0.654562	3.90205	9.00809	0.559152	3.93335	0.299734	0.15	-0.0954095	0.0312936	
0.625959	3.91143	9.02309	0.530091	3.94129	0.299734	0.15	-0.0958682	0.029859	
0.59722	3.92038	9.03809	0.500915	3.9488	0.299734	0.15	-0.0963052	0.0284177	
0.568349	3.9289	9.05309	0.471628	3.95587	0.299734	0.15	-0.0967207	0.02697	
0.539354	3.93698	9.06809	0.44224	3.9625	0.299734	0.15	-0.0971143	0.0255162	
0.510241	3.94463	9.08309	0.412755	3.96868	0.299734	0.15	-0.0974861	0.0240566	
0.481016	3.95184	9.09809	0.38318	3.97443	0.299734	0.15	-0.097836	0.0225917	
0.451687	3.95861	9.11309	0.353523	3.97973	0.299734	0.15	-0.0981638	0.0211217	
0.422259	3.96494	9.12809	0.323789	3.98458	0.299734	0.15	-0.0984696	0.0196469	
0.39274	3.97083	9.14309	0.293986	3.98899	0.299734	0.15	-0.0987532	0.0181677	
0.363135	3.97627	9.15809	0.264121	3.99295	0.299734	0.15	-0.0990146	0.0166844	
0.333453	3.98127	9.17309	0.234199	3.99647	0.299734	0.15	-0.0992537	0.0151974	
0.303698	3.98582	9.18809	0.204228	3.99953	0.299734	0.15	-0.0994705	0.0137069	
0.273879	3.98993	9.20309	0.174214	4.00214	0.299734	0.15	-0.0996649	0.0122134	
0.244002	3.99359	9.21809	0.144165	4.00431	0.299734	0.15	-0.0998369	0.0107171	
0.214073	3.9968	9.23309	0.114086	4.00602	0.299734	0.15	-0.0999864	0.00921838	
0.184099	3.99956	9.24809	0.0839853	4.00728	0.299734	0.15	-0.100113	0.0077176	
0.154087	4.00187	9.26309	0.0538689	4.00809	0.299734	0.15	-0.100218	0.00621508	
0.124044	4.00373	9.27809	0.0237438	4.00844	0.299734	0.15	-0.1003	0.00471117	
0.093976	4.00514	9.29309	-0.00638329	4.00835	0.299734	0.15	-0.100359	0.0032062	
0.0638905	4.0061	9.30809	-0.0365056	4.0078	0.299734	0.15	-0.100396	0.00170051	
0.0337941	4.00661	9.32309	-0.0666162	4.0068	0.299734	0.15	-0.10041	0.00019443	
0.00369337	4.00667	9.33809	-0.0967086	4.00535	0.299734	0.15	-0.100402	-0.00131169	
-0.0264048	4.00627	9.35309	-0.126776	4.00345	0.299734	0.15	-0.100371	-0.00281751	
-0.0564936	4.00542	9.36809	-0.156811	4.0011	0.299734	0.15	-0.100317	-0.00432271	
-0.0865664	4.00413	9.38309	-0.186808	3.9983	0.299734	0.15	-0.100241	-0.00582692	
-0.116616	4.00238	9.39809	-0.216759	3.99505	0.299734	0.15	-0.100143	-0.00732983	
-0.146637	4.00018	9.41309	-0.246658	3.99135	0.299734	0.15	-0.100021	-0.00883109	
-0.17662	3.99753	9.42809	-0.276498	3.9872	0.299734	0.15	-0.0998777	-0.0103304	
-0.206561	3.99443	9.44309	-0.306273	3.9826	0.299734	0.15	-0.0997115	-0.0118273	
-0.236452	3.99088	9.45809	-0.335975	3.97756	0.299734	0.15	-0.0995229	-0.0133216	
-0.266287	3.98689	9.47309	-0.365598	3.97207	0.299734	0.15	-0.0993119	-0.0148129	
-0.296058	3.98244	9.48809	-0.395136	3.96614	0.299734	0.15	-0.0990785	-0.0163008	
-0.325759	3.97755	9.50309	-0.424582	3.95977	0.299734	0.15	-0.0988228	-0.0177851	
-0.355383	3.97222	9.51809	-0.453928	3.95296	0.299734	0.15	-0.098545	-0.0192654	
-0.384924	3.96644	9.53309	-0.483169	3.9457	0.299734	0.15	-0.0982449	-0.0207414	
-0.414375	3.96022	9.54809	-0.512298	3.93801	0.299734	0.15	-0.0979227	-0.0222126	
-0.44373	3.95356	9.56309	-0.541309	3.92988	0.299734	0.15	-0.0975786	-0.0236789	
-0.472981	3.94646	9.57809	-0.570194	3.92132	0.299734	0.15	-0.0972124	-0.0251399	
-0.502123	3.93892	9.59309	-0.598947	3.91233	0.299734	0.15	-0.0968244	-0.0265952	
-0.531148	3.93095	9.60809	-0.627562	3.9029	0.299734	0.15	-0.0964146	-0.0280445	
-0.56005	3.92254	9.62309	-0.656033	3.89305	0.299734	0.15	-0.0959831	-0.0294875	
-0.588823	3.9137	9.63809	-0.684353	3.88277	0.299734	0.15	-0.09553	-0.0309239	
-0.61746	3.90443	9.65309	-0.712515	3.87207	0.299734	0.15	-0.0950554	-0.0323533	
-0.645955	3.89473	9.66809	-0.740514	3.86095	0.299734	0.15	-0.0945594	-0.0337755	
-0.674301	3.8846	9.68309	-0.768343	3.84941	0.299734	0.15	-0.0940422	-0.03519	
-0.702492	3.87405	9.69809	-0.795996	3.83745	0.299734	0.15	-0.0935038	-0.0365966	
-0.730521	3.86307	9.71309	-0.823466	3.82508	0.299734	0.15	-0.0929443	-0.037995	
-0.758383	3.85168	9.72809	-0.850747	3.8123	0.299734	0.15	-0.092364	-0.0393848	
-0.786071	3.83987	9.74309	-0.877834	3.79911	0.299734	0.15	-0.0917628	-0.0407658	
-0.813578	3.82765	9.75809	-0.904719	3.78551	0.299734	0.15	-0.091141	-0.0421376	
-0.840899	3.81502	9.77309	-0.931398	3.77152	0.299734	0.15	-0.0904987	-0.0434999	
-0.868028	3.80197	9.78809	-0.957864	3.75712	0.299734	0.15	-0.0898361	-0.0448525	
-0.894958	3.78853	9.80309	-0.984111	3.74233	0.299734	0.15	-0.0891532	-0.0461949	
-0.921683	3.77468	9.81809	-1.01013	3.72715	0.299734	0.15	-0.0884503	-0.047527	
-0.948197	3.76043	9.83309	-1.03592	3.71158	0.299734	0.15	-0.0877275	-0.0488483	
-0.974495	3.74578	9.84809	-1.06148	3.69562	0.299734	0.15	-0.0869849	-0.0501587	
-1.00057	3.73074	9.86309	-1.08679	3.67929	0.299734	0.15	-0.0862227	-0.0514578	
-1.02642	3.71532	9.87809	-1.11186	3.66257	0.299734	0.15	-0.0854412	-0.0527453	
-1.05203	3.6995	9.89309	-1.13667	3.64548	0.299734	0.15	-0.0846405	-0.0540209	
-1.0774	3.68331	9.90809	-1.16122	3.62802	0.299734	0.15	-0.0838206	-0.0552844	
-1.10253	3.66673	9.92309	-1.18551	3.6102	0.299734	0.15	-0.082982	-0.0565355	
-1.1274	3.64978	9.93809	-1.20953	3.59201	0.299734	0.15	-0.0821246	-0.0577738	
-1.15202	3.63246	9.95309	-1.23327	3.57346	0.299734	0.15	-0.0812488	-0.0589991	
-1.17637	3.61477	9.96809	-1.25673	3.55456	0.299734	0.15	-0.0803547	-0.0602111	
-1.20046	3.59672	9.98309	-1.2799	3.53531	0.299734	0.15	-0.0794426	-0.0614096	
-1.22428	3.57831	9.99809	-1.30279	3.51572	0.299734	0.15	-0.0785125	-0.0625943	
-1.24781	3.55954	10.0131	-1.32538	3.49578	0.299734	0.15	-0.0775648	-0.0637649	
-1.27106	3.54043	10.0281	-1.34766	3.47551	0.299734	0.15	-0.0765996	-0.0649212	
-1.29402	3.52096	10.0431	-1.36964	3.4549	0.299734	0.15	-0.0756172	-0.0660628	
-1.31669	3.50116	10.0581	-1.39131	3.43397	0.299734	0.15	-0.0746178	-0.0671896	
-1.33906	3.48101	10.0731	-1.41266	3.41271	0.299734	0.15	-0.0736016	-0.0683013	
-1.36112	3.46054	10.0881	-1.43369	3.39114	0.299734	0.15	-0.0725689	-0.0693976	
-1.38287	3.43973	10.1031	-1.45439	3.36925	0.299734	0.15	-0.0715198	-0.0704783	
-1.40431	3.4186	10.1181	-1.47477	3.34706	0.299734	0.15	-0.0704546	-0.0715431	
-1.42543	3.39715	10.1331	-1.4948	3.32456	0.299734	0.15	-0.0693736	-0.0725918	
-1.44623	3.37539	10.1481	-1.5145	3.30177	0.299734	0.15	-0.0682769	-0.0736242	
-1.46669	3.35332	10.1631	-1.53386	3.27868	0.299734	0.15	-0.0671649	-0.0746401	
-1.48682	3.33094	10.1781	-1.55286	3.2553	0.299734	0.15	-0.0660378	-0.0756391	
-1.50662	3.30827	10.1931	-1.57152	3.23165	0.299734	0.15	-0.0648958	-0.0766211	
-1.52607	3.2853	10.2081	-1.58981	3.20771	0.299734	0.15	-0.0637393	-0.0775859	
-1.54518	3.26204	10.2231	-1.60775	3.1835	0.299734	0.15	-0.0625683	-0.0785332	
-1.56393	3.23849	10.2381	-1.62532	3.15903	0.299734	0.15	-0.0613834	-0.0794629	
-1.58233	3.21467	10.2531	-1.64252	3.1343	0.299734	0.15	-0.0601845	-0.0803747	
-1.60037	3.19057	10.2681	-1.65935	3.10931	0.299734	0.15	-0.0589722	-0.0812684	
-1.61805	3.16621	10.2831	-1.6758	3.08407	0.299734	0.15	-0.0577466	-0.0821438	
-1.63536	3.14158	10.2981	-1.69187	3.05858	0.299734	0.15	-0.056508	-0.0830007	
-1.6523	3.1167	10.3131	-1.70755	3.03286	0.299734	0.15	-0.0552567	-0.0838389	
-1.66886	3.09157	10.3281	-1.72285	3.00691	0.299734	0.15	-0.0539929	-0.0846583	
-1.68504	3.06619	10.3431	-1.73776	2.98073	0.299734	0.15	-0.052717	-0.0854587	
-1.70085	3.04057	10.3581	-1.75227	2.95433	0.299734	0.15	-0.0514292	-0.0862398	
-1.71626	3.01471	10.3731	-1.76639	2.92771	0.299734	0.15	-0.0501299	-0.0870015	
-1.73129	2.98863	10.3881	-1.78011	2.90089	0.299734	0.15	-0.0488193	-0.0877436	
-1.74592	2.96233	10.4031	-1.79342	2.87386	0.299734	0.15	-0.0474977	-0.088466	
-1.76016	2.93581	10.4181	-1.80632	2.84664	0.299734	0.15	-0.0461654	-0.0891685	
-1.77399	2.90908	10.4331	-1.81882	2.81922	0.299734	0.15	-0.0448227	-0.0898509	
-1.78743	2.88214	10.4481	-1.8309	2.79163	0.299734	0.15	-0.04347	-0.0905131	
-1.80046	2.855	10.4631	-1.84257	2.76385	0.299734	0.15	-0.0421075	-0.091155	
-1.81308	2.82768	10.4781	-1.85382	2.7359	0.299734	0.15	-0.0407354	-0.0917763	
-1.82529	2.80016	10.4931	-1.86464	2.70779	0.299734	0.15	-0.0393543	-0.092377	
-1.83708	2.77247	10.5081	-1.87505	2.67951	0.299734	0.15	-0.0379642	-0.0929569	
-1.84846	2.7446	10.5231	-1.88503	2.65109	0.299734	0.15	-0.0365657	-0.0935159	
-1.85942	2.71657	10.5381	-1.89458	2.62252	0.299734	0.15	-0.0351589	-0.0940538	
-1.86996	2.68837	10.5531	-1.90371	2.5938	0.299734	0.15	-0.0337442	-0.0945706	
-1.88007	2.66002	10.5681	-1.9124	2.56496	0.299734	0.15	-0.0323219	-0.0950661	
-1.88976	2.63152	10.5831	-1.92065	2.53598	0.299734	0.15	-0.0308923	-0.0955402	
-1.89902	2.60288	10.5981	-1.92848	2.50689	0.299734	0.15	-0.0294558	-0.0959928	
-1.90785	2.5741	10.6131	-1.93586	2.47768	0.299734	0.15	-0.0280126	-0.0964239	
-1.91624	2.5452	10.6281	-1.94281	2.44836	0.299734	0.15	-0.0265632	-0.0968332	
-1.92421	2.51617	10.6431	-1.94931	2.41895	0.299734	0.15	-0.0251077	-0.0972207	
-1.93173	2.48702	10.6581	-1.95538	2.38944	0.299734	0.15	-0.0236466	-0.0975864	
-1.93882	2.45777	10.6731	-1.961	2.35984	0.299734	0.15	-0.0221802	-0.0979301	
-1.94546	2.42841	10.6881	-1.96617	2.33016	0.299734	0.15	-0.0207088	-0.0982518	
-1.95167	2.39896	10.7031	-1.9709	2.30041	0.299734	0.15	-0.0192328	-0.0985513	
-1.95743	2.36941	10.7181	-1.97519	2.27059	0.299734	0.15	-0.0177524	-0.0988287	
-1.96275	2.33979	10.7331	-1.97902	2.2407	0.299734	0.15	-0.016268	-0.0990839	
-1.96763	2.31008	10.7481	-1.98241	2.21077	0.299734	0.15	-0.01478	-0.0993168	
-1.97206	2.28031	10.7631	-1.98534	2.18078	0.299734	0.15	-0.0132887	-0.0995273	
-1.97604	2.25047	10.7781	-1.98783	2.15076	0.299734	0.15	-0.0117943	-0.0997154	
-1.97957	2.22058	10.7931	-1.98987	2.1207	0.299734	0.15	-0.0102973	-0.0998811	
-1.98266	2.19064	10.8081	-1.99145	2.09061	0.299734	0.15	-0.00879798	-0.100024	
-1.98529	2.16065	10.8231	-1.99259	2.06051	0.299734	0.15	-0.00729669	-0.100145	
-1.98748	2.13063	10.8381	-1.99327	2.03039	0.299734	0.15	-0.00579375	-0.100243	
-1.98921	2.10058	10.8531	-1.9935	2.00026	0.299734	0.15	-0.0042895	-0.100319	
-1.99049	2.07051	10.8681	-1.99328	1.97014	0.299734	0.15	-0.00278429	-0.100372	
-1.99133	2.04042	10.8831	-1.99261	1.94002	0.299734	0.15	-0.00127846	-0.100402	
-1.99171	2.01032	10.8981	-1.99148	1.90991	0.299734	0.15	0.000227663	-0.10041	
-1.99164	1.98022	10.9131	-1.9899	1.87982	0.299734	0.15	0.00173373	-0.100396	
-1.99112	1.95012	10.9281	-1.98788	1.84977	0.299734	0.15	0.00323942	-0.100358	
-1.99014	1.92004	10.9431	-1.9854	1.81974	0.299734	0.15	0.00474437	-0.100298	
-1.98872	1.88997	10.9581	-1.98247	1.78976	0.299734	0.15	0.00624825	-0.100216	
-1.98684	1.85993	10.9731	-1.97909	1.75982	0.299734	0.15	0.00775073	-0.100111	
-1.98452	1.82992	10.9881	-1.97527	1.72994	0.299734	0.15	0.00925147	-0.0999834	
-1.98174	1.79995	11.0031	-1.97099	1.70011	0.299734	0.15	0.0107501	-0.0998334	
-1.97852	1.77002	11.0181	-1.96627	1.67036	0.299734	0.15	0.0122464	-0.0996609	
-1.97484	1.74014	11.0331	-1.9611	1.64068	0.299734	0.15	0.0137398	-0.099466	
-1.97072	1.71033	11.0481	-1.95549	1.61108	0.299734	0.15	0.0152302	-0.0992487	
-1.96616	1.68057	11.0631	-1.94944	1.58156	0.299734	0.15	0.0167172	-0.0990091	
-1.96114	1.65089	11.0781	-1.94294	1.55215	0.299734	0.15	0.0182004	-0.0987472	
-1.95568	1.62129	11.0931	-1.936	1.52283	0.299734	0.15	0.0196795	-0.0984631	
-1.94978	1.59178	11.1081	-1.92863	1.49362	0.299734	0.15	0.0211542	-0.0981569	
-1.94344	1.56235	11.1231	-1.92081	1.46452	0.299734	0.15	0.0226241	-0.0978285	
-1.93665	1.53302	11.1381	-1.91257	1.43555	0.299734	0.15	0.0240889	-0.0974782	
-1.92943	1.5038	11.1531	-1.90388	1.4067	0.299734	0.15	0.0255483	-0.0971059	
-1.92177	1.47469	11.1681	-1.89477	1.37798	0.299734	0.15	0.027002	-0.0967117	
-1.91367	1.4457	11.1831	-1.88522	1.34941	0.299734	0.15	0.0284496	-0.0962958	
-1.90514	1.41684	11.1981	-1.87525	1.32098	0.299734	0.15	0.0298907	-0.0958583	
-1.89618	1.3881	11.2131	-1.86486	1.2927	0.299734	0.15	0.0313252	-0.0953991	
-1.88679	1.3595	11.2281	-1.85404	1.26458	0.299734	0.15	0.0327526	-0.0949186	
-1.87697	1.33105	11.2431	-1.84279	1.23663	0.299734	0.15	0.0341727	-0.0944166	
-1.86672	1.30275	11.2581	-1.83114	1.20885	0.299734	0.15	0.035585	-0.0938934	
-1.85605	1.2746	11.2731	-1.81906	1.18125	0.299734	0.15	0.0369894	-0.0933491	
-1.84496	1.24662	11.2881	-1.80658	1.15383	0.299734	0.15	0.0383854	-0.0927838	
-1.83345	1.2188	11.3031	-1.79368	1.1266	0.299734	0.15	0.0397728	-0.0921976	
-1.82153	1.19116	11.3181	-1.78038	1.09957	0.299734	0.15	0.0411512	-0.0915906	
-1.80919	1.16371	11.3331	-1.76667	1.07275	0.299734	0.15	0.0425204	-0.0909631	
-1.79644	1.13644	11.3481	-1.75256	1.04613	0.299734	0.15	0.04388	-0.0903151	
-1.78328	1.10937	11.3631	-1.73805	1.01972	0.299734	0.15	0.0452297	-0.0896467	
-1.76972	1.08249	11.3781	-1.72315	0.993536	0.299734	0.15	0.0465693	-0.0889582	
-1.75576	1.05583	11.3931	-1.70786	0.967578	0.299734	0.15	0.0478984	-0.0882497	
-1.7414	1.02937	11.4081	-1.69218	0.941852	0.299734	0.15	0.0492167	-0.0875213	
-1.72664	1.00314	11.4231	-1.67612	0.916364	0.299734	0.15	0.0505239	-0.0867733	
-1.7115	0.977126	11.4381	-1.65968	0.89112	0.299734	0.15	0.0518198	-0.0860057	
-1.69596	0.951345	11.4531	-1.64286	0.866126	0.299734	0.15	0.053104	-0.0852187	
-1.68004	0.925799	11.4681	-1.62566	0.841387	0.299734	0.15	0.0543762	-0.0844126	
-1.66374	0.900495	11.4831	-1.6081	0.816908	0.299734	0.15	0.0556363	-0.0835875	
-1.64706	0.875439	11.4981	-1.59017	0.792695	0.299734	0.15	0.0568838	-0.0827436	
-1.63	0.850636	11.5131	-1.57188	0.768754	0.299734	0.15	0.0581185	-0.0818811	
-1.61258	0.826091	11.5281	-1.55324	0.745091	0.299734	0.15	0.0593401	-0.0810001	
-1.59479	0.80181	11.5431	-1.53424	0.721709	0.299734	0.15	0.0605484	-0.0801009	
-1.57664	0.777799	11.5581	-1.51489	0.698615	0.299734	0.15	0.0617431	-0.0791837	
-1.55812	0.754063	11.5731	-1.4952	0.675814	0.299734	0.15	0.0629238	-0.0782487	
-1.53926	0.730607	11.5881	-1.47517	0.653311	0.299734	0.15	0.0640904	-0.0772961	
-1.52005	0.707437	11.6031	-1.4548	0.631111	0.299734	0.15	0.0652426	-0.0763261	
-1.50049	0.684557	11.6181	-1.43411	0.609218	0.299734	0.15	0.0663801	-0.0753389	
-1.48058	0.661974	11.6331	-1.41308	0.587639	0.299734	0.15	0.0675027	-0.0743347	
-1.46035	0.639691	11.6481	-1.39174	0.566378	0.299734	0.15	0.0686101	-0.0733139	
-1.43978	0.617715	11.6631	-1.37008	0.545439	0.299734	0.15	0.069702	-0.0722765	
-1.41888	0.59605	11.6781	-1.3481	0.524827	0.299734	0.15	0.0707783	-0.0712229	
-1.39766	0.5747	11.6931	-1.32582	0.504547	0.299734	0.15	0.0718386	-0.0701532	
-1.37613	0.553671	11.7081	-1.30324	0.484604	0.299734	0.15	0.0728828	-0.0690678	
-1.35428	0.532968	11.7231	-1.28036	0.465001	0.299734	0.15	0.0739106	-0.0679668	
-1.33212	0.512595	11.7381	-1.2572	0.445744	0.299734	0.15	0.0749217	-0.0668506	
-1.30966	0.492556	11.7531	-1.23374	0.426837	0.299734	0.15	0.075916	-0.0657193	
-1.2869	0.472857	11.7681	-1.21	0.408283	0.299734	0.15	0.0768932	-0.0645732	
-1.26384	0.453501	11.7831	-1.18599	0.390088	0.299734	0.15	0.0778532	-0.0634126	
-1.2405	0.434493	11.7981	-1.16171	0.372255	0.299734	0.15	0.0787956	-0.0622377	
-1.21688	0.415837	11.8131	-1.13716	0.354788	0.299734	0.15	0.0797202	-0.0610488	
-1.19298	0.397538	11.8281	-1.11236	0.337691	0.299734	0.15	0.0806269	-0.0598461	
-1.16881	0.379599	11.8431	-1.0873	0.320969	0.299734	0.15	0.0815155	-0.0586301	
-1.14437	0.362025	11.8581	-1.06199	0.304624	0.299734	0.15	0.0823858	-0.0574008	
-1.11967	0.344819	11.8731	-1.03644	0.28866	0.299734	0.15	0.0832375	-0.0561586	
-1.09472	0.327986	11.8881	-1.01065	0.273082	0.299734	0.15	0.0840705	-0.0549037	
-1.06952	0.311529	11.9031	-0.984633	0.257892	0.299734	0.15	0.0848845	-0.0536366	
-1.04407	0.295451	11.9181	-0.95839	0.243094	0.299734	0.15	0.0856795	-0.0523573	
-1.01838	0.279758	11.9331	-0.931929	0.228691	0.299734	0.15	0.0864552	-0.0510663	
-0.992465	0.264451	11.9481	-0.905254	0.214687	0.299734	0.15	0.0872114	-0.0497637	
-0.96632	0.249535	11.9631	-0.878372	0.201085	0.299734	0.15	0.0879481	-0.04845	
-0.939955	0.235013	11.9781	-0.85129	0.187887	0.299734	0.15	0.0886649	-0.0471254	
-0.913374	0.220887	11.9931	-0.824012	0.175097	0.299734	0.15	0.0893618	-0.0457902	
-0.886584	0.207162	12.0081	-0.796546	0.162718	0.299734	0.15	0.0900385	-0.0444446	
-0.859592	0.193841	12.0231	-0.768897	0.150752	0.299734	0.15	0.0906951	-0.0430891	
-0.832403	0.180926	12.0381	-0.741072	0.139202	0.299734	0.15	0.0913312	-0.0417239	
-0.805023	0.16842	12.0531	-0.713076	0.12807	0.299734	0.15	0.0919467	-0.0403493	
-0.777458	0.156326	12.0681	-0.684917	0.11736	0.299734	0.15	0.0925416	-0.0389656	
-0.749716	0.144647	12.0831	-0.6566	0.107074	0.299734	0.15	0.0931157	-0.0375731	
-0.721801	0.133385	12.0981	-0.628132	0.097213	0.299734	0.15	0.0936688	-0.0361722	
-0.693721	0.122544	12.1131	-0.59952	0.0877804	0.299734	0.15	0.0942008	-0.0347632	
-0.665481	0.112124	12.1281	-0.570769	0.0787781	0.299734	0.15	0.0947116	-0.0333463	
-0.637088	0.10213	12.1431	-0.541886	0.070208	0.299734	0.15	0.0952011	-0.0319219	
-0.608548	0.0925625	12.1581	-0.512879	0.0620721	0.299734	0.15	0.0956692	-0.0304904	
-0.579868	0.0834242	12.1731	-0.483752	0.0543722	0.299734	0.15	0.0961158	-0.029052	
-0.551054	0.0747171	12.1881	-0.454513	0.0471101	0.299734	0.15	0.0965408	-0.027607	
-0.522113	0.0664432	12.2031	-0.425169	0.0402874	0.299734	0.15	0.096944	-0.0261559	
-0.49305	0.0586043	12.2181	-0.395725	0.0339055	0.299734	0.15	0.0973254	-0.0246988	
-0.463874	0.0512023	12.2331	-0.366189	0.0279661	0.299734	0.15	0.0976849	-0.0232362	
-0.43459	0.0442387	12.2481	-0.336567	0.0224703	0.299734	0.15	0.0980225	-0.0217684	
-0.405204	0.0377151	12.2631	-0.306866	0.0174194	0.299734	0.15	0.098338	-0.0202956	
-0.375725	0.031633	12.2781	-0.277093	0.0128147	0.299734	0.15	0.0986313	-0.0188183	
-0.346157	0.0259938	12.2931	-0.247254	0.00865697	0.299734	0.15	0.0989025	-0.0173368	
-0.316508	0.0207987	12.3081	-0.217356	0.00494733	0.299734	0.15	0.0991514	-0.0158514	
-0.286784	0.0160489	12.3231	-0.187406	0.00168655	0.299734	0.15	0.099378	-0.0143624	
-0.256993	0.0117455	12.3381	-0.15741	-0.00112463	0.299734	0.15	0.0995823	-0.0128702	
-0.22714	0.00788946	12.3531	-0.127376	-0.00348557	0.299734	0.15	0.0997641	-0.011375	
-0.197233	0.00448161	12.3681	-0.0973091	-0.00539574	0.299734	0.15	0.0999235	-0.00987735	
-0.167278	0.00152272	12.3831	-0.0672172	-0.00685471	0.299734	0.15	0.10006	-0.00837744	
-0.137282	-0.000986517	12.3981	-0.0371068	-0.00786216	0.299734	0.15	0.100175	-0.00687565	
-0.107251	-0.00304555	12.4131	-0.00698473	-0.00841786	0.299734	0.15	0.100267	-0.00537231	
-0.0771936	-0.00465392	12.4281	0.0231423	-0.00852168	0.299734	0.15	0.100336	-0.00386776	
-0.0471152	-0.00581126	12.4431	0.0532675	-0.0081736	0.299734	0.15	0.100383	-0.00236234	
-0.0170227	-0.00651731	12.4581	0.0833841	-0.0073737	0.299734	0.15	0.100407	-0.000856391	
0.013077	-0.0067719	12.4731	0.113485	-0.00612215	0.299734	0.15	0.100408	0.000649751	
0.0431771	-0.00657499	12.4881	0.143564	-0.00441925	0.299734	0.15	0.100387	0.00215575	
0.0732708	-0.00592662	12.5031	0.173615	-0.00226536	0.299734	0.15	0.100344	0.00366126	
0.103352	-0.00482693	12.5181	0.203629	0.000339011	0.299734	0.15	0.100278	0.00516595	
0.133412	-0.00327618	12.5331	0.233612	-0.00260647	0.300366	0.0600588	0.1002	0.000669706	
0.163469	-0.00307515	12.5391	0.263547	-0.00600135	0.300364	-0.00292997	0.100079	-0.0029262	
0.193492	-0.00395301	12.5388	0.293428	-0.00984486	0.300182	-0.0470167	0.0999361	-0.00589185	
0.223471	-0.0057205	12.5341	0.323248	-0.0141361	0.299991	-0.0778733	0.0997776	-0.00841563	
0.253398	-0.00824498	12.5263	0.353001	-0.0188742	0.299845	-0.0994728	0.0996027	-0.0106292	
0.283269	-0.0114333	12.5164	0.382679	-0.024058	0.299749	-0.114594	0.0994097	-0.0126247	
0.313079	-0.01522	12.5049	0.412275	-0.0296864	0.299694	-0.125182	0.0991967	-0.0144664	
0.342822	-0.0195589	12.4924	0.441784	-0.0357581	0.299667	-0.132595	0.0989624	-0.0161992	
0.372493	-0.0244173	12.4791	0.471199	-0.0422717	0.299659	-0.137786	0.0987059	-0.0178544	
0.402086	-0.0297719	12.4653	0.500513	-0.0492258	0.29966	-0.141422	0.0984267	-0.0194539	
0.431594	-0.0356059	12.4512	0.529719	-0.0566188	0.299668	-0.143969	0.0981246	-0.0210129	
0.461011	-0.0419073	12.4368	0.558811	-0.064449	0.299677	-0.145754	0.0977997	-0.0225417	
0.49033	-0.048667	12.4222	0.587782	-0.0727147	0.299687	-0.147005	0.097452	-0.0240478	
0.519544	-0.0558781	12.4075	0.616626	-0.0814141	0.299696	-0.147883	0.0970817	-0.025536	
0.548647	-0.0635353	12.3927	0.645336	-0.0905451	0.299704	-0.1485	0.0966889	-0.0270098	
0.577632	-0.0716343	12.3779	0.673906	-0.100106	0.29971	-0.148933	0.0962739	-0.0284714	
0.606492	-0.0801715	12.363	0.702329	-0.110094	0.299716	-0.149239	0.0958369	-0.0299223	
0.635222	-0.0891436	12.3481	0.7306	-0.120507	0.29972	-0.149454	0.095378	-0.0313635	
0.663813	-0.0985477	12.3331	0.758711	-0.131343	0.299724	-0.149606	0.0948974	-0.0327955	
0.692261	-0.108381	12.3182	0.786656	-0.1426	0.299726	-0.149714	0.0943952	-0.0342187	
0.720558	-0.118641	12.3032	0.814429	-0.154274	0.299728	-0.149791	0.0938716	-0.0356332	
0.748697	-0.129325	12.2882	0.842024	-0.166364	0.29973	-0.149846	0.0933269	-0.0370389	
0.776674	-0.14043	12.2732	0.869435	-0.178866	0.299731	-0.149886	0.092761	-0.0384358	
0.804481	-0.151955	12.2582	0.896655	-0.191778	0.299732	-0.149914	0.0921742	-0.0398237	
0.832112	-0.163895	12.2433	0.923678	-0.205097	0.299732	-0.149935	0.0915666	-0.0412024	
0.85956	-0.176248	12.2283	0.950499	-0.21882	0.299733	-0.14995	0.0909384	-0.0425716	
0.886821	-0.189012	12.2133	0.97711	-0.232943	0.299733	-0.149962	0.0902896	-0.0439312	
0.913887	-0.202184	12.1983	1.00351	-0.247464	0.299733	-0.14997	0.0896206	-0.0452807	
0.940752	-0.21576	12.1833	1.02968	-0.26238	0.299734	-0.149976	0.0889313	-0.04662	
0.96741	-0.229737	12.1683	1.05563	-0.277686	0.299734	-0.149981	0.0882221	-0.0479488	
0.993856	-0.244113	12.1533	1.08135	-0.29338	0.299734	-0.149985	0.087493	-0.0492668	
1.02008	-0.258884	12.1383	1.10683	-0.309458	0.299734	-0.149988	0.0867442	-0.0505736	
1.04609	-0.274047	12.1233	1.13206	-0.325916	0.299734	-0.14999	0.0859759	-0.0518691	
1.07186	-0.289598	12.1083	1.15705	-0.34275	0.299734	-0.149992	0.0851882	-0.0531529	
1.0974	-0.305533	12.0933	1.18178	-0.359958	0.299734	-0.149993	0.0843814	-0.0544247	
1.12269	-0.32185	12.0783	1.20625	-0.377535	0.299734	-0.149994	0.0835555	-0.0556842	
1.14774	-0.338545	12.0633	1.23045	-0.395476	0.299734	-0.149995	0.0827109	-0.0569313	
1.17253	-0.355613	12.0483	1.25438	-0.413779	0.299734	-0.149996	0.0818477	-0.0581655	
1.19706	-0.373052	12.0333	1.27803	-0.432438	0.299734	-0.149997	0.080966	-0.0593866	
1.22134	-0.390856	12.0183	1.3014	-0.451451	0.299734	-0.149997	0.0800661	-0.0605944	
1.24534	-0.409023	12.0033	1.32448	-0.470811	0.299734	-0.149998	0.0791482	-0.0617885	
1.26906	-0.427547	11.9883	1.34727	-0.490516	0.299734	-0.149998	0.0782125	-0.0629687	
1.29251	-0.446425	11.9733	1.36977	-0.51056	0.299734	-0.149998	0.0772593	-0.0641348	
1.31567	-0.465653	11.9583	1.39195	-0.53094	0.299734	-0.149999	0.0762886	-0.0652864	
1.33853	-0.485226	11.9433	1.41383	-0.55165	0.299734	-0.149999	0.0753007	-0.0664234	
1.36111	-0.50514	11.9283	1.4354	-0.572685	0.299734	-0.149999	0.0742959	-0.0675454	
1.38338	-0.52539	11.9133	1.45665	-0.594042	0.299734	-0.149999	0.0732744	-0.0686522	
1.40534	-0.545972	11.8983	1.47758	-0.615716	0.299734	-0.149999	0.0722365	-0.0697435	
1.42699	-0.566881	11.8833	1.49818	-0.6377	0.299734	-0.149999	0.0711822	-0.0708192	
1.44833	-0.588113	11.8683	1.51844	-0.659991	0.299734	-0.149999	0.070112	-0.0718789	
1.46935	-0.609662	11.8533	1.53837	-0.682584	0.299734	-0.15	0.0690259	-0.0729225	
1.49004	-0.631524	11.8383	1.55796	-0.705473	0.299734	-0.15	0.0679244	-0.0739496	
1.5104	-0.653693	11.8233	1.57721	-0.728654	0.299734	-0.15	0.0668075	-0.0749601	
1.53043	-0.676166	11.8083	1.5961	-0.75212	0.299734	-0.15	0.0656757	-0.0759538	
1.55011	-0.698937	11.7933	1.61464	-0.775867	0.299734	-0.15	0.064529	-0.0769303	
1.56945	-0.722	11.7783	1.63282	-0.79989	0.299734	-0.15	0.0633678	-0.0778896	
1.58845	-0.745351	11.7633	1.65064	-0.824182	0.299734	-0.15	0.0621924	-0.0788313	
1.60709	-0.768984	11.7483	1.66809	-0.848739	0.299734	-0.15	0.061003	-0.0797553	
1.62538	-0.792894	11.7333	1.68518	-0.873555	0.299734	-0.15	0.0597998	-0.0806613	
1.6433	-0.817076	11.7183	1.70189	-0.898625	0.299734	-0.15	0.0585832	-0.0815492	
1.66086	-0.841524	11.7033	1.71822	-0.923942	0.299734	-0.15	0.0573535	-0.0824187	
1.67805	-0.866232	11.6883	1.73416	-0.949502	0.299734	-0.15	0.0561108	-0.0832697	
1.69487	-0.891196	11.6733	1.74973	-0.975298	0.299734	-0.15	0.0548555	-0.084102	
1.71132	-0.916409	11.6583	1.7649	-1.00132	0.299734	-0.15	0.0535878	-0.0849153	
1.72738	-0.941865	11.6433	1.77969	-1.02757	0.299734	-0.15	0.0523081	-0.0857096	
1.74306	-0.96756	11.6283	1.79407	-1.05404	0.299734	-0.15	0.0510166	-0.0864845	
1.75835	-0.993487	11.6133	1.80806	-1.08073	0.299734	-0.15	0.0497137	-0.08724	
1.77325	-1.01964	11.5983	1.82165	-1.10762	0.299734	-0.15	0.0483995	-0.0879759	
1.78776	-1.04602	11.5833	1.83483	-1.13471	0.299734	-0.15	0.0470745	-0.0886919	
1.80187	-1.0726	11.5683	1.84761	-1.16199	0.299734	-0.15	0.0457388	-0.0893881	
1.81558	-1.0994	11.5533	1.85997	-1.18947	0.299734	-0.15	0.0443929	-0.0900641	
1.82888	-1.1264	11.5383	1.87192	-1.21712	0.299734	-0.15	0.043037	-0.0907198	
1.84178	-1.1536	11.5233	1.88345	-1.24495	0.299734	-0.15	0.0416714	-0.0913551	
1.85427	-1.18099	11.5083	1.89457	-1.27295	0.299734	-0.15	0.0402965	-0.0919699	
1.86635	-1.20856	11.4933	1.90526	-1.30112	0.299734	-0.15	0.0389124	-0.092564	
1.87801	-1.23631	11.4783	1.91553	-1.32944	0.299734	-0.15	0.0375197	-0.0931372	
1.88926	-1.26423	11.4633	1.92538	-1.35792	0.299734	-0.15	0.0361184	-0.0936895	
1.90008	-1.29231	11.4483	1.93479	-1.38653	0.299734	-0.15	0.0347091	-0.0942207	
1.91049	-1.32056	11.4333	1.94378	-1.41529	0.299734	-0.15	0.0332919	-0.0947307	
1.92047	-1.34896	11.4183	1.95233	-1.44418	0.299734	-0.15	0.0318673	-0.0952194	
1.93002	-1.3775	11.4033	1.96045	-1.47319	0.299734	-0.15	0.0304354	-0.0956867	
1.93914	-1.40619	11.3883	1.96814	-1.50232	0.299734	-0.15	0.0289968	-0.0961325	
1.94783	-1.43501	11.3733	1.97538	-1.53156	0.299734	-0.15	0.0275516	-0.0965566	
1.95609	-1.46395	11.3583	1.98219	-1.56091	0.299734	-0.15	0.0261002	-0.096959	
1.96391	-1.49302	11.3433	1.98855	-1.59036	0.299734	-0.15	0.0246429	-0.0973396	
1.97129	-1.5222	11.3283	1.99447	-1.6199	0.299734	-0.15	0.0231801	-0.0976983	
1.97824	-1.55149	11.3133	1.99995	-1.64952	0.299734	-0.15	0.0217121	-0.098035	
1.98475	-1.58088	11.2983	2.00499	-1.67923	0.299734	-0.15	0.0202392	-0.0983496	
1.99081	-1.61036	11.2833	2.00957	-1.709	0.299734	-0.15	0.0187617	-0.0986421	
1.99643	-1.63993	11.2683	2.01371	-1.73885	0.299734	-0.15	0.01728	-0.0989124	
2.00161	-1.66958	11.2533	2.01741	-1.76875	0.299734	-0.15	0.0157944	-0.0991605	
2.00635	-1.69931	11.2383	2.02065	-1.7987	0.299734	-0.15	0.0143053	-0.0993862	
2.01063	-1.72911	11.2233	2.02344	-1.82869	0.299734	-0.15	0.012813	-0.0995896	
2.01447	-1.75896	11.2083	2.02579	-1.85873	0.299734	-0.15	0.0113177	-0.0997706	
2.01786	-1.78887	11.1933	2.02768	-1.8888	0.299734	-0.15	0.00981996	-0.0999291	
2.0208	-1.81883	11.1783	2.02912	-1.91889	0.299734	-0.15	0.00831997	-0.100065	
2.02329	-1.84882	11.1633	2.03011	-1.949	0.299734	-0.15	0.00681812	-0.100179	
2.02534	-1.87885	11.1483	2.03065	-1.97912	0.299734	-0.15	0.00531472	-0.10027	
2.02693	-1.90891	11.1333	2.03074	-2.00925	0.299734	-0.15	0.00381014	-0.100338	
2.02807	-1.93899	11.1183	2.03037	-2.03938	0.299734	-0.15	0.00230469	-0.100384	
2.02876	-1.96909	11.1033	2.02956	-2.06949	0.299734	-0.15	0.000798729	-0.100407	
2.02899	-1.99919	11.0883	2.02829	-2.09959	0.299734	-0.15	-0.000707414	-0.100408	
2.02878	-2.02929	11.0733	2.02657	-2.12967	0.299734	-0.15	-0.0022134	-0.100386	
2.02811	-2.05938	11.0583	2.0244	-2.15972	0.299734	-0.15	-0.00371888	-0.100342	
2.027	-2.08946	11.0433	2.02177	-2.18973	0.299734	-0.15	-0.00522353	-0.100275	
2.02543	-2.11952	11.0283	2.0187	-2.2197	0.299734	-0.15	-0.00672701	-0.100185	
2.02341	-2.14955	11.0133	2.01518	-2.24962	0.299734	-0.15	-0.00822897	-0.100073	
2.02094	-2.17955	10.9983	2.01121	-2.27949	0.299734	-0.15	-0.00972908	-0.099938	
2.01802	-2.20951	10.9833	2.0068	-2.30929	0.299734	-0.15	-0.011227	-0.0997809	
2.01465	-2.23942	10.9683	2.00193	-2.33902	0.299734	-0.15	-0.0127224	-0.0996012	
2.01084	-2.26928	10.9533	1.99662	-2.36868	0.299734	-0.15	-0.0142149	-0.0993992	
2.00658	-2.29908	10.9383	1.99087	-2.39825	0.299734	-0.15	-0.0157043	-0.0991748	
2.00187	-2.32881	10.9233	1.98468	-2.42773	0.299734	-0.15	-0.0171901	-0.0989281	
1.99671	-2.35846	10.9083	1.97804	-2.45712	0.299734	-0.15	-0.018672	-0.0986591	
1.99111	-2.38804	10.8933	1.97096	-2.48641	0.299734	-0.15	-0.0201497	-0.098368	
1.98507	-2.41753	10.8783	1.96345	-2.51558	0.299734	-0.15	-0.0216229	-0.0980547	
1.97858	-2.44692	10.8633	1.95549	-2.54464	0.299734	-0.15	-0.0230912	-0.0977193	
1.97166	-2.47621	10.8483	1.94711	-2.57358	0.299734	-0.15	-0.0245544	-0.0973619	
1.9643	-2.5054	10.8333	1.93828	-2.60238	0.299734	-0.15	-0.026012	-0.0969827	
1.9565	-2.53447	10.8183	1.92903	-2.63105	0.299734	-0.15	-0.0274638	-0.0965816	
1.94826	-2.56342	10.8033	1.91935	-2.65958	0.299734	-0.15	-0.0289093	-0.0961588	
1.93959	-2.59225	10.7883	1.90925	-2.68796	0.299734	-0.15	-0.0303484	-0.0957144	
1.93049	-2.62094	10.7733	1.89871	-2.71619	0.299734	-0.15	-0.0317807	-0.0952484	
1.92096	-2.6495	10.7583	1.88776	-2.74426	0.299734	-0.15	-0.0332058	-0.094761	
1.91101	-2.6779	10.7433	1.87639	-2.77215	0.299734	-0.15	-0.0346234	-0.0942523	
1.90063	-2.70616	10.7283	1.86459	-2.79988	0.299734	-0.15	-0.0360332	-0.0937223	
1.88982	-2.73425	10.7133	1.85239	-2.82742	0.299734	-0.15	-0.0374349	-0.0931713	
1.8786	-2.76218	10.6983	1.83977	-2.85478	0.299734	-0.15	-0.0388283	-0.0925993	
1.86696	-2.78994	10.6833	1.82674	-2.88195	0.299734	-0.15	-0.0402128	-0.0920065	
1.8549	-2.81752	10.6683	1.81331	-2.90891	0.299734	-0.15	-0.0415883	-0.091393	
1.84243	-2.84492	10.6533	1.79948	-2.93568	0.299734	-0.15	-0.0429545	-0.0907589	
1.82955	-2.87212	10.6383	1.78524	-2.96223	0.299734	-0.15	-0.044311	-0.0901044	
1.81627	-2.89913	10.6233	1.77061	-2.98856	0.299734	-0.15	-0.0456575	-0.0894296	
1.80258	-2.92594	10.6083	1.75558	-3.01468	0.299734	-0.15	-0.0469938	-0.0887347	
1.78849	-2.95254	10.5933	1.74017	-3.04056	0.299734	-0.15	-0.0483195	-0.0880199	
1.774	-2.97893	10.5783	1.72437	-3.06621	0.299734	-0.15	-0.0496343	-0.0872852	
1.75912	-3.00509	10.5633	1.70818	-3.09162	0.299734	-0.15	-0.0509379	-0.0865309	
1.74385	-3.03103	10.5483	1.69162	-3.11679	0.299734	-0.15	-0.0522301	-0.0857571	
1.72819	-3.05674	10.5333	1.67468	-3.1417	0.299734	-0.15	-0.0535106	-0.084964	
1.71215	-3.08221	10.5183	1.65737	-3.16636	0.299734	-0.15	-0.0547789	-0.0841518	
1.69572	-3.10743	10.5033	1.63969	-3.19075	0.299734	-0.15	-0.056035	-0.0833207	
1.67892	-3.13241	10.4883	1.62165	-3.21488	0.299734	-0.15	-0.0572785	-0.0824709	
1.66175	-3.15713	10.4733	1.60324	-3.23873	0.299734	-0.15	-0.058509	-0.0816024	
1.64421	-3.18159	10.4583	1.58448	-3.26231	0.299734	-0.15	-0.0597265	-0.0807157	
1.6263	-3.20579	10.4433	1.56537	-3.2856	0.299734	-0.15	-0.0609304	-0.0798107	
1.60804	-3.22971	10.4283	1.54592	-3.3086	0.299734	-0.15	-0.0621207	-0.0788878	
1.58941	-3.25336	10.4133	1.52612	-3.3313	0.299734	-0.15	-0.063297	-0.0779472	
1.57044	-3.27672	10.3983	1.50598	-3.35371	0.299734	-0.15	-0.064459	-0.076989	
1.55111	-3.2998	10.3833	1.4855	-3.37581	0.299734	-0.15	-0.0656066	-0.0760135	
1.53144	-3.32259	10.3683	1.4647	-3.39761	0.299734	-0.15	-0.0667393	-0.0750208	
1.51143	-3.34508	10.3533	1.44358	-3.41909	0.299734	-0.15	-0.0678571	-0.0740114	
1.49109	-3.36726	10.3383	1.42213	-3.44025	0.299734	-0.15	-0.0689596	-0.0729852	
1.47042	-3.38914	10.3233	1.40037	-3.46108	0.299734	-0.15	-0.0700466	-0.0719426	
1.44942	-3.4107	10.3083	1.3783	-3.48159	0.299734	-0.15	-0.0711178	-0.0708839	
1.42809	-3.43195	10.2933	1.35592	-3.50176	0.299734	-0.15	-0.072173	-0.0698092	
1.40646	-3.45288	10.2783	1.33325	-3.5216	0.299734	-0.15	-0.073212	-0.0687188	
1.38451	-3.47348	10.2633	1.31027	-3.54109	0.299734	-0.15	-0.0742345	-0.0676129	
1.36225	-3.49374	10.2483	1.28701	-3.56023	0.299734	-0.15	-0.0752403	-0.0664918	
1.3397	-3.51367	10.2333	1.26347	-3.57903	0.299734	-0.15	-0.0762292	-0.0653558	
1.31684	-3.53326	10.2183	1.23964	-3.59747	0.299734	-0.15	-0.0772009	-0.064205	
1.2937	-3.55251	10.2033	1.21554	-3.61555	0.299734	-0.15	-0.0781553	-0.0630399	
1.27027	-3.57141	10.1883	1.19118	-3.63327	0.299734	-0.15	-0.079092	-0.0618605	
1.24656	-3.58995	10.1733	1.16655	-3.65062	0.299734	-0.15	-0.080011	-0.0606672	
1.22257	-3.60813	10.1583	1.14166	-3.66759	0.299734	-0.15	-0.080912	-0.0594602	
1.19831	-3.62596	10.1433	1.11652	-3.6842	0.299734	-0.15	-0.0817947	-0.0582399	
1.17379	-3.64341	10.1283	1.09113	-3.70042	0.299734	-0.15	-0.0826591	-0.0570065	
1.14901	-3.6605	10.1133	1.06551	-3.71626	0.299734	-0.15	-0.0835049	-0.0557602	
1.12398	-3.67722	10.0983	1.03965	-3.73172	0.299734	-0.15	-0.0843318	-0.0545014	
1.0987	-3.69355	10.0833	1.01356	-3.74678	0.299734	-0.15	-0.0851398	-0.0532304	
1.07317	-3.70951	10.0683	0.987243	-3.76146	0.299734	-0.15	-0.0859287	-0.0519473	
1.04741	-3.72508	10.0533	0.960713	-3.77573	0.299734	-0.15	-0.0866982	-0.0506526	
1.02142	-3.74026	10.0383	0.933972	-3.78961	0.299734	-0.15	-0.0874482	-0.0493465	
0.995204	-3.75505	10.0233	0.907026	-3.80308	0.299734	-0.15	-0.0881785	-0.0480293	
0.968769	-3.76945	10.0083	0.87988	-3.81615	0.299734	-0.15	-0.088889	-0.0467012	
0.942122	-3.78345	9.99329	0.852542	-3.82881	0.299734	-0.15	-0.0895795	-0.0453627	
0.915267	-3.79704	9.97829	0.825017	-3.84106	0.299734	-0.15	-0.0902499	-0.0440139	
0.888211	-3.81024	9.96329	0.797311	-3.85289	0.299734	-0.15	-0.0908999	-0.0426553	
0.86096	-3.82302	9.94829	0.769431	-3.86431	0.299734	-0.15	-0.0915295	-0.041287	
0.833521	-3.8354	9.93329	0.741383	-3.87531	0.299734	-0.15	-0.0921385	-0.0399095	
0.805899	-3.84736	9.91829	0.713173	-3.88588	0.299734	-0.15	-0.0927267	-0.038523	
0.778101	-3.8589	9.90329	0.684807	-3.89603	0.299734	-0.15	-0.0932941	-0.0371278	
0.750133	-3.87003	9.88829	0.656292	-3.90576	0.299734	-0.15	-0.0938405	-0.0357243	
0.722001	-3.88074	9.87329	0.627635	-3.91505	0.299734	-0.15	-0.0943658	-0.0343127	
0.693711	-3.89102	9.85829	0.598842	-3.92392	0.299734	-0.15	-0.0948699	-0.0328934	
0.665271	-3.90088	9.84329	0.569918	-3.93235	0.299734	-0.15	-0.0953526	-0.0314667	
0.636686	-3.91031	9.82829	0.540872	-3.94035	0.299734	-0.15	-0.0958138	-0.0300329	
0.607962	-3.91931	9.81329	0.511709	-3.94791	0.299734	-0.15	-0.0962535	-0.0285924	
0.579107	-3.92788	9.79829	0.482436	-3.95503	0.299734	-0.15	-0.0966716	-0.0271454	
0.550127	-3.93602	9.78329	0.453059	-3.96171	0.299734	-0.15	-0.0970679	-0.0256924	
0.521028	-3.94372	9.76829	0.423585	-3.96795	0.299734	-0.15	-0.0974423	-0.0242335	
0.491816	-3.95098	9.75329	0.394021	-3.97375	0.299734	-0.15	-0.0977948	-0.0227692	
0.462499	-3.95781	9.73829	0.364374	-3.97911	0.299734	-0.15	-0.0981254	-0.0212998	
0.433083	-3.96419	9.72329	0.334649	-3.98401	0.299734	-0.15	-0.0984338	-0.0198256	
0.403574	-3.97013	9.70829	0.304854	-3.98848	0.299734	-0.15	-0.0987201	-0.0183469	
0.37398	-3.97563	9.69329	0.274996	-3.99249	0.299734	-0.15	-0.0989842	-0.0168641	
0.344306	-3.98068	9.67829	0.24508	-3.99606	0.299734	-0.15	-0.099226	-0.0153775	
0.31456	-3.98529	9.66329	0.215115	-3.99918	0.299734	-0.15	-0.0994455	-0.0138874	
0.284748	-3.98945	9.64829	0.185106	-4.00184	0.299734	-0.15	-0.0996426	-0.0123942	
0.254878	-3.99316	9.63329	0.15506	-4.00406	0.299734	-0.15	-0.0998173	-0.0108982	
0.224954	-3.99643	9.61829	0.124985	-4.00583	0.299734	-0.15	-0.0999695	-0.0093998	
0.194986	-3.99924	9.60329	0.0948864	-4.00714	0.299734	-0.15	-0.100099	-0.00789926	
0.164978	-4.00161	9.58829	0.0647716	-4.00801	0.299734	-0.15	-0.100207	-0.00639694	
0.134938	-4.00353	9.57329	0.0346472	-4.00842	0.299734	-0.15	-0.100291	-0.00489318	
0.104873	-4.00499	9.55829	0.00451998	-4.00838	0.299734	-0.15	-0.100353	-0.00338832	
0.0747896	-4.006	9.54329	-0.0256032	-4.00789	0.299734	-0.15	-0.100393	-0.00188269	
0.0446941	-4.00657	9.52829	-0.0557157	-4.00694	0.299734	-0.15	-0.10041	-0.000376643	
0.0145936	-4.00668	9.51329	-0.0858106	-4.00555	0.299734	-0.15	-0.100404	0.00112949	
-0.0155053	-4.00634	9.49829	-0.115881	-4.0037	0.299734	-0.15	-0.100376	0.00263537	
-0.0455956	-4.00554	9.48329	-0.145921	-4.0014	0.299734	-0.15	-0.100325	0.00414065	
-0.0756706	-4.0043	9.46829	-0.175922	-3.99866	0.299734	-0.15	-0.100252	0.00564501	
-0.105724	-4.00261	9.45329	-0.205879	-3.99546	0.299734	-0.15	-0.100156	0.00714809	
-0.135748	-4.00046	9.43829	-0.235785	-3.99181	0.299734	-0.15	-0.100037	0.00864957	
-0.165737	-3.99787	9.42329	-0.265633	-3.98772	0.299734	-0.15	-0.0998963	0.0101491	
-0.195683	-3.99482	9.40829	-0.295416	-3.98318	0.299734	-0.15	-0.0997328	0.0116463	
-0.22558	-3.99133	9.39329	-0.325127	-3.97819	0.299734	-0.15	-0.0995469	0.013141	
-0.255422	-3.98739	9.37829	-0.35476	-3.97275	0.299734	-0.15	-0.0993386	0.0146326	
-0.285201	-3.983	9.36329	-0.384309	-3.96688	0.299734	-0.15	-0.0991079	0.016121	
-0.314911	-3.97816	9.34829	-0.413766	-3.96056	0.299734	-0.15	-0.098855	0.0176058	
-0.344545	-3.97288	9.33329	-0.443125	-3.9538	0.299734	-0.15	-0.0985798	0.0190866	
-0.374096	-3.96716	9.31829	-0.472379	-3.9466	0.299734	-0.15	-0.0982824	0.020563	
-0.403559	-3.96099	9.30329	-0.501522	-3.93896	0.299734	-0.15	-0.0979629	0.0220349	
-0.432925	-3.95439	9.28829	-0.530547	-3.93088	0.299734	-0.15	-0.0976214	0.0235018	
-0.46219	-3.94734	9.27329	-0.559447	-3.92237	0.299734	-0.15	-0.0972579	0.0249634	
-0.491345	-3.93985	9.25829	-0.588217	-3.91343	0.299734	-0.15	-0.0968725	0.0264194	
-0.520384	-3.93193	9.24329	-0.61685	-3.90406	0.299734	-0.15	-0.0964653	0.0278695	
-0.549302	-3.92357	9.22829	-0.645338	-3.89426	0.299734	-0.15	-0.0960364	0.0293133	
-0.578091	-3.91478	9.21329	-0.673677	-3.88403	0.299734	-0.15	-0.0955859	0.0307505	
-0.606744	-3.90556	9.19829	-0.701858	-3.87338	0.299734	-0.15	-0.095114	0.0321808	
-0.635257	-3.89591	9.18329	-0.729877	-3.86231	0.299734	-0.15	-0.0946206	0.0336038	
-0.663621	-3.88584	9.16829	-0.757727	-3.85082	0.299734	-0.15	-0.0941059	0.0350193	
-0.691831	-3.87534	9.15329	-0.785401	-3.83891	0.299734	-0.15	-0.09357	0.0364269	
-0.71988	-3.86442	9.13829	-0.812894	-3.82659	0.299734	-0.15	-0.0930131	0.0378263	
-0.747763	-3.85308	9.12329	-0.840198	-3.81386	0.299734	-0.15	-0.0924353	0.0392172	
-0.775472	-3.84132	9.10829	-0.867309	-3.80072	0.299734	-0.15	-0.0918366	0.0405992	
-0.803002	-3.82914	9.09329	-0.894219	-3.78717	0.299734	-0.15	-0.0912173	0.0419722	
-0.830346	-3.81656	9.07829	-0.920923	-3.77323	0.299734	-0.15	-0.0905775	0.0433356	
-0.857498	-3.80357	9.06329	-0.947415	-3.75888	0.299734	-0.15	-0.0899173	0.0446894	
-0.884452	-3.79017	9.04829	-0.973689	-3.74414	0.299734	-0.15	-0.0892369	0.0460331	
-0.911202	-3.77637	9.03329	-0.999738	-3.729	0.299734	-0.15	-0.0885364	0.0473664	
-0.937742	-3.76217	9.01829	-1.02556	-3.71348	0.299734	-0.15	-0.087816	0.0486891	
-0.964066	-3.74757	9.00329	-1.05114	-3.69757	0.299734	-0.15	-0.0870758	0.0500008	
-0.990169	-3.73258	8.98829	-1.07648	-3.68128	0.299734	-0.15	-0.086316	0.0513012	
-1.01604	-3.7172	8.97329	-1.10158	-3.66461	0.299734	-0.15	-0.0855368	0.0525902	
-1.04168	-3.70143	8.95829	-1.12642	-3.64756	0.299734	-0.15	-0.0847383	0.0538672	
-1.06709	-3.68528	8.94329	-1.15101	-3.63015	0.299734	-0.15	-0.0839208	0.0551322	
-1.09224	-3.66875	8.92829	-1.17533	-3.61237	0.299734	-0.15	-0.0830844	0.0563848	
-1.11715	-3.65185	8.91329	-1.19938	-3.59422	0.299734	-0.15	-0.0822294	0.0576246	
-1.1418	-3.63457	8.89829	-1.22315	-3.57572	0.299734	-0.15	-0.0813558	0.0588516	
-1.16618	-3.61693	8.88329	-1.24665	-3.55686	0.299734	-0.15	-0.0804639	0.0600652	
-1.1903	-3.59892	8.86829	-1.26986	-3.53765	0.299734	-0.15	-0.0795539	0.0612654	
-1.21415	-3.58055	8.85329	-1.29278	-3.5181	0.299734	-0.15	-0.078626	0.0624518	
-1.23772	-3.56183	8.83829	-1.3154	-3.4982	0.299734	-0.15	-0.0776804	0.0636241	
-1.26101	-3.54275	8.82329	-1.33772	-3.47797	0.299734	-0.15	-0.0767173	0.0647821	
-1.284	-3.52333	8.80829	-1.35974	-3.4574	0.299734	-0.15	-0.075737	0.0659255	
-1.3067	-3.50357	8.79329	-1.38144	-3.43651	0.299734	-0.15	-0.0747396	0.0670541	
-1.32911	-3.48346	8.77829	-1.40283	-3.4153	0.299734	-0.15	-0.0737255	0.0681676	
-1.35121	-3.46303	8.76329	-1.4239	-3.39376	0.299734	-0.15	-0.0726947	0.0692658	
-1.373	-3.44226	8.74829	-1.44465	-3.37191	0.299734	-0.15	-0.0716476	0.0703484	
-1.39448	-3.42117	8.73329	-1.46506	-3.34976	0.299734	-0.15	-0.0705843	0.0714151	
-1.41563	-3.39976	8.71829	-1.48514	-3.32729	0.299734	-0.15	-0.0695052	0.0724658	
-1.43647	-3.37803	8.70329	-1.50488	-3.30453	0.299734	-0.15	-0.0684104	0.0735002	
-1.45697	-3.356	8.68829	-1.52428	-3.28148	0.299734	-0.15	-0.0673003	0.0745181	
-1.47715	-3.33366	8.67329	-1.54332	-3.25814	0.299734	-0.15	-0.066175	0.0755191	
-1.49698	-3.31102	8.65829	-1.56202	-3.23452	0.299734	-0.15	-0.0650348	0.0765032	
-1.51648	-3.28808	8.64329	-1.58036	-3.21061	0.299734	-0.15	-0.06388	0.0774701	
-1.53563	-3.26486	8.62829	-1.59834	-3.18644	0.299734	-0.15	-0.0627108	0.0784196	
-1.55442	-3.24135	8.61329	-1.61595	-3.162	0.299734	-0.15	-0.0615275	0.0793514	
-1.57287	-3.21756	8.59829	-1.6332	-3.13729	0.299734	-0.15	-0.0603303	0.0802653	
-1.59095	-3.1935	8.58329	-1.65007	-3.11234	0.299734	-0.15	-0.0591196	0.0811612	
-1.60867	-3.16917	8.56829	-1.66657	-3.08713	0.299734	-0.15	-0.0578956	0.0820388	
-1.62603	-3.14457	8.55329	-1.68268	-3.06167	0.299734	-0.15	-0.0566585	0.082898	
-1.64301	-3.11972	8.53829	-1.69842	-3.03598	0.299734	-0.15	-0.0554087	0.0837385	
-1.65962	-3.09462	8.52329	-1.71376	-3.01005	0.299734	-0.15	-0.0541464	0.0845602	
-1.67585	-3.06926	8.50829	-1.72872	-2.9839	0.299734	-0.15	-0.052872	0.0853629	
-1.6917	-3.04367	8.49329	-1.74328	-2.95753	0.299734	-0.15	-0.0515857	0.0861463	
-1.70716	-3.01785	8.47829	-1.75745	-2.93094	0.299734	-0.15	-0.0502877	0.0869104	
-1.72223	-2.99179	8.46329	-1.77121	-2.90414	0.299734	-0.15	-0.0489784	0.0876549	
-1.73691	-2.96552	8.44829	-1.78457	-2.87714	0.299734	-0.15	-0.0476582	0.0883797	
-1.7512	-2.93902	8.43329	-1.79752	-2.84994	0.299734	-0.15	-0.0463272	0.0890846	
-1.76508	-2.91231	8.41829	-1.81007	-2.82254	0.299734	-0.15	-0.0449857	0.0897694	
-1.77857	-2.8854	8.40329	-1.8222	-2.79497	0.299734	-0.15	-0.0436342	0.0904341	
-1.79165	-2.85829	8.38829	-1.83392	-2.76721	0.299734	-0.15	-0.0422728	0.0910784	
-1.80432	-2.83099	8.37329	-1.84522	-2.73928	0.299734	-0.15	-0.0409019	0.0917022	
-1.81658	-2.8035	8.35829	-1.8561	-2.71119	0.299734	-0.15	-0.0395218	0.0923054	
-1.82842	-2.77582	8.34329	-1.86655	-2.68294	0.299734	-0.15	-0.0381329	0.0928878	
-1.83985	-2.74798	8.32829	-1.87659	-2.65453	0.299734	-0.15	-0.0367353	0.0934494	
-1.85086	-2.71996	8.31329	-1.88619	-2.62597	0.299734	-0.15	-0.0353295	0.0939899	
-1.86145	-2.69179	8.29829	-1.89537	-2.59728	0.299734	-0.15	-0.0339157	0.0945092	
-1.87162	-2.66345	8.28329	-1.90411	-2.56845	0.299734	-0.15	-0.0324943	0.0950073	
-1.88135	-2.63497	8.26829	-1.91242	-2.53949	0.299734	-0.15	-0.0310656	0.095484	
-1.89066	-2.60635	8.25329	-1.92029	-2.51041	0.299734	-0.15	-0.0296299	0.0959392	
-1.89955	-2.57759	8.23829	-1.92773	-2.48121	0.299734	-0.15	-0.0281875	0.0963729	
-1.90799	-2.5487	8.22329	-1.93473	-2.45191	0.299734	-0.15	-0.0267388	0.0967848	
-1.91601	-2.51968	8.20829	-1.94129	-2.42251	0.299734	-0.15	-0.0252841	0.097175	
-1.92358	-2.49055	8.19329	-1.94741	-2.39301	0.299734	-0.15	-0.0238237	0.0975433	
-1.93072	-2.46131	8.17829	-1.95308	-2.36342	0.299734	-0.15	-0.0223579	0.0978897	
-1.93742	-2.43196	8.16329	-1.95831	-2.33375	0.299734	-0.15	-0.0208871	0.098214	
-1.94368	-2.40252	8.14829	-1.9631	-2.304	0.299734	-0.15	-0.0194116	0.0985163	
-1.9495	-2.37299	8.13329	-1.96743	-2.27419	0.299734	-0.15	-0.0179317	0.0987964	
-1.95487	-2.34337	8.11829	-1.97132	-2.24431	0.299734	-0.15	-0.0164478	0.0990542	
-1.9598	-2.31367	8.10329	-1.97476	-2.21438	0.299734	-0.15	-0.0149602	0.0992898	
-1.96429	-2.28391	8.08829	-1.97775	-2.18441	0.299734	-0.15	-0.0134692	0.099503	
-1.96832	-2.25408	8.07329	-1.9803	-2.15439	0.299734	-0.15	-0.0119752	0.0996938	
-1.97191	-2.22419	8.05829	-1.98239	-2.12433	0.299734	-0.15	-0.0104785	0.0998622	
-1.97505	-2.19426	8.04329	-1.98403	-2.09425	0.299734	-0.15	-0.00897948	0.100008	
-1.97774	-2.16428	8.02829	-1.98522	-2.06415	0.299734	-0.15	-0.00747841	0.100132	
-1.97998	-2.13426	8.01329	-1.98595	-2.03403	0.299734	-0.15	-0.00597565	0.100233	
-1.98177	-2.10421	7.99829	-1.98624	-2.0039	0.299734	-0.15	-0.00447154	0.100311	
-1.9831	-2.07414	7.98329	-1.98607	-1.97377	0.299734	-0.15	-0.00296643	0.100367	
-1.98399	-2.04405	7.96829	-1.98545	-1.94365	0.299734	-0.15	-0.00146066	0.1004	
-1.98443	-2.01396	7.95329	-1.98438	-1.91355	0.299734	-0.15	4.54485e-05	0.10041	
-1.98441	-1.98386	7.93829	-1.98286	-1.88346	0.299734	-0.15	0.00155154	0.100399	
-1.98394	-1.95376	7.92329	-1.98089	-1.85339	0.299734	-0.15	0.00305729	0.100364	
-1.98303	-1.92367	7.90829	-1.97846	-1.82336	0.299734	-0.15	0.00456235	0.100307	
-1.98166	-1.8936	7.89329	-1.97559	-1.79337	0.299734	-0.15	0.00606638	0.100227	
-1.97984	-1.86356	7.87829	-1.97227	-1.76343	0.299734	-0.15	0.00756905	0.100125	
-1.97756	-1.83354	7.86329	-1.96849	-1.73354	0.299734	-0.15	0.00907001	0.1	
-1.97484	-1.80356	7.84829	-1.96427	-1.70371	0.299734	-0.15	0.0105689	0.0998527	
-1.97167	-1.77363	7.83329	-1.95961	-1.67395	0.299734	-0.15	0.0120655	0.0996829	
-1.96805	-1.74375	7.81829	-1.95449	-1.64426	0.299734	-0.15	0.0135593	0.0994908	
-1.96399	-1.71392	7.80329	-1.94894	-1.61465	0.299734	-0.15	0.0150501	0.0992762	
-1.95947	-1.68416	7.78829	-1.94294	-1.58512	0.299734	-0.15	0.0165375	0.0990393	
-1.95451	-1.65447	7.77329	-1.93649	-1.55569	0.299734	-0.15	0.0180212	0.0987801	
-1.94911	-1.62486	7.75829	-1.92961	-1.52636	0.299734	-0.15	0.0195008	0.0984987	
-1.94326	-1.59533	7.74329	-1.92229	-1.49714	0.299734	-0.15	0.020976	0.0981951	
-1.93697	-1.5659	7.72829	-1.91452	-1.46803	0.299734	-0.15	0.0224465	0.0978694	
-1.93024	-1.53656	7.71329	-1.90633	-1.43904	0.299734	-0.15	0.023912	0.0975217	
-1.92307	-1.50733	7.69829	-1.8977	-1.41017	0.299734	-0.15	0.0253721	0.0971521	
-1.91546	-1.4782	7.68329	-1.88864	-1.38144	0.299734	-0.15	0.0268264	0.0967606	
-1.90742	-1.4492	7.66829	-1.87914	-1.35285	0.299734	-0.15	0.0282748	0.0963473	
-1.89894	-1.42031	7.65329	-1.86922	-1.3244	0.299734	-0.15	0.0297167	0.0959124	
-1.89003	-1.39156	7.63829	-1.85888	-1.29611	0.299734	-0.15	0.031152	0.0954558	
-1.88069	-1.36295	7.62329	-1.84811	-1.26797	0.299734	-0.15	0.0325803	0.0949778	
-1.87092	-1.33448	7.60829	-1.83692	-1.24	0.299734	-0.15	0.0340013	0.0944785	
-1.86072	-1.30615	7.59329	-1.82531	-1.2122	0.299734	-0.15	0.0354146	0.0939578	
-1.85011	-1.27799	7.57829	-1.81329	-1.18457	0.299734	-0.15	0.0368199	0.0934161	
-1.83907	-1.24999	7.56329	-1.80085	-1.15713	0.299734	-0.15	0.0382169	0.0928533	
-1.82761	-1.22215	7.54829	-1.788	-1.12988	0.299734	-0.15	0.0396054	0.0922696	
-1.81573	-1.19449	7.53329	-1.77475	-1.10283	0.299734	-0.15	0.0409849	0.0916652	
-1.80345	-1.16701	7.51829	-1.76109	-1.07597	0.299734	-0.15	0.0423552	0.0910401	
-1.79075	-1.13972	7.50329	-1.74703	-1.04933	0.299734	-0.15	0.043716	0.0903946	
-1.77764	-1.11263	7.48829	-1.73257	-1.0229	0.299734	-0.15	0.045067	0.0897287	
-1.76413	-1.08573	7.47329	-1.71772	-0.996685	0.299734	-0.15	0.0464078	0.0890426	
-1.75021	-1.05904	7.45829	-1.70248	-0.9707	0.299734	-0.15	0.0477381	0.0883365	
-1.7359	-1.03256	7.44329	-1.68684	-0.944945	0.299734	-0.15	0.0490578	0.0876105	
-1.72119	-1.00629	7.42829	-1.67083	-0.919428	0.299734	-0.15	0.0503664	0.0868648	
-1.70609	-0.980254	7.41329	-1.65443	-0.894155	0.299734	-0.15	0.0516636	0.0860996	
-1.6906	-0.954445	7.39829	-1.63765	-0.86913	0.299734	-0.15	0.0529493	0.085315	
-1.67473	-0.92887	7.38329	-1.6205	-0.844359	0.299734	-0.15	0.054223	0.0845112	
-1.65847	-0.903537	7.36829	-1.60299	-0.819849	0.299734	-0.15	0.0554845	0.0836883	
-1.64184	-0.87845	7.35329	-1.5851	-0.795604	0.299734	-0.15	0.0567335	0.0828467	
-1.62483	-0.853616	7.33829	-1.56686	-0.77163	0.299734	-0.15	0.0579698	0.0819864	
-1.60745	-0.82904	7.32329	-1.54825	-0.747932	0.299734	-0.15	0.059193	0.0811077	
-1.5897	-0.804727	7.30829	-1.5293	-0.724516	0.299734	-0.15	0.0604029	0.0802107	
-1.57159	-0.780683	7.29329	-1.50999	-0.701387	0.299734	-0.15	0.0615993	0.0792956	
-1.55312	-0.756913	7.27829	-1.49034	-0.67855	0.299734	-0.15	0.0627817	0.0783628	
-1.5343	-0.733423	7.26329	-1.47035	-0.656011	0.299734	-0.15	0.0639501	0.0774123	
-1.51513	-0.710218	7.24829	-1.45003	-0.633774	0.299734	-0.15	0.065104	0.0764443	
-1.49561	-0.687303	7.23329	-1.42937	-0.611844	0.299734	-0.15	0.0662433	0.0754592	
-1.47575	-0.664683	7.21829	-1.40838	-0.590226	0.299734	-0.15	0.0673677	0.0744571	
-1.45555	-0.642364	7.20329	-1.38708	-0.568926	0.299734	-0.15	0.0684769	0.0734382	
-1.43503	-0.620351	7.18829	-1.36545	-0.547948	0.299734	-0.15	0.0695708	0.0724029	
-1.41417	-0.598648	7.17329	-1.34352	-0.527296	0.299734	-0.15	0.0706489	0.0713512	
-1.39299	-0.57726	7.15829	-1.32128	-0.506976	0.299734	-0.15	0.0717112	0.0702835	
-1.37149	-0.556192	7.14329	-1.29873	-0.486992	0.299734	-0.15	0.0727574	0.0691999	
-1.34968	-0.535449	7.12829	-1.27589	-0.467348	0.299734	-0.15	0.0737871	0.0681008	
-1.32756	-0.515035	7.11329	-1.25275	-0.448049	0.299734	-0.15	0.0748003	0.0669864	
-1.30513	-0.494956	7.09829	-1.22933	-0.429099	0.299734	-0.15	0.0757967	0.0658569	
-1.28241	-0.475215	7.08329	-1.20563	-0.410502	0.299734	-0.15	0.0767759	0.0647126	
-1.25939	-0.455817	7.06829	-1.18165	-0.392264	0.299734	-0.15	0.077738	0.0635537	
-1.23608	-0.436767	7.05329	-1.1574	-0.374386	0.299734	-0.15	0.0786825	0.0623806	
-1.2125	-0.418068	7.03829	-1.13289	-0.356875	0.299734	-0.15	0.0796093	0.0611933	
-1.18863	-0.399726	7.02329	-1.10811	-0.339733	0.299734	-0.15	0.0805182	0.0599924	
-1.16449	-0.381743	7.00829	-1.08308	-0.322965	0.299734	-0.15	0.081409	0.0587779	
-1.14009	-0.364125	6.99329	-1.0578	-0.306574	0.299734	-0.15	0.0822815	0.0575502	
-1.11542	-0.346874	6.97829	-1.03228	-0.290565	0.299734	-0.15	0.0831354	0.0563095	
-1.09049	-0.329996	6.96329	-1.00652	-0.274939	0.299734	-0.15	0.0839707	0.0550562	
-1.06532	-0.313493	6.94829	-0.980534	-0.259702	0.299734	-0.15	0.0847871	0.0537905	
-1.0399	-0.297369	6.93329	-0.954318	-0.244857	0.299734	-0.15	0.0855844	0.0525127	
-1.01425	-0.281629	6.91829	-0.927883	-0.230406	0.299734	-0.15	0.0863624	0.0512231	
-0.988355	-0.266276	6.90329	-0.901234	-0.216354	0.299734	-0.15	0.087121	0.0499219	
-0.962237	-0.251312	6.88829	-0.874377	-0.202702	0.299734	-0.15	0.08786	0.0486095	
-0.935897	-0.236742	6.87329	-0.847318	-0.189456	0.299734	-0.15	0.0885792	0.0472862	
-0.909342	-0.222568	6.85829	-0.820064	-0.176616	0.299734	-0.15	0.0892785	0.0459523	
-0.882578	-0.208795	6.84329	-0.79262	-0.164187	0.299734	-0.15	0.0899577	0.044608	
-0.855609	-0.195424	6.82829	-0.764993	-0.152171	0.299734	-0.15	0.0906167	0.0432536	
-0.828444	-0.18246	6.81329	-0.737188	-0.14057	0.299734	-0.15	0.0912553	0.0418896	
-0.801087	-0.169904	6.79829	-0.709213	-0.129388	0.299734	-0.15	0.0918734	0.0405161	
-0.773544	-0.15776	6.78329	-0.681073	-0.118627	0.299734	-0.15	0.0924707	0.0391335	
-0.745823	-0.146031	6.76829	-0.652775	-0.108289	0.299734	-0.15	0.0930473	0.0377421	
-0.717928	-0.134719	6.75329	-0.624326	-0.0983766	0.299734	-0.15	0.093603	0.0363422	
-0.689868	-0.123826	6.73829	-0.59573	-0.0888921	0.299734	-0.15	0.0941375	0.0349341	
-0.661647	-0.113356	6.72329	-0.566996	-0.0798376	0.299734	-0.15	0.0946509	0.0335181	
-0.633272	-0.10331	6.70829	-0.538129	-0.0712151	0.299734	-0.15	0.095143	0.0320947	
-0.604749	-0.0936906	6.69329	-0.509136	-0.0630266	0.299734	-0.15	0.0956137	0.030664	
-0.576086	-0.0845003	6.67829	-0.480023	-0.0552739	0.299734	-0.15	0.0960629	0.0292263	
-0.547288	-0.0757409	6.66329	-0.450797	-0.0479587	0.299734	-0.15	0.0964905	0.0277822	
-0.518362	-0.0674145	6.64829	-0.421465	-0.0410828	0.299734	-0.15	0.0968964	0.0263317	
-0.489314	-0.0595229	6.63329	-0.392033	-0.0346475	0.299734	-0.15	0.0972804	0.0248754	
-0.460151	-0.0520679	6.61829	-0.362508	-0.0286545	0.299734	-0.15	0.0976426	0.0234134	
-0.430879	-0.0450512	6.60329	-0.332897	-0.0231049	0.299734	-0.15	0.0979828	0.0219462	
-0.401506	-0.0384743	6.58829	-0.303205	-0.0180002	0.299734	-0.15	0.098301	0.0204741	
-0.372037	-0.0323387	6.57329	-0.27344	-0.0133414	0.299734	-0.15	0.098597	0.0189973	
-0.34248	-0.0266458	6.55829	-0.243609	-0.00912958	0.299734	-0.15	0.0988709	0.0175163	
-0.31284	-0.021397	6.54329	-0.213718	-0.00536568	0.299734	-0.15	0.0991225	0.0160313	
-0.283125	-0.0165933	6.52829	-0.183773	-0.00205056	0.299734	-0.15	0.0993518	0.0145427	
-0.253341	-0.0122358	6.51329	-0.153783	0.000815049	0.299734	-0.15	0.0995587	0.0130508	
-0.223496	-0.00832557	6.49829	-0.123752	0.00323049	0.299734	-0.15	0.0997433	0.0115561	
-0.193595	-0.00486344	6.48329	-0.0936894	0.00519522	0.299734	-0.15	0.0999054	0.0100587	
-0.163645	-0.00185021	6.46829	-0.0636002	0.0067088	0.299734	-0.15	0.100045	0.008559	
-0.133654	0.000713464	6.45329	-0.0334917	0.00777089	0.299734	-0.15	0.100162	0.00705742	
-0.103627	0.00282699	6.43829	-0.00337065	0.00838124	0.299734	-0.15	0.100257	0.00555425	
-0.0735726	0.0044899	6.42329	0.0267562	0.00853974	0.299734	-0.15	0.100329	0.00404983	
-0.0434963	0.00570182	6.40829	0.056882	0.00824632	0.299734	-0.15	0.100378	0.0025445	
-0.0134052	0.00646248	6.39329	0.087	0.00750107	0.299734	-0.15	0.100405	0.0010386	
0.016694	0.0067717	6.37829	0.117103	0.00630416	0.299734	-0.15	0.100409	-0.00046754	
0.0467944	0.00662941	6.36329	0.147186	0.00465584	0.299734	-0.15	0.100391	-0.00197357	
0.0768893	0.00603565	6.34829	0.17724	0.00255649	0.299734	-0.15	0.10035	-0.00347916	
