4	3.8	4.71239	0.2	0	11.4	-57	-3.8	-3.8	
4.11014	2.69306	-0.987611	0.23	0	0.333582	-70.8274	-3.88014	-2.69306	
3.97543	2.63682	-8.07035	0.26	0	10.119	-45.9406	-3.71543	-2.63682	
4.00017	1.82427	-12.6644	0.29	0	-10.5413	-32.6805	-3.71017	-1.82427	
2.55708	1.99156	-15.9325	0.32	0	5.21273	36.5941	-2.23708	-1.99156	
2.43533	2.12091	-12.2731	0.35	0	-7.82843	-21.4111	-2.08533	-2.12091	
1.43977	1.64437	-14.4142	0.38	0	5.61449	-8.5454	-1.05977	-1.64437	
1.15991	1.21164	-15.2687	0.41	0	3.58199	11.6655	-0.74991	-1.21164	
1.02373	0.944488	-14.1022	0.44	0	2.77042	-9.2466	-0.583732	-0.944488	
0.871059	0.741555	-15.0268	0.47	0	2.33553	4.85298	-0.401059	-0.741555	
0.76631	0.536555	-14.5415	0.5	0	1.79417	-0.506183	-0.26631	-0.536555	
0.686522	0.375822	-14.5921	0.53	0	1.21912	0.368208	-0.156522	-0.375822	
0.639623	0.263198	-14.5553	0.56	0	0.818563	0.511675	-0.0796234	-0.263198	
0.615839	0.18448	-14.5041	0.59	0	0.544402	0.631078	-0.0258386	-0.18448	
0.608222	0.12951	-14.441	0.62	0	0.360159	0.749842	0.0117779	-0.12951	
0.61191	0.0911978	-14.366	0.65	0	0.240532	0.866824	0.0380898	-0.0911978	
0.623486	0.0645747	-14.2794	0.68	0	0.167741	0.976423	0.0565136	-0.0645747	
0.640545	0.0461497	-14.1817	0.71	0	0.12903	1.07163	0.0694552	-0.0461497	
0.661391	0.0334528	-14.0746	0.74	0	0.114916	1.14542	0.0786085	-0.0334528	
0.684842	0.0247218	-13.96	0.77	0	0.118025	1.19203	0.0851579	-0.0247218	
0.710084	0.0186924	-13.8408	0.8	0	0.132408	1.20807	0.0899162	-0.0186924	
0.736577	0.0144616	-13.72	0.83	0	0.153219	1.19328	0.0934232	-0.0144616	
0.763976	0.0114005	-13.6007	0.86	0	0.176636	1.1506	0.0960242	-0.0114005	
0.792064	0.00909104	-13.4856	0.89	0	0.199857	1.08541	0.0979365	-0.00909104	
0.820697	0.00727375	-13.3771	0.92	0	0.221071	1.00442	0.0993031	-0.00727375	
0.849769	0.00579894	-13.2766	0.95	0	0.239325	0.914366	0.100231	-0.00579894	
0.879188	0.00458471	-13.1852	0.98	0	0.25433	0.821172	0.100812	-0.00458471	
0.908872	0.00358521	-13.1031	1.01	0	0.266226	0.729407	0.101128	-0.00358521	
0.938747	0.00277045	-13.0301	1.04	0	0.275392	0.642231	0.101253	-0.00277045	
0.96875	0.00211586	-12.9659	1.07	0	0.282295	0.561561	0.10125	-0.00211586	
0.998832	0.00159831	-12.9098	1.1	0	0.287398	0.48835	0.101168	-0.00159831	
1.02896	0.00119544	-12.8609	1.13	0	0.291115	0.422861	0.101043	-0.00119544	
1.0591	0.000886299	-12.8186	1.16	0	0.293789	0.364912	0.100902	-0.000886299	
1.08924	0.000652075	-12.7822	1.19	0	0.295691	0.314056	0.100761	-0.000652075	
1.11937	0.00047656	-12.7507	1.22	0	0.297033	0.269703	0.100629	-0.00047656	
1.14949	0.000346284	-12.7238	1.25	0	0.297971	0.231209	0.100512	-0.000346284	
1.17959	0.000250371	-12.7007	1.28	0	0.298622	0.197927	0.100411	-0.000250371	
1.20967	0.000180249	-12.6809	1.31	0	0.299071	0.169237	0.100327	-0.000180249	
1.23974	0.000129285	-12.6639	1.34	0	0.299379	0.144567	0.100257	-0.000129285	
1.2698	9.24354e-05	-12.6495	1.37	0	0.299588	0.123393	0.100201	-9.24354e-05	
1.29984	6.59064e-05	-12.6371	1.4	0	0.299729	0.105249	0.100156	-6.59064e-05	
1.32988	4.6879e-05	-12.6266	1.43	0	0.299824	0.0897234	0.10012	-4.6879e-05	
1.35991	3.3276e-05	-12.6176	1.46	0	0.299887	0.0764517	0.100092	-3.3276e-05	
1.38993	2.35779e-05	-12.61	1.49	0	0.299928	0.0651172	0.10007	-2.35779e-05	
1.41995	1.66803e-05	-12.6035	1.52	0	0.299955	0.0554446	0.100053	-1.66803e-05	
1.44996	1.17846e-05	-12.5979	1.55	0	0.299973	0.0471956	0.10004	-1.17846e-05	
1.47997	8.31603e-06	-12.5932	1.58	0	0.299984	0.0401644	0.100031	-8.31603e-06	
1.50998	5.86238e-06	-12.5892	1.61	0	0.299991	0.034174	0.100023	-5.86238e-06	
1.53998	4.129e-06	-12.5858	1.64	0	0.299995	0.0290722	0.100017	-4.129e-06	
1.56999	2.9059e-06	-12.5829	1.67	0	0.299998	0.0247286	0.100013	-2.9059e-06	
1.59999	2.04372e-06	-12.5804	1.7	0	0.3	0.0210315	0.10001	-2.04372e-06	
1.62999	1.4365e-06	-12.5783	1.73	0	0.3	0.0178854	0.100007	-1.4365e-06	
1.65999	1.00918e-06	-12.5765	1.76	0	0.300001	0.0152087	0.100005	-1.00918e-06	
1.69	7.08657e-07	-12.575	1.79	0	0.300001	0.0129317	0.100004	-7.08657e-07	
1.72	4.97431e-07	-12.5737	1.82	0	0.300001	0.010995	0.100003	-4.97431e-07	
1.75	3.49044e-07	-12.5726	1.85	0	0.300001	0.00934787	0.100002	-3.49044e-07	
1.78	2.44848e-07	-12.5717	1.88	0	0.300001	0.0079472	0.100002	-2.44848e-07	
1.81	1.71712e-07	-12.5709	1.91	0	0.300001	0.00675618	0.100001	-1.71712e-07	
1.84	1.20394e-07	-12.5702	1.94	0	0.3	0.0057435	0.100001	-1.20394e-07	
1.87	8.43956e-08	-12.5696	1.97	0	0.3	0.0048825	0.100001	-8.43956e-08	
1.9	5.91507e-08	-12.5691	2	0	0.3	0.0041505	0.1	-5.91507e-08	
1.93	4.14508e-08	-12.5687	2.03	0	0.3	0.00352818	0.1	-4.14508e-08	
1.96	2.90434e-08	-12.5684	2.06	0	0.3	0.00299914	0.1	-2.90434e-08	
1.99	2.03474e-08	-12.5681	2.09	0	0.3	0.0025494	0.1	-2.03474e-08	
2.02	1.42537e-08	-12.5678	2.12	0	0.3	0.00216708	0.1	-1.42537e-08	
2.05	9.98404e-09	-12.5676	2.15	0	0.3	0.00184208	0.1	-9.98404e-09	
2.08	6.99278e-09	-12.5674	2.18	0	0.3	0.00156581	0.1	-6.99278e-09	
2.11	4.89738e-09	-12.5673	2.21	0	0.3	0.00133097	0.1	-4.89738e-09	
2.14	3.42966e-09	-12.5671	2.24	0	0.3	0.00113135	0.1	-3.42966e-09	
2.17	2.40168e-09	-12.567	2.27	0	0.3	0.00096166	0.1	-2.40168e-09	
2.2	1.68174e-09	-12.5669	2.3	0	0.3	0.000817422	0.1	-1.68174e-09	
2.23	1.17756e-09	-12.5668	2.33	0	0.3	0.000694816	0.1	-1.17756e-09	
2.26	8.24507e-10	-12.5668	2.36	0	0.3	0.000590599	0.1	-8.24507e-10	
2.29	5.77285e-10	-12.5667	2.39	0	0.3	0.000502013	0.1	-5.77285e-10	
2.32	4.0418e-10	-12.5667	2.42	0	0.3	0.000426713	0.1	-4.0418e-10	
2.35	2.82975e-10	-12.5666	2.45	0	0.3	0.000362708	0.1	-2.82975e-10	
2.38	1.98113e-10	-12.5666	2.48	0	0.3	0.000308303	0.1	-1.98113e-10	
2.41	1.38697e-10	-12.5665	2.51	0	0.3	0.000262059	0.1	-1.38697e-10	
2.44	9.70997e-11	-12.5665	2.54	0	0.3	0.00022275	0.1	-9.70997e-11	
2.47	6.79769e-11	-12.5665	2.57	0	0.3	0.000189338	0.1	-6.79769e-11	
2.5	4.75881e-11	-12.5665	2.6	0	0.3	0.000160938	0.1	-4.75881e-11	
2.53	3.33142e-11	-12.5665	2.63	0	0.3	0.000136797	0.1	-3.33142e-11	
2.56	2.33216e-11	-12.5664	2.66	0	0.3	0.000116278	0.1	-2.33216e-11	
2.59	1.63262e-11	-12.5664	2.69	0	0.3	9.88364e-05	0.1	-1.63262e-11	
2.62	1.1429e-11	-12.5664	2.72	0	0.3	8.4011e-05	0.1	-1.1429e-11	
2.65	8.00073e-12	-12.5664	2.75	0	0.3	7.14094e-05	0.1	-8.00073e-12	
2.68	5.6008e-12	-12.5664	2.78	0	0.3	6.0698e-05	0.1	-5.6008e-12	
2.71	3.92074e-12	-12.5664	2.81	0	0.3	5.15933e-05	0.1	-3.92074e-12	
2.74	2.7445e-12	-12.5664	2.84	0	0.3	4.38544e-05	0.1	-2.7445e-12	
2.77	1.92112e-12	-12.5664	2.87	0	0.3	3.72762e-05	0.1	-1.92112e-12	
2.8	1.34496e-12	-12.5664	2.9	0	0.3	3.16848e-05	0.1	-1.34496e-12	
2.83	9.41372e-13	-12.5664	2.93	0	0.3	2.69321e-05	0.1	-9.41372e-13	
2.86	6.58873e-13	-12.5664	2.96	0	0.3	2.28923e-05	0.1	-6.58873e-13	
2.89	4.61148e-13	-12.5664	2.99	0	0.3	1.94584e-05	0.1	-4.61148e-13	
2.92	3.22672e-13	-12.5664	3.02	0	0.3	1.65397e-05	0.1	-3.22672e-13	
2.95	2.25974e-13	-12.5664	3.05	0	0.3	1.40587e-05	0.1	-2.25974e-13	
2.98	1.58188e-13	-12.5664	3.08	0	0.3	1.19499e-05	0.1	-1.58188e-13	
3.01	1.10675e-13	-12.5664	3.11	0	0.3	1.01574e-05	0.1	-1.10675e-13	
3.04	7.74124e-14	-12.5664	3.14	0	0.3	8.63381e-06	0.1	-7.74124e-14	
3.07	5.43485e-14	-12.5664	3.17	0	0.3	7.33874e-06	0.1	-5.43485e-14	
3.1	3.80185e-14	-12.5664	3.2	0	0.3	6.23793e-06	0.1	-3.80185e-14	
3.13	2.6592e-14	-12.5664	3.23	0	0.3	5.30224e-06	0.1	-2.6592e-14	
3.16	1.84523e-14	-12.5664	3.26	0	0.3	4.50691e-06	0.1	-1.84523e-14	
3.19	1.29953e-14	-12.5664	3.29	0	0.3	3.83087e-06	0.1	-1.29953e-14	
3.22	8.94182e-15	-12.5664	3.32	0	0.3	3.25624e-06	0.1	-8.94182e-15	
3.25	6.41612e-15	-12.5664	3.35	0	0.3	2.7678e-06	0.1	-6.41612e-15	
3.28	4.56551e-15	-12.5664	3.38	0	0.3	2.35263e-06	0.1	-4.56551e-15	
3.31	3.24786e-15	-12.5664	3.41	0	0.3	1.99974e-06	0.1	-3.24786e-15	
3.34	2.35657e-15	-12.5664	3.44	0	0.3	1.69978e-06	0.1	-2.35657e-15	
3.37	1.58964e-15	-12.5664	3.47	0	0.3	1.44481e-06	0.1	-1.58964e-15	
3.4	1.28457e-15	-12.5664	3.5	0	0.3	1.22809e-06	0.1	-1.28457e-15	
3.43	9.26219e-16	-12.5664	3.53	0	0.3	1.04388e-06	0.1	-9.26219e-16	
3.46	7.09981e-16	-12.5664	3.56	0	0.3	8.87294e-07	0.1	-7.09981e-16	
3.49	4.04928e-16	-12.5664	3.59	0	0.3	7.542e-07	0.1	-4.04928e-16	
3.52	2.95276e-16	-12.5664	3.62	0	0.3	6.4107e-07	0.1	-2.95276e-16	
3.55	2.92206e-16	-12.5664	3.65	0	0.3	5.4491e-07	0.1	-2.92206e-16	
3.58	3.069e-16	-12.5664	3.68	0	0.3	4.63173e-07	0.1	-3.069e-16	
3.61	1.43959e-16	-12.5664	3.71	0	0.3	3.93697e-07	0.1	-1.43959e-16	
3.64	1.23127e-16	-12.5664	3.74	0	0.3	3.34643e-07	0.1	-1.23127e-16	
3.67	6.67679e-17	-12.5664	3.77	0	0.3	2.84446e-07	0.1	-6.67679e-17	
3.7	8.14631e-17	-12.5664	3.8	0	0.3	2.41779e-07	0.1	-8.14631e-17	
3.73	2.0274e-16	-12.5664	3.83	0	0.3	2.05512e-07	0.1	-2.0274e-16	
3.76	-1.34914e-17	-12.5664	3.86	0	0.3	1.74686e-07	0.1	1.34914e-17	
3.79	-1.76432e-16	-12.5664	3.89	0	0.3	1.48483e-07	0.1	1.76432e-16	
3.82	-1.795e-16	-12.5664	3.92	0	0.3	1.2621e-07	0.1	1.795e-16	
3.85	-9.37505e-17	-12.5664	3.95	0	0.3	1.07279e-07	0.1	9.37505e-17	
3.88	-1.85637e-16	-12.5664	3.98	0	0.3	9.1187e-08	0.1	1.85637e-16	
3.91	-2.88328e-17	-12.5664	4.01	0	0.3	7.75089e-08	0.1	2.88328e-17	
3.94	-4.96647e-17	-12.5664	4.04	0	0.3	6.58826e-08	0.1	4.96647e-17	
3.97	1.42666e-16	-12.5664	4.07	0	0.3	5.60002e-08	0.1	-1.42666e-16	
4	-2.02741e-17	-12.5664	4.1	0	0.3	4.76002e-08	0.1	2.02741e-17	
4.03	-5.57882e-18	-12.5664	4.13	0	0.3	4.04601e-08	0.1	5.57882e-18	
4.06	-1.15229e-16	-12.5664	4.16	0	0.3	3.43911e-08	0.1	1.15229e-16	
4.09	-6.50061e-17	-12.5664	4.19	0	0.3	2.92325e-08	0.1	6.50061e-17	
4.12	5.62706e-17	-12.5664	4.22	0	0.3	2.48476e-08	0.1	-5.62706e-17	
4.15	-1.24433e-16	-12.5664	4.25	0	0.3	2.11204e-08	0.1	1.24433e-16	
4.18	8.56611e-17	-12.5664	4.28	0	0.3	1.79524e-08	0.1	-8.56611e-17	
4.21	8.25928e-17	-12.5664	4.31	0	0.3	1.52595e-08	0.1	-8.25928e-17	
4.24	2.0387e-16	-12.5664	4.34	0	0.3	1.29706e-08	0.1	-2.0387e-16	
4.27	5.86927e-17	-12.5664	4.37	0	0.3	1.1025e-08	0.1	-5.86927e-17	
4.3	2.15497e-16	-12.5664	4.4	0	0.3	9.37125e-09	0.1	-2.15497e-16	
4.33	-7.34599e-19	-12.5664	4.43	0	0.3	7.96557e-09	0.1	7.34599e-19	
4.36	1.73833e-16	-12.5664	4.46	0	0.3	6.77073e-09	0.1	-1.73833e-16	
4.39	9.97102e-17	-12.5664	4.49	0	0.3	5.75512e-09	0.1	-9.97102e-17	
4.42	-8.09938e-17	-12.5664	4.52	0	0.3	4.89186e-09	0.1	8.09938e-17	
4.45	-4.85349e-17	-12.5664	4.55	0	0.3	4.15808e-09	0.1	4.85349e-17	
4.48	1.68751e-18	-12.5664	4.58	0	0.3	3.53436e-09	0.1	-1.68751e-18	
4.51	-1.38079e-18	-12.5664	4.61	0	0.3	3.00421e-09	0.1	1.38079e-18	
4.54	1.33145e-17	-12.5664	4.64	0	0.3	2.55358e-09	0.1	-1.33145e-17	
4.57	1.34591e-16	-12.5664	4.67	0	0.3	2.17054e-09	0.1	-1.34591e-16	
4.6	-6.38764e-17	-12.5664	4.7	0	0.3	1.84496e-09	0.1	6.38764e-17	
4.63	-8.47082e-17	-12.5664	4.73	0	0.3	1.56822e-09	0.1	8.47082e-17	
4.66	1.04132e-18	-12.5664	4.76	0	0.3	1.33298e-09	0.1	-1.04132e-18	
4.69	-1.08608e-16	-12.5664	4.79	0	0.3	1.13304e-09	0.1	1.08608e-16	
4.72	-2.18258e-16	-12.5664	4.82	0	0.3	9.63085e-10	0.1	2.18258e-16	
4.75	-1.14745e-16	-12.5664	4.85	0	0.3	8.18621e-10	0.1	1.14745e-16	
4.78	-1.71104e-16	-12.5664	4.88	0	0.3	6.95829e-10	0.1	1.71104e-16	
4.81	-1.43001e-17	-12.5664	4.91	0	0.3	5.91452e-10	0.1	1.43001e-17	
4.84	7.14494e-17	-12.5664	4.94	0	0.3	5.02732e-10	0.1	-7.14494e-17	
4.87	-5.59639e-17	-12.5664	4.97	0	0.3	4.27325e-10	0.1	5.59639e-17	
4.9	-1.30086e-16	-12.5664	5	0	0.3	3.63228e-10	0.1	1.30086e-16	
4.93	-6.21004e-17	-12.5664	5.03	0	0.3	3.08743e-10	0.1	6.21004e-17	
4.96	7.69398e-17	-12.5664	5.06	0	0.3	2.62428e-10	0.1	-7.69398e-17	
4.99	-8.60006e-17	-12.5664	5.09	0	0.3	2.23067e-10	0.1	8.60006e-17	
5.02	8.85668e-17	-12.5664	5.12	0	0.3	1.89604e-10	0.1	-8.85668e-17	
5.05	1.56553e-16	-12.5664	5.15	0	0.3	1.61161e-10	0.1	-1.56553e-16	
5.08	2.60066e-16	-12.5664	5.18	0	0.3	1.36984e-10	0.1	-2.60066e-16	
5.11	3.45815e-16	-12.5664	5.21	0	0.3	1.16434e-10	0.1	-3.45815e-16	
5.14	3.60511e-16	-12.5664	5.24	0	0.3	9.8968e-11	0.1	-3.60511e-16	
5.17	1.08752e-16	-12.5664	5.27	0	0.3	8.41277e-11	0.1	-1.08752e-16	
5.2	8.79206e-17	-12.5664	5.3	0	0.3	7.15087e-11	0.1	-8.79206e-17	
5.23	2.09197e-16	-12.5664	5.33	0	0.3	6.07795e-11	0.1	-2.09197e-16	
5.26	2.94947e-16	-12.5664	5.36	0	0.3	5.16602e-11	0.1	-2.94947e-16	
5.29	1.32006e-16	-12.5664	5.39	0	0.3	4.39142e-11	0.1	-1.32006e-16	
5.32	4.01203e-17	-12.5664	5.42	0	0.3	3.73288e-11	0.1	-4.01203e-17	
5.35	-1.2282e-16	-12.5664	5.45	0	0.3	3.17331e-11	0.1	1.2282e-16	
5.38	-2.3247e-16	-12.5664	5.48	0	0.3	2.69758e-11	0.1	2.3247e-16	
5.41	-2.23753e-17	-12.5664	5.51	0	0.3	2.29253e-11	0.1	2.23753e-17	
5.44	1.34429e-16	-12.5664	5.54	0	0.3	1.9483e-11	0.1	-1.34429e-16	
5.47	1.66887e-16	-12.5664	5.57	0	0.3	1.65595e-11	0.1	-1.66887e-16	
5.5	3.94741e-17	-12.5664	5.6	0	0.3	1.40781e-11	0.1	-3.94741e-17	
5.53	1.96278e-16	-12.5664	5.63	0	0.3	1.19627e-11	0.1	-1.96278e-16	
5.56	-1.99532e-17	-12.5664	5.66	0	0.3	1.01728e-11	0.1	1.99532e-17	
5.59	1.01324e-16	-12.5664	5.69	0	0.3	8.64416e-12	0.1	-1.01324e-16	
5.62	2.04837e-16	-12.5664	5.72	0	0.3	7.34498e-12	0.1	-2.04837e-16	
5.65	-2.9158e-17	-12.5664	5.75	0	0.3	6.24804e-12	0.1	2.9158e-17	
5.68	7.43551e-17	-12.5664	5.78	0	0.3	5.30857e-12	0.1	-7.43551e-17	
5.71	1.06814e-16	-12.5664	5.81	0	0.3	4.51139e-12	0.1	-1.06814e-16	
5.74	8.59821e-17	-12.5664	5.84	0	0.3	3.83491e-12	0.1	-8.59821e-17	
5.77	1.00677e-16	-12.5664	5.87	0	0.3	3.25915e-12	0.1	-1.00677e-16	
5.8	-9.77902e-17	-12.5664	5.9	0	0.3	2.77451e-12	0.1	9.77902e-17	
5.83	-1.36386e-16	-12.5664	5.93	0	0.3	2.35942e-12	0.1	1.36386e-16	
5.86	-3.28725e-17	-12.5664	5.96	0	0.3	2.00349e-12	0.1	3.28725e-17	
5.89	5.2877e-17	-12.5664	5.99	0	0.3	1.70111e-12	0.1	-5.2877e-17	
5.92	1.20863e-16	-12.5664	6.02	0	0.3	1.44429e-12	0.1	-1.20863e-16	
5.95	-2.43138e-17	-12.5664	6.05	0	0.3	1.23065e-12	0.1	2.43138e-17	
5.98	-1.162e-16	-12.5664	6.08	0	0.3	1.04817e-12	0.1	1.162e-16	
6.01	-8.37411e-17	-12.5664	6.11	0	0.3	8.90476e-13	0.1	8.37411e-17	
6.04	-1.04573e-16	-12.5664	6.14	0	0.3	7.57562e-13	0.1	1.04573e-16	
6.07	5.22308e-17	-12.5664	6.17	0	0.3	6.40635e-13	0.1	-5.22308e-17	
6.1	1.36354e-17	-12.5664	6.2	0	0.3	5.4529e-13	0.1	-1.36354e-17	
6.13	1.17149e-16	-12.5664	6.23	0	0.3	4.61137e-13	0.1	-1.17149e-16	
6.16	9.63167e-17	-12.5664	6.26	0	0.3	3.92172e-13	0.1	-9.63167e-17	
6.19	3.99577e-17	-12.5664	6.29	0	0.3	3.34397e-13	0.1	-3.99577e-17	
6.22	9.01801e-17	-12.5664	6.32	0	0.3	2.83018e-13	0.1	-9.01801e-17	
6.25	8.71118e-17	-12.5664	6.35	0	0.3	2.40431e-13	0.1	-8.71118e-17	
6.28	2.26152e-16	-12.5664	6.38	0	0.3	2.01042e-13	0.1	-2.26152e-16	
6.31	4.54481e-17	-12.5664	6.41	0	0.3	1.74443e-13	0.1	-4.54481e-17	
6.34	9.56705e-17	-12.5664	6.44	0	0.3	1.47044e-13	0.1	-9.56705e-17	
6.37	-3.17428e-17	-12.5664	6.47	0	0.3	1.27639e-13	0.1	3.17428e-17	
6.4	-8.81018e-17	-12.5664	6.5	0	0.3	1.09833e-13	0.1	8.81018e-17	
6.43	-1.26697e-16	-12.5664	6.53	0	0.3	9.44244e-14	0.1	1.26697e-16	
6.46	-2.0082e-16	-12.5664	6.56	0	0.3	8.22136e-14	0.1	2.0082e-16	
6.49	-8.48882e-18	-12.5664	6.59	0	0.3	6.60059e-14	0.1	8.48882e-18	
6.52	9.50243e-17	-12.5664	6.62	0	0.3	5.37951e-14	0.1	-9.50243e-17	
6.55	5.64289e-17	-12.5664	6.65	0	0.3	4.63804e-14	0.1	-5.64289e-17	
6.58	1.77706e-16	-12.5664	6.68	0	0.3	3.65677e-14	0.1	-1.77706e-16	
6.61	1.03583e-16	-12.5664	6.71	0	0.3	3.23504e-14	0.1	-1.03583e-16	
6.64	1.36042e-16	-12.5664	6.74	0	0.3	2.65345e-14	0.1	-1.36042e-16	
6.67	-8.01893e-17	-12.5664	6.77	0	0.3	2.71134e-14	0.1	8.01893e-17	
6.7	1.12142e-16	-12.5664	6.8	0	0.3	1.88994e-14	0.1	-1.12142e-16	
6.73	5.57827e-17	-12.5664	6.83	0	0.3	1.70802e-14	0.1	-5.57827e-17	
6.76	5.27144e-17	-12.5664	6.86	0	0.3	1.44617e-14	0.1	-5.27144e-17	
6.79	1.02937e-16	-12.5664	6.89	0	0.3	1.10439e-14	0.1	-1.02937e-16	
6.82	2.0645e-16	-12.5664	6.92	0	0.3	6.82663e-15	0.1	-2.0645e-16	
6.85	7.98238e-18	-12.5664	6.95	0	0.3	9.80364e-15	0.1	-7.98238e-18	
6.88	1.64786e-16	-12.5664	6.98	0	0.3	4.78705e-15	0.1	-1.64786e-16	
6.91	1.96094e-17	-12.5664	7.01	0	0.3	6.9647e-15	0.1	-1.96094e-17	
6.94	-1.25567e-16	-12.5664	7.04	0	0.3	9.14235e-15	0.1	1.25567e-16	
6.97	8.45271e-17	-12.5664	7.07	0	0.3	3.3264e-15	0.1	-8.45271e-17	
7	-7.35908e-18	-12.5664	7.1	0	0.3	4.70469e-15	0.1	7.35908e-18	
7.03	-9.92452e-17	-12.5664	7.13	0	0.3	6.08298e-15	0.1	9.92452e-17	
7.06	-1.91131e-16	-12.5664	7.16	0	0.3	7.46128e-15	0.1	1.91131e-16	
7.09	-2.83017e-16	-12.5664	7.19	0	0.3	8.83957e-15	0.1	2.83017e-16	
7.12	-3.74904e-16	-12.5664	7.22	0	0.3	1.02179e-14	0.1	3.74904e-16	
7.15	-1.11518e-16	-12.5664	7.25	0	0.3	3.60255e-15	0.1	1.11518e-16	
7.18	-1.50114e-16	-12.5664	7.28	0	0.3	4.18148e-15	0.1	1.50114e-16	
7.21	-1.88709e-16	-12.5664	7.31	0	0.3	4.76041e-15	0.1	1.88709e-16	
7.24	-2.27305e-16	-12.5664	7.34	0	0.3	5.33934e-15	0.1	2.27305e-16	
7.27	-2.659e-16	-12.5664	7.37	0	0.3	5.91827e-15	0.1	2.659e-16	
7.3	-3.04496e-16	-12.5664	7.4	0	0.3	6.4972e-15	0.1	3.04496e-16	
7.33	-3.43091e-16	-12.5664	7.43	0	0.3	7.07614e-15	0.1	3.43091e-16	
7.36	-3.81686e-16	-12.5664	7.46	0	0.3	7.65507e-15	0.1	3.81686e-16	
7.39	-4.20282e-16	-12.5664	7.49	0	0.3	8.234e-15	0.1	4.20282e-16	
7.42	-4.58877e-16	-12.5664	7.52	0	0.3	8.81293e-15	0.1	4.58877e-16	
7.45	-4.97473e-16	-12.5664	7.55	0	0.3	9.39186e-15	0.1	4.97473e-16	
7.48	-1.80797e-16	-12.5664	7.58	0	0.3	1.97719e-15	0.1	1.80797e-16	
7.51	-1.66101e-16	-12.5664	7.61	0	0.3	1.75676e-15	0.1	1.66101e-16	
7.54	-1.51406e-16	-12.5664	7.64	0	0.3	1.53633e-15	0.1	1.51406e-16	
7.57	-1.36711e-16	-12.5664	7.67	0	0.3	1.3159e-15	0.1	1.36711e-16	
7.6	-1.22016e-16	-12.5664	7.7	0	0.3	1.09547e-15	0.1	1.22016e-16	
7.63	-1.0732e-16	-12.5664	7.73	0	0.3	8.75041e-16	0.1	1.0732e-16	
7.66	-9.26251e-17	-12.5664	7.53	0.23	-0.39	3.45	-0.13	0.23	
7.60922	0.0676393	-12.2214	7.53	0.26	-0.0284749	3.11724	-0.0792151	0.192361	
7.57672	0.121142	-11.9096	7.53	0.29	0.198271	2.43387	-0.0467196	0.168858	
7.55833	0.167821	-11.6663	7.53	0.32	0.30483	1.75162	-0.0283278	0.152179	
7.54807	0.210966	-11.4911	7.53	0.35	0.34116	1.23006	-0.0180675	0.139034	
7.54198	0.251318	-11.3681	7.53	0.38	0.346486	0.869952	-0.0119833	0.128682	
7.53813	0.28921	-11.2811	7.53	0.41	0.340827	0.627386	-0.00813344	0.12079	
7.53559	0.325067	-11.2184	7.53	0.44	0.332572	0.462693	-0.00559047	0.114933	
7.53387	0.359337	-11.1721	7.53	0.47	0.324791	0.348621	-0.00386926	0.110663	
7.53269	0.392416	-11.1372	7.53	0.5	0.31838	0.267752	-0.00268853	0.107584	
7.53187	0.42462	-11.1105	7.53	0.53	0.313411	0.209088	-0.00187249	0.10538	
7.53131	0.456191	-11.0895	7.53	0.56	0.309686	0.16561	-0.00130603	0.103809	
7.53091	0.487306	-11.073	7.53	0.59	0.306947	0.132755	-0.000911799	0.102694	
7.53064	0.518097	-11.0597	7.53	0.62	0.304959	0.107496	-0.000636974	0.101903	
7.53045	0.548656	-11.049	7.53	0.65	0.303527	0.0877786	-0.000445183	0.101344	
7.53031	0.579052	-11.0402	7.53	0.68	0.302502	0.0721822	-0.000311239	0.100948	
7.53022	0.609331	-11.033	7.53	0.71	0.301772	0.0597033	-0.000217648	0.100669	
7.53015	0.639528	-11.027	7.53	0.74	0.301253	0.0496202	-0.000152227	0.100472	
7.53011	0.669667	-11.022	7.53	0.77	0.300885	0.0414044	-0.000106486	0.100333	
7.53007	0.699765	-11.0179	7.53	0.8	0.300624	0.0346625	-7.44971e-05	0.100235	
7.53005	0.729835	-11.0144	7.53	0.83	0.30044	0.029097	-5.21226e-05	0.100165	
7.53004	0.759883	-11.0115	7.53	0.86	0.30031	0.0244795	-3.64707e-05	0.100117	
7.53003	0.789918	-11.0091	7.53	0.89	0.300218	0.0206325	-2.55204e-05	0.100082	
7.53002	0.819942	-11.007	7.53	0.92	0.300154	0.0174163	-1.78588e-05	0.100058	
7.53001	0.849959	-11.0053	7.53	0.95	0.300108	0.0147196	-1.24979e-05	0.100041	
7.53001	0.879971	-11.0038	7.53	0.98	0.300076	0.0124531	-8.74653e-06	0.100029	
7.53001	0.90998	-11.0025	7.53	1.01	0.300054	0.0105444	-6.12136e-06	0.10002	
7.53	0.939986	-11.0015	7.53	1.04	0.300038	0.00893434	-4.28422e-06	0.100014	
7.53	0.96999	-11.0006	7.53	1.07	0.300027	0.00757442	-2.99851e-06	0.10001	
7.53	0.999993	-10.9998	7.53	1.1	0.300019	0.00642446	-2.09868e-06	0.100007	
7.53	1.02999	-10.9992	7.53	1.13	0.300013	0.00545117	-1.46891e-06	0.100005	
7.53	1.06	-10.9986	7.53	1.16	0.300009	0.00462678	-1.02813e-06	0.100004	
7.53	1.09	-10.9982	7.53	1.19	0.300007	0.00392807	-7.19631e-07	0.100003	
7.53	1.12	-10.9978	7.53	1.22	0.300005	0.00333558	-5.03704e-07	0.100002	
7.53	1.15	-10.9975	7.53	1.25	0.300003	0.00283296	-3.52569e-07	0.100001	
7.53	1.18	-10.9972	7.53	1.28	0.300002	0.00240641	-2.46784e-07	0.100001	
7.53	1.21	-10.9969	7.53	1.31	0.300002	0.00204433	-1.7274e-07	0.100001	
7.53	1.24	-10.9967	7.53	1.34	0.300001	0.0017369	-1.20913e-07	0.1	
7.53	1.27	-10.9966	7.53	1.37	0.300001	0.00147582	-8.46355e-08	0.1	
7.53	1.3	-10.9964	7.53	1.4	0.300001	0.00125406	-5.92428e-08	0.1	
7.53	1.33	-10.9963	7.53	1.43	0.3	0.00106569	-4.14687e-08	0.1	
7.53	1.36	-10.9962	7.53	1.46	0.3	0.000905646	-2.90273e-08	0.1	
7.53	1.39	-10.9961	7.53	1.49	0.3	0.000769668	-2.03187e-08	0.1	
7.53	1.42	-10.996	7.53	1.52	0.3	0.000654126	-1.42228e-08	0.1	
7.53	1.45	-10.9959	7.53	1.55	0.3	0.000555943	-9.95577e-09	0.1	
7.53	1.48	-10.9959	7.53	1.58	0.3	0.000472507	-6.96893e-09	0.1	
7.53	1.51	-10.9958	7.53	1.61	0.3	0.000401599	-4.87818e-09	0.1	
7.53	1.54	-10.9958	7.53	1.64	0.3	0.000341337	-3.41469e-09	0.1	
7.53	1.57	-10.9958	7.53	1.67	0.3	0.000290121	-2.39026e-09	0.1	
7.53	1.6	-10.9957	7.53	1.7	0.3	0.000246592	-1.67316e-09	0.1	
7.53	1.63	-10.9957	7.53	1.73	0.3	0.000209596	-1.17121e-09	0.1	
7.53	1.66	-10.9957	7.53	1.76	0.3	0.000178151	-8.19838e-10	0.1	
7.53	1.69	-10.9957	7.53	1.79	0.3	0.000151425	-5.73882e-10	0.1	
7.53	1.72	-10.9957	7.53	1.82	0.3	0.000128709	-4.01716e-10	0.1	
7.53	1.75	-10.9956	7.53	1.85	0.3	0.000109401	-2.81199e-10	0.1	
7.53	1.78	-10.9956	7.53	1.88	0.3	9.29892e-05	-1.96839e-10	0.1	
7.53	1.81	-10.9956	7.53	1.91	0.3	7.90399e-05	-1.37787e-10	0.1	
7.53	1.84	-10.9956	7.53	1.94	0.3	6.71833e-05	-9.645e-11	0.1	
7.53	1.87	-10.9956	7.53	1.97	0.3	5.71054e-05	-6.75149e-11	0.1	
7.53	1.9	-10.9956	7.53	2	0.3	4.85393e-05	-4.726e-11	0.1	
7.53	1.93	-10.9956	7.53	2.03	0.3	4.12582e-05	-3.3082e-11	0.1	
7.53	1.96	-10.9956	7.53	2.06	0.3	3.50693e-05	-2.31575e-11	0.1	
7.53	1.99	-10.9956	7.53	2.09	0.3	2.98088e-05	-1.62101e-11	0.1	
7.53	2.02	-10.9956	7.53	2.12	0.3	2.53374e-05	-1.13465e-11	0.1	
7.53	2.05	-10.9956	7.53	2.15	0.3	2.15367e-05	-7.94298e-12	0.1	
7.53	2.08	-10.9956	7.53	2.18	0.3	1.83062e-05	-5.56e-12	0.1	
7.53	2.11	-10.9956	7.53	2.21	0.3	1.55602e-05	-3.892e-12	0.1	
7.53	2.14	-10.9956	7.53	2.24	0.3	1.32262e-05	-2.72493e-12	0.1	
7.53	2.17	-10.9956	7.53	2.27	0.3	1.12422e-05	-1.90781e-12	0.1	
7.53	2.2	-10.9956	7.53	2.3	0.3	9.5559e-06	-1.33582e-12	0.1	
7.53	2.23	-10.9956	7.53	2.33	0.3	8.12251e-06	-9.34364e-13	0.1	
7.53	2.26	-10.9956	7.53	2.36	0.3	6.90413e-06	-6.54587e-13	0.1	
7.53	2.29	-10.9956	7.53	2.39	0.3	5.86851e-06	-4.583e-13	0.1	
7.53	2.32	-10.9956	7.53	2.42	0.3	4.98823e-06	-3.19744e-13	0.1	
7.53	2.35	-10.9956	7.53	2.45	0.3	4.23999e-06	-2.23821e-13	0.1	
7.53	2.38	-10.9956	7.53	2.48	0.3	3.60399e-06	-1.57208e-13	0.1	
7.53	2.41	-10.9956	7.53	2.51	0.3	3.06339e-06	-1.09246e-13	0.1	
7.53	2.44	-10.9956	7.53	2.54	0.3	2.60388e-06	-7.72715e-14	0.1	
7.53	2.47	-10.9956	7.53	2.57	0.3	2.2133e-06	-5.41789e-14	0.1	
7.53	2.5	-10.9956	7.53	2.6	0.3	1.88131e-06	-3.81917e-14	0.1	
7.53	2.53	-10.9956	7.53	2.63	0.3	1.59911e-06	-2.66454e-14	0.1	
7.53	2.56	-10.9956	7.53	2.66	0.3	1.35924e-06	-1.86517e-14	0.1	
7.53	2.59	-10.9956	7.53	2.69	0.3	1.15536e-06	-1.24345e-14	0.1	
7.53	2.62	-10.9956	7.53	2.72	0.3	9.82053e-07	-8.88178e-15	0.1	
7.53	2.65	-10.9956	7.53	2.75	0.3	8.34745e-07	-7.10543e-15	0.1	
7.53	2.68	-10.9956	7.53	2.78	0.3	7.09533e-07	-4.44089e-15	0.1	
7.53	2.71	-10.9956	7.53	2.81	0.3	6.03103e-07	-3.55271e-15	0.1	
7.53	2.74	-10.9956	7.53	2.84	0.3	5.12638e-07	-1.77636e-15	0.1	
7.53	2.77	-10.9956	7.53	2.87	0.3	4.35742e-07	-1.77636e-15	0.1	
7.53	2.8	-10.9956	7.53	2.9	0.3	3.70381e-07	-8.88178e-16	0.1	
7.53	2.83	-10.9956	7.53	2.93	0.3	3.14824e-07	0	0.1	
7.53	2.86	-10.9956	7.53	2.96	0.3	2.676e-07	0	0.1	
7.53	2.89	-10.9956	7.53	2.99	0.3	2.2746e-07	0	0.1	
7.53	2.92	-10.9956	7.53	3.02	0.3	1.93341e-07	-8.88178e-16	0.1	
7.53	2.95	-10.9956	7.53	3.05	0.3	1.6434e-07	0	0.1	
7.53	2.98	-10.9956	7.53	3.08	0.3	1.39689e-07	0	0.1	
7.53	3.01	-10.9956	7.53	3.11	0.3	1.18736e-07	0	0.1	
7.53	3.04	-10.9956	7.53	3.14	0.3	1.00925e-07	-8.88178e-16	0.1	
7.53	3.07	-10.9956	7.53	3.17	0.3	8.57864e-08	-8.88178e-16	0.1	
7.53	3.1	-10.9956	7.53	3.2	0.3	7.29185e-08	-8.88178e-16	0.1	
7.53	3.13	-10.9956	7.53	3.23	0.3	6.19807e-08	-8.88178e-16	0.1	
7.53	3.16	-10.9956	7.53	3.26	0.3	5.26836e-08	-8.88178e-16	0.1	
7.53	3.19	-10.9956	7.53	3.29	0.3	4.47811e-08	-8.88178e-16	0.1	
7.53	3.22	-10.9956	7.53	3.32	0.3	3.80639e-08	0	0.1	
7.53	3.25	-10.9956	7.53	3.35	0.3	3.23543e-08	0	0.1	
7.53	3.28	-10.9956	7.53	3.38	0.3	2.75012e-08	0	0.1	
7.53	3.31	-10.9956	7.53	3.41	0.3	2.3376e-08	8.88178e-16	0.1	
7.53	3.34	-10.9956	7.53	3.44	0.3	1.98696e-08	8.88178e-16	0.1	
7.53	3.37	-10.9956	7.53	3.47	0.3	1.68891e-08	8.88178e-16	0.1	
7.53	3.4	-10.9956	7.53	3.5	0.3	1.43558e-08	0	0.1	
7.53	3.43	-10.9956	7.53	3.53	0.3	1.22024e-08	8.88178e-16	0.1	
7.53	3.46	-10.9956	7.53	3.56	0.3	1.0372e-08	8.88178e-16	0.1	
7.53	3.49	-10.9956	7.53	3.59	0.3	8.81625e-09	0	0.1	
7.53	3.52	-10.9956	7.53	3.62	0.3	7.49379e-09	8.88178e-16	0.1	
7.53	3.55	-10.9956	7.53	3.65	0.3	6.36974e-09	0	0.1	
7.53	3.58	-10.9956	7.53	3.68	0.3	5.41429e-09	-8.88178e-16	0.1	
7.53	3.61	-10.9956	7.53	3.71	0.3	4.60213e-09	0	0.1	
7.53	3.64	-10.9956	7.53	3.74	0.3	3.91183e-09	-8.88178e-16	0.1	
7.53	3.67	-10.9956	7.53	3.77	0.3	3.32504e-09	0	0.1	
7.53	3.7	-10.9956	7.53	3.8	0.3	2.82629e-09	0	0.1	
7.53	3.73	-10.9956	7.53	3.83	0.3	2.40234e-09	0	0.1	
7.53	3.76	-10.9956	7.53	3.86	0.3	2.04199e-09	0	0.1	
7.53	3.79	-10.9956	7.53	3.89	0.3	1.73569e-09	0	0.1	
7.53	3.82	-10.9956	7.53	3.92	0.3	1.47534e-09	0	0.1	
7.53	3.85	-10.9956	7.53	3.95	0.3	1.25404e-09	0	0.1	
7.53	3.88	-10.9956	7.53	3.98	0.3	1.06593e-09	0	0.1	
7.53	3.91	-10.9956	7.53	4.01	0.3	9.0604e-10	0	0.1	
7.53	3.94	-10.9956	7.53	4.04	0.3	7.70119e-10	8.88178e-16	0.1	
7.53	3.97	-10.9956	7.53	4.07	0.3	6.54614e-10	0	0.1	
7.53	4	-10.9956	7.53	4.1	0.3	5.56421e-10	0	0.1	
7.53	4.03	-10.9956	7.53	4.13	0.3	4.72944e-10	8.88178e-16	0.1	
7.53	4.06	-10.9956	7.53	4.16	0.3	4.02016e-10	0	0.1	
7.53	4.09	-10.9956	7.53	4.19	0.3	3.41713e-10	0	0.1	
7.53	4.12	-10.9956	7.53	4.22	0.3	2.90455e-10	0	0.1	
7.53	4.15	-10.9956	7.53	4.25	0.3	2.46887e-10	0	0.1	
7.53	4.18	-10.9956	7.53	4.28	0.3	2.0984e-10	8.88178e-16	0.1	
7.53	4.21	-10.9956	7.53	4.31	0.3	1.78363e-10	8.88178e-16	0.1	
7.53	4.24	-10.9956	7.53	4.34	0.3	1.51622e-10	0	0.1	
7.53	4.27	-10.9956	7.53	4.37	0.3	1.28864e-10	8.88178e-16	0.1	
7.53	4.3	-10.9956	7.53	4.4	0.3	1.09549e-10	0	0.1	
7.53	4.33	-10.9956	7.53	4.43	0.3	9.31169e-11	0	0.1	
7.53	4.36	-10.9956	7.53	4.46	0.3	7.91494e-11	0	0.1	
7.53	4.39	-10.9956	7.53	4.49	0.3	6.72762e-11	0	0.1	
7.53	4.42	-10.9956	7.53	4.52	0.3	5.71856e-11	0	0.1	
7.53	4.45	-10.9956	7.53	4.55	0.3	4.86085e-11	0	0.1	
7.53	4.48	-10.9956	7.53	4.58	0.3	4.13316e-11	-8.88178e-16	0.1	
7.53	4.51	-10.9956	7.53	4.61	0.3	3.51179e-11	0	0.1	
7.53	4.54	-10.9956	7.53	4.64	0.3	2.98501e-11	0	0.1	
7.53	4.57	-10.9956	7.53	4.67	0.3	2.53737e-11	0	0.1	
7.53	4.6	-10.9956	7.53	4.7	0.3	2.15688e-11	0	0.1	
7.53	4.63	-10.9956	7.53	4.73	0.3	1.8334e-11	0	0.1	
7.53	4.66	-10.9956	7.53	4.76	0.3	1.55975e-11	-8.88178e-16	0.1	
7.53	4.69	-10.9956	7.53	4.79	0.3	1.32448e-11	0	0.1	
7.53	4.72	-10.9956	7.53	4.82	0.3	1.1257e-11	0	0.1	
7.53	4.75	-10.9956	7.53	4.85	0.3	9.55438e-12	8.88178e-16	0.1	
7.53	4.78	-10.9956	7.53	4.88	0.3	8.12086e-12	8.88178e-16	0.1	
7.53	4.81	-10.9956	7.53	4.91	0.3	6.90317e-12	8.88178e-16	0.1	
7.53	4.84	-10.9956	7.53	4.94	0.3	5.87999e-12	0	0.1	
7.53	4.87	-10.9956	7.53	4.97	0.3	4.9847e-12	8.88178e-16	0.1	
7.53	4.9	-10.9956	7.53	5	0.3	4.24929e-12	0	0.1	
7.53	4.93	-10.9956	7.53	5.03	0.3	3.61247e-12	0	0.1	
7.53	4.96	-10.9956	7.53	5.06	0.3	3.07157e-12	0	0.1	
7.53	4.99	-10.9956	7.53	5.09	0.3	2.6106e-12	0	0.1	
7.53	5.02	-10.9956	7.53	5.12	0.3	2.21891e-12	0	0.1	
7.53	5.05	-10.9956	7.53	5.15	0.3	1.88585e-12	0	0.1	
7.53	5.08	-10.9956	7.53	5.18	0.3	1.60341e-12	0	0.1	
7.53	5.11	-10.9956	7.53	5.21	0.3	1.3636e-12	0	0.1	
7.53	5.14	-10.9956	7.53	5.24	0.3	1.15843e-12	0	0.1	
7.53	5.17	-10.9956	7.53	5.27	0.3	9.85235e-13	0	0.1	
7.53	5.2	-10.9956	7.53	5.3	0.3	8.38686e-13	0	0.1	
7.53	5.23	-10.9956	7.53	5.33	0.3	7.13453e-13	0	0.1	
7.53	5.26	-10.9956	7.53	5.36	0.3	6.06871e-13	0	0.1	
7.53	5.29	-10.9956	7.53	5.39	0.3	5.296e-13	-8.88178e-16	0.1	
7.53	5.32	-10.9956	7.53	5.42	0.3	4.49664e-13	-8.88178e-16	0.1	
7.53	5.35	-10.9956	7.53	5.45	0.3	3.8305e-13	-8.88178e-16	0.1	
7.53	5.38	-10.9956	7.53	5.48	0.3	3.11108e-13	0	0.1	
7.53	5.41	-10.9956	7.53	5.51	0.3	2.63146e-13	0	0.1	
7.53	5.44	-10.9956	7.53	5.54	0.3	2.23178e-13	0	0.1	
7.53	5.47	-10.9956	7.53	5.57	0.3	1.75216e-13	8.88178e-16	0.1	
7.53	5.5	-10.9956	7.53	5.6	0.3	1.48571e-13	8.88178e-16	0.1	
7.53	5.53	-10.9956	7.53	5.63	0.3	1.40577e-13	0	0.1	
7.53	5.56	-10.9956	7.53	5.66	0.3	1.19261e-13	0	0.1	
7.53	5.59	-10.9956	7.53	5.69	0.3	1.00609e-13	0	0.1	
7.53	5.62	-10.9956	7.53	5.72	0.3	8.46222e-14	0	0.1	
7.53	5.65	-10.9956	7.53	5.75	0.3	7.12995e-14	0	0.1	
7.53	5.68	-10.9956	7.53	5.78	0.3	6.06414e-14	0	0.1	
7.53	5.71	-10.9956	7.53	5.81	0.3	5.26478e-14	0	0.1	
7.53	5.74	-10.9956	7.53	5.84	0.3	4.46542e-14	0	0.1	
7.53	5.77	-10.9956	7.53	5.87	0.3	3.66606e-14	0	0.1	
7.53	5.8	-10.9956	7.53	5.9	0.3	3.13315e-14	0	0.1	
7.53	5.83	-10.9956	7.53	5.93	0.3	2.60024e-14	0	0.1	
7.53	5.86	-10.9956	7.53	5.96	0.3	3.66606e-14	-8.88178e-16	0.1	
7.53	5.89	-10.9956	7.53	5.99	0.3	3.13315e-14	-8.88178e-16	0.1	
7.53	5.92	-10.9956	7.53	6.02	0.3	1.26798e-14	0	0.1	
7.53	5.95	-10.9956	7.53	6.05	0.3	1.00152e-14	0	0.1	
7.53	5.98	-10.9956	7.53	6.08	0.3	-5.97199e-15	8.88178e-16	0.1	
7.53	6.01	-10.9956	7.53	6.11	0.3	-5.97199e-15	8.88178e-16	0.1	
7.53	6.04	-10.9956	7.53	6.14	0.3	-5.97199e-15	8.88178e-16	0.1	
7.53	6.07	-10.9956	7.53	6.17	0.3	-5.97199e-15	8.88178e-16	0.1	
7.53	6.1	-10.9956	7.53	6.2	0.3	-5.97199e-15	8.88178e-16	0.1	
7.53	6.13	-10.9956	7.53	6.23	0.3	-5.97199e-15	8.88178e-16	0.1	
7.53	6.16	-10.9956	7.53	6.26	0.3	-5.97199e-15	8.88178e-16	0.1	
7.53	6.19	-10.9956	7.53	6.29	0.3	-5.97199e-15	8.88178e-16	0.1	
7.53	6.22	-10.9956	7.53	6.32	0.3	-5.97199e-15	8.88178e-16	0.1	
7.53	6.25	-10.9956	7.53	6.35	0.3	-5.97199e-15	8.88178e-16	0.1	
7.53	6.28	-10.9956	7.53	6.38	0.3	-5.97199e-15	8.88178e-16	0.1	
7.53	6.31	-10.9956	7.53	6.41	0.3	-5.97199e-15	8.88178e-16	0.1	
7.53	6.34	-10.9956	7.53	6.44	0.3	-5.97199e-15	8.88178e-16	0.1	
7.53	6.37	-10.9956	7.53	6.47	0.3	-5.97199e-15	8.88178e-16	0.1	
7.53	6.4	-10.9956	7.53	6.5	0.3	-5.97199e-15	8.88178e-16	0.1	
7.53	6.43	-10.9956	7.53	6.53	0.3	-5.97199e-15	8.88178e-16	0.1	
7.53	6.46	-10.9956	7.53	6.56	0.3	-5.97199e-15	8.88178e-16	0.1	
7.53	6.49	-10.9956	7.53	6.59	0.3	-5.97199e-15	8.88178e-16	0.1	
7.53	6.52	-10.9956	7.53	6.62	0.3	-5.97199e-15	8.88178e-16	0.1	
7.53	6.55	-10.9956	7.53	6.65	0.3	-5.97199e-15	8.88178e-16	0.1	
7.53	6.58	-10.9956	7.53	6.68	0.3	-5.97199e-15	8.88178e-16	0.1	
7.53	6.61	-10.9956	7.53	6.71	0.3	-5.97199e-15	8.88178e-16	0.1	
7.53	6.64	-10.9956	7.53	6.74	0.3	-5.97199e-15	8.88178e-16	0.1	
7.53	6.67	-10.9956	7.53	6.77	0.3	-5.97199e-15	8.88178e-16	0.1	
7.53	6.7	-10.9956	7.53	6.8	0.3	-5.97199e-15	8.88178e-16	0.1	
7.53	6.73	-10.9956	7.53	6.83	0.3	-5.97199e-15	8.88178e-16	0.1	
7.53	6.76	-10.9956	7.53	6.86	0.3	-5.97199e-15	8.88178e-16	0.1	
7.53	6.79	-10.9956	7.53	6.89	0.3	-5.97199e-15	8.88178e-16	0.1	
7.53	6.82	-10.9956	7.53	6.92	0.3	-5.97199e-15	8.88178e-16	0.1	
7.53	6.85	-10.9956	7.53	6.95	0.3	-5.97199e-15	8.88178e-16	0.1	
7.53	6.88	-10.9956	7.53	6.98	0.3	-5.97199e-15	8.88178e-16	0.1	
7.53	6.91	-10.9956	7.53	7.01	0.3	-5.97199e-15	8.88178e-16	0.1	
7.53	6.94	-10.9956	7.53	7.04	0.3	-5.97199e-15	8.88178e-16	0.1	
7.53	6.97	-10.9956	7.53	7.07	0.3	-5.97199e-15	8.88178e-16	0.1	
7.53	7	-10.9956	7.53	7.1	0.3	-5.97199e-15	8.88178e-16	0.1	
7.53	7.03	-10.9956	7.53	7.13	0.3	-5.97199e-15	8.88178e-16	0.1	
7.53	7.06	-10.9956	7.53	7.16	0.3	-5.97199e-15	8.88178e-16	0.1	
7.53	7.09	-10.9956	7.53	7.19	0.3	-5.97199e-15	8.88178e-16	0.1	
7.53	7.12	-10.9956	7.53	7.22	0.3	-5.97199e-15	8.88178e-16	0.1	
7.53	7.15	-10.9956	7.53	7.25	0.3	-5.97199e-15	8.88178e-16	0.1	
7.53	7.18	-10.9956	7.53	7.28	0.3	-5.97199e-15	8.88178e-16	0.1	
7.53	7.21	-10.9956	7.53	7.31	0.3	-5.97199e-15	8.88178e-16	0.1	
7.53	7.24	-10.9956	7.53	7.34	0.3	-5.97199e-15	8.88178e-16	0.1	
7.53	7.27	-10.9956	7.53	7.37	0.3	-5.97199e-15	8.88178e-16	0.1	
7.53	7.3	-10.9956	7.53	7.4	0.3	-5.97199e-15	8.88178e-16	0.1	
7.53	7.33	-10.9956	7.53	7.43	0.3	-5.97199e-15	8.88178e-16	0.1	
7.53	7.36	-10.9956	7.53	7.46	0.3	-5.97199e-15	8.88178e-16	0.1	
7.53	7.39	-10.9956	7.53	7.49	0.3	-5.97199e-15	8.88178e-16	0.1	
7.53	7.42	-10.9956	7.53	7.52	0.3	-5.97199e-15	8.88178e-16	0.1	
7.53	7.45	-10.9956	7.53	7.55	0.3	-5.97199e-15	8.88178e-16	0.1	
7.53	7.48	-10.9956	7.53	7.58	0.3	-5.97199e-15	8.88178e-16	0.1	
7.53	7.51	-10.9956	7.53	7.61	0.3	-5.97199e-15	8.88178e-16	0.1	
7.53	7.54	-10.9956	7.53	7.64	0.3	-5.97199e-15	8.88178e-16	0.1	
7.53	7.57	-10.9956	7.53	7.67	0.3	-5.97199e-15	8.88178e-16	0.1	
7.53	7.6	-10.9956	7.53	7.7	0.3	-5.97199e-15	8.88178e-16	0.1	
7.53	7.63	-10.9956	7.3	7.5	-0.39	3.45	-0.23	-0.13	
7.46236	7.57922	-10.6506	7.27	7.5	-0.0284749	3.11724	-0.192361	-0.0792151	
7.40886	7.54672	-10.3389	7.24	7.5	0.198271	2.43387	-0.168858	-0.0467196	
7.36218	7.52833	-10.0955	7.21	7.5	0.30483	1.75162	-0.152179	-0.0283278	
7.31903	7.51807	-9.9203	7.18	7.5	0.34116	1.23006	-0.139034	-0.0180675	
7.27868	7.51198	-9.7973	7.15	7.5	0.346486	0.869952	-0.128682	-0.0119833	
7.24079	7.50813	-9.7103	7.12	7.5	0.340827	0.627386	-0.12079	-0.00813344	
7.20493	7.50559	-9.64756	7.09	7.5	0.332572	0.462693	-0.114933	-0.00559047	
7.17066	7.50387	-9.60129	7.06	7.5	0.324791	0.348621	-0.110663	-0.00386926	
7.13758	7.50269	-9.56643	7.03	7.5	0.31838	0.267752	-0.107584	-0.00268853	
7.10538	7.50187	-9.53965	7	7.5	0.313411	0.209088	-0.10538	-0.00187249	
7.07381	7.50131	-9.51875	6.97	7.5	0.309686	0.16561	-0.103809	-0.00130603	
7.04269	7.50091	-9.50219	6.94	7.5	0.306947	0.132755	-0.102694	-0.000911799	
7.0119	7.50064	-9.48891	6.91	7.5	0.304959	0.107496	-0.101903	-0.000636974	
6.98134	7.50045	-9.47816	6.88	7.5	0.303527	0.0877786	-0.101344	-0.000445183	
6.95095	7.50031	-9.46938	6.85	7.5	0.302502	0.0721822	-0.100948	-0.000311239	
6.92067	7.50022	-9.46216	6.82	7.5	0.301772	0.0597033	-0.100669	-0.000217648	
6.89047	7.50015	-9.45619	6.79	7.5	0.301253	0.0496202	-0.100472	-0.000152227	
6.86033	7.50011	-9.45123	6.76	7.5	0.300885	0.0414044	-0.100333	-0.000106486	
6.83023	7.50007	-9.44709	6.73	7.5	0.300624	0.0346625	-0.100235	-7.44971e-05	
6.80017	7.50005	-9.44362	6.7	7.5	0.30044	0.029097	-0.100165	-5.21226e-05	
6.77012	7.50004	-9.44072	6.67	7.5	0.30031	0.0244795	-0.100117	-3.64707e-05	
6.74008	7.50003	-9.43827	6.64	7.5	0.300218	0.0206325	-0.100082	-2.55204e-05	
6.71006	7.50002	-9.4362	6.61	7.5	0.300154	0.0174163	-0.100058	-1.78588e-05	
6.68004	7.50001	-9.43446	6.58	7.5	0.300108	0.0147196	-0.100041	-1.24979e-05	
6.65003	7.50001	-9.43299	6.55	7.5	0.300076	0.0124531	-0.100029	-8.74653e-06	
6.62002	7.50001	-9.43174	6.52	7.5	0.300054	0.0105444	-0.10002	-6.12136e-06	
6.59001	7.5	-9.43069	6.49	7.5	0.300038	0.00893434	-0.100014	-4.28422e-06	
6.56001	7.5	-9.4298	6.46	7.5	0.300027	0.00757442	-0.10001	-2.99851e-06	
6.53001	7.5	-9.42904	6.43	7.5	0.300019	0.00642446	-0.100007	-2.09868e-06	
6.50001	7.5	-9.4284	6.4	7.5	0.300013	0.00545117	-0.100005	-1.46891e-06	
6.47	7.5	-9.42785	6.37	7.5	0.300009	0.00462678	-0.100004	-1.02813e-06	
6.44	7.5	-9.42739	6.34	7.5	0.300007	0.00392807	-0.100003	-7.19631e-07	
6.41	7.5	-9.427	6.31	7.5	0.300005	0.00333558	-0.100002	-5.03704e-07	
6.38	7.5	-9.42666	6.28	7.5	0.300003	0.00283296	-0.100001	-3.52569e-07	
6.35	7.5	-9.42638	6.25	7.5	0.300002	0.00240641	-0.100001	-2.46784e-07	
6.32	7.5	-9.42614	6.22	7.5	0.300002	0.00204433	-0.100001	-1.7274e-07	
6.29	7.5	-9.42593	6.19	7.5	0.300001	0.0017369	-0.1	-1.20913e-07	
6.26	7.5	-9.42576	6.16	7.5	0.300001	0.00147582	-0.1	-8.46355e-08	
6.23	7.5	-9.42561	6.13	7.5	0.300001	0.00125406	-0.1	-5.92428e-08	
6.2	7.5	-9.42549	6.1	7.5	0.3	0.00106569	-0.1	-4.14687e-08	
6.17	7.5	-9.42538	6.07	7.5	0.3	0.000905646	-0.1	-2.90273e-08	
6.14	7.5	-9.42529	6.04	7.5	0.3	0.000769668	-0.1	-2.03187e-08	
6.11	7.5	-9.42521	6.01	7.5	0.3	0.000654126	-0.1	-1.42228e-08	
6.08	7.5	-9.42515	5.98	7.5	0.3	0.000555943	-0.1	-9.95577e-09	
6.05	7.5	-9.42509	5.95	7.5	0.3	0.000472507	-0.1	-6.96893e-09	
6.02	7.5	-9.42505	5.92	7.5	0.3	0.000401599	-0.1	-4.87818e-09	
5.99	7.5	-9.42501	5.89	7.5	0.3	0.000341337	-0.1	-3.41469e-09	
5.96	7.5	-9.42497	5.86	7.5	0.3	0.000290121	-0.1	-2.39026e-09	
5.93	7.5	-9.42494	5.83	7.5	0.3	0.000246592	-0.1	-1.67316e-09	
5.9	7.5	-9.42492	5.8	7.5	0.3	0.000209596	-0.1	-1.17121e-09	
5.87	7.5	-9.4249	5.77	7.5	0.3	0.000178151	-0.1	-8.19838e-10	
5.84	7.5	-9.42488	5.74	7.5	0.3	0.000151425	-0.1	-5.73882e-10	
5.81	7.5	-9.42486	5.71	7.5	0.3	0.000128709	-0.1	-4.01716e-10	
5.78	7.5	-9.42485	5.68	7.5	0.3	0.000109401	-0.1	-2.81199e-10	
5.75	7.5	-9.42484	5.65	7.5	0.3	9.29892e-05	-0.1	-1.96839e-10	
5.72	7.5	-9.42483	5.62	7.5	0.3	7.90399e-05	-0.1	-1.37787e-10	
5.69	7.5	-9.42482	5.59	7.5	0.3	6.71833e-05	-0.1	-9.645e-11	
5.66	7.5	-9.42482	5.56	7.5	0.3	5.71054e-05	-0.1	-6.75149e-11	
5.63	7.5	-9.42481	5.53	7.5	0.3	4.85393e-05	-0.1	-4.726e-11	
5.6	7.5	-9.42481	5.5	7.5	0.3	4.12582e-05	-0.1	-3.3082e-11	
5.57	7.5	-9.4248	5.47	7.5	0.3	3.50693e-05	-0.1	-2.31575e-11	
5.54	7.5	-9.4248	5.44	7.5	0.3	2.98088e-05	-0.1	-1.62101e-11	
5.51	7.5	-9.42479	5.41	7.5	0.3	2.53374e-05	-0.1	-1.13465e-11	
5.48	7.5	-9.42479	5.38	7.5	0.3	2.15367e-05	-0.1	-7.94298e-12	
5.45	7.5	-9.42479	5.35	7.5	0.3	1.83062e-05	-0.1	-5.56e-12	
5.42	7.5	-9.42479	5.32	7.5	0.3	1.55602e-05	-0.1	-3.892e-12	
5.39	7.5	-9.42479	5.29	7.5	0.3	1.32262e-05	-0.1	-2.72493e-12	
5.36	7.5	-9.42479	5.26	7.5	0.3	1.12422e-05	-0.1	-1.90781e-12	
5.33	7.5	-9.42478	5.23	7.5	0.3	9.5559e-06	-0.1	-1.33582e-12	
5.3	7.5	-9.42478	5.2	7.5	0.3	8.12251e-06	-0.1	-9.35252e-13	
5.27	7.5	-9.42478	5.17	7.5	0.3	6.90413e-06	-0.1	-6.54587e-13	
5.24	7.5	-9.42478	5.14	7.5	0.3	5.86851e-06	-0.1	-4.583e-13	
5.21	7.5	-9.42478	5.11	7.5	0.3	4.98823e-06	-0.1	-3.19744e-13	
5.18	7.5	-9.42478	5.08	7.5	0.3	4.23999e-06	-0.1	-2.23821e-13	
5.15	7.5	-9.42478	5.05	7.5	0.3	3.60399e-06	-0.1	-1.57208e-13	
5.12	7.5	-9.42478	5.02	7.5	0.3	3.06339e-06	-0.1	-1.09246e-13	
5.09	7.5	-9.42478	4.99	7.5	0.3	2.60388e-06	-0.1	-7.72715e-14	
5.06	7.5	-9.42478	4.96	7.5	0.3	2.2133e-06	-0.1	-5.41789e-14	
5.03	7.5	-9.42478	4.93	7.5	0.3	1.88131e-06	-0.1	-3.81917e-14	
5	7.5	-9.42478	4.9	7.5	0.3	1.59911e-06	-0.1	-2.66454e-14	
4.97	7.5	-9.42478	4.87	7.5	0.3	1.35924e-06	-0.1	-1.86517e-14	
4.94	7.5	-9.42478	4.84	7.5	0.3	1.15536e-06	-0.1	-1.24345e-14	
4.91	7.5	-9.42478	4.81	7.5	0.3	9.82053e-07	-0.1	-8.88178e-15	
4.88	7.5	-9.42478	4.78	7.5	0.3	8.34745e-07	-0.1	-7.10543e-15	
4.85	7.5	-9.42478	4.75	7.5	0.3	7.09533e-07	-0.1	-4.44089e-15	
4.82	7.5	-9.42478	4.72	7.5	0.3	6.03103e-07	-0.1	-3.55271e-15	
4.79	7.5	-9.42478	4.69	7.5	0.3	5.12638e-07	-0.1	-1.77636e-15	
4.76	7.5	-9.42478	4.66	7.5	0.3	4.35742e-07	-0.1	-1.77636e-15	
4.73	7.5	-9.42478	4.63	7.5	0.3	3.70381e-07	-0.1	-8.88178e-16	
4.7	7.5	-9.42478	4.6	7.5	0.3	3.14824e-07	-0.1	0	
4.67	7.5	-9.42478	4.57	7.5	0.3	2.676e-07	-0.1	0	
4.64	7.5	-9.42478	4.54	7.5	0.3	2.2746e-07	-0.1	0	
4.61	7.5	-9.42478	4.51	7.5	0.3	1.93341e-07	-0.1	-8.88178e-16	
4.58	7.5	-9.42478	4.48	7.5	0.3	1.6434e-07	-0.1	0	
4.55	7.5	-9.42478	4.45	7.5	0.3	1.39689e-07	-0.1	0	
4.52	7.5	-9.42478	4.42	7.5	0.3	1.18736e-07	-0.1	0	
4.49	7.5	-9.42478	4.39	7.5	0.3	1.00925e-07	-0.1	-8.88178e-16	
4.46	7.5	-9.42478	4.36	7.5	0.3	8.57864e-08	-0.1	-8.88178e-16	
4.43	7.5	-9.42478	4.33	7.5	0.3	7.29185e-08	-0.1	-8.88178e-16	
4.4	7.5	-9.42478	4.3	7.5	0.3	6.19807e-08	-0.1	-8.88178e-16	
4.37	7.5	-9.42478	4.27	7.5	0.3	5.26836e-08	-0.1	-8.88178e-16	
4.34	7.5	-9.42478	4.24	7.5	0.3	4.47811e-08	-0.1	-8.88178e-16	
4.31	7.5	-9.42478	4.21	7.5	0.3	3.80639e-08	-0.1	0	
4.28	7.5	-9.42478	4.18	7.5	0.3	3.23543e-08	-0.1	0	
4.25	7.5	-9.42478	4.15	7.5	0.3	2.75012e-08	-0.1	0	
4.22	7.5	-9.42478	4.12	7.5	0.3	2.3376e-08	-0.1	8.88178e-16	
4.19	7.5	-9.42478	4.09	7.5	0.3	1.98696e-08	-0.1	8.88178e-16	
4.16	7.5	-9.42478	4.06	7.5	0.3	1.68891e-08	-0.1	8.88178e-16	
4.13	7.5	-9.42478	4.03	7.5	0.3	1.43558e-08	-0.1	0	
4.1	7.5	-9.42478	4	7.5	0.3	1.22024e-08	-0.1	8.88178e-16	
4.07	7.5	-9.42478	3.97	7.5	0.3	1.0372e-08	-0.1	8.88178e-16	
4.04	7.5	-9.42478	3.94	7.5	0.3	8.81625e-09	-0.1	0	
4.01	7.5	-9.42478	3.91	7.5	0.3	7.49379e-09	-0.1	8.88178e-16	
3.98	7.5	-9.42478	3.88	7.5	0.3	6.36974e-09	-0.1	0	
3.95	7.5	-9.42478	3.85	7.5	0.3	5.41429e-09	-0.1	-8.88178e-16	
3.92	7.5	-9.42478	3.82	7.5	0.3	4.60213e-09	-0.1	0	
3.89	7.5	-9.42478	3.79	7.5	0.3	3.91183e-09	-0.1	-8.88178e-16	
3.86	7.5	-9.42478	3.76	7.5	0.3	3.32504e-09	-0.1	0	
3.83	7.5	-9.42478	3.73	7.5	0.3	2.82629e-09	-0.1	0	
3.8	7.5	-9.42478	3.7	7.5	0.3	2.40234e-09	-0.1	0	
3.77	7.5	-9.42478	3.67	7.5	0.3	2.04199e-09	-0.1	0	
3.74	7.5	-9.42478	3.64	7.5	0.3	1.73569e-09	-0.1	0	
3.71	7.5	-9.42478	3.61	7.5	0.3	1.47534e-09	-0.1	0	
3.68	7.5	-9.42478	3.58	7.5	0.3	1.25404e-09	-0.1	0	
3.65	7.5	-9.42478	3.55	7.5	0.3	1.06593e-09	-0.1	0	
3.62	7.5	-9.42478	3.52	7.5	0.3	9.0604e-10	-0.1	0	
3.59	7.5	-9.42478	3.49	7.5	0.3	7.70119e-10	-0.1	8.88178e-16	
3.56	7.5	-9.42478	3.46	7.5	0.3	6.54614e-10	-0.1	0	
3.53	7.5	-9.42478	3.43	7.5	0.3	5.56421e-10	-0.1	0	
3.5	7.5	-9.42478	3.4	7.5	0.3	4.72944e-10	-0.1	8.88178e-16	
3.47	7.5	-9.42478	3.37	7.5	0.3	4.02017e-10	-0.1	0	
3.44	7.5	-9.42478	3.34	7.5	0.3	3.41713e-10	-0.1	0	
3.41	7.5	-9.42478	3.31	7.5	0.3	2.90455e-10	-0.1	0	
3.38	7.5	-9.42478	3.28	7.5	0.3	2.46887e-10	-0.1	0	
3.35	7.5	-9.42478	3.25	7.5	0.3	2.0984e-10	-0.1	8.88178e-16	
3.32	7.5	-9.42478	3.22	7.5	0.3	1.78363e-10	-0.1	8.88178e-16	
3.29	7.5	-9.42478	3.19	7.5	0.3	1.51622e-10	-0.1	0	
3.26	7.5	-9.42478	3.16	7.5	0.3	1.28864e-10	-0.1	8.88178e-16	
3.23	7.5	-9.42478	3.13	7.5	0.3	1.09549e-10	-0.1	0	
3.2	7.5	-9.42478	3.1	7.5	0.3	9.3117e-11	-0.1	0	
3.17	7.5	-9.42478	3.07	7.5	0.3	7.91495e-11	-0.1	0	
3.14	7.5	-9.42478	3.04	7.5	0.3	6.72763e-11	-0.1	0	
3.11	7.5	-9.42478	3.01	7.5	0.3	5.71857e-11	-0.1	0	
3.08	7.5	-9.42478	2.98	7.5	0.3	4.86086e-11	-0.1	0	
3.05	7.5	-9.42478	2.95	7.5	0.3	4.13317e-11	-0.1	-8.88178e-16	
3.02	7.5	-9.42478	2.92	7.5	0.3	3.5118e-11	-0.1	0	
2.99	7.5	-9.42478	2.89	7.5	0.3	2.98502e-11	-0.1	0	
2.96	7.5	-9.42478	2.86	7.5	0.3	2.53738e-11	-0.1	0	
2.93	7.5	-9.42478	2.83	7.5	0.3	2.15689e-11	-0.1	0	
2.9	7.5	-9.42478	2.8	7.5	0.3	1.83341e-11	-0.1	0	
2.87	7.5	-9.42478	2.77	7.5	0.3	1.55976e-11	-0.1	-8.88178e-16	
2.84	7.5	-9.42478	2.74	7.5	0.3	1.32449e-11	-0.1	0	
2.81	7.5	-9.42478	2.71	7.5	0.3	1.12571e-11	-0.1	0	
2.78	7.5	-9.42478	2.68	7.5	0.3	9.55447e-12	-0.1	8.88178e-16	
2.75	7.5	-9.42478	2.65	7.5	0.3	8.12095e-12	-0.1	8.88178e-16	
2.72	7.5	-9.42478	2.62	7.5	0.3	6.90326e-12	-0.1	8.88178e-16	
2.69	7.5	-9.42478	2.59	7.5	0.3	5.88008e-12	-0.1	0	
2.66	7.5	-9.42478	2.56	7.5	0.3	4.98479e-12	-0.1	8.88178e-16	
2.63	7.5	-9.42478	2.53	7.5	0.3	4.24938e-12	-0.1	0	
2.6	7.5	-9.42478	2.5	7.5	0.3	3.61256e-12	-0.1	0	
2.57	7.5	-9.42478	2.47	7.5	0.3	3.07166e-12	-0.1	0	
2.54	7.5	-9.42478	2.44	7.5	0.3	2.61069e-12	-0.1	0	
2.51	7.5	-9.42478	2.41	7.5	0.3	2.21901e-12	-0.1	0	
2.48	7.5	-9.42478	2.38	7.5	0.3	1.88594e-12	-0.1	0	
2.45	7.5	-9.42478	2.35	7.5	0.3	1.6035e-12	-0.1	0	
2.42	7.5	-9.42478	2.32	7.5	0.3	1.36369e-12	-0.1	0	
2.39	7.5	-9.42478	2.29	7.5	0.3	1.15852e-12	-0.1	0	
2.36	7.5	-9.42478	2.26	7.5	0.3	9.85327e-13	-0.1	0	
2.33	7.5	-9.42478	2.23	7.5	0.3	8.38778e-13	-0.1	0	
2.3	7.5	-9.42478	2.2	7.5	0.3	7.13544e-13	-0.1	0	
2.27	7.5	-9.42478	2.17	7.5	0.3	6.06963e-13	-0.1	0	
2.24	7.5	-9.42478	2.14	7.5	0.3	5.29691e-13	-0.1	-8.88178e-16	
2.21	7.5	-9.42478	2.11	7.5	0.3	4.49755e-13	-0.1	-8.88178e-16	
2.18	7.5	-9.42478	2.08	7.5	0.3	3.83142e-13	-0.1	-8.88178e-16	
2.15	7.5	-9.42478	2.05	7.5	0.3	3.112e-13	-0.1	0	
2.12	7.5	-9.42478	2.02	7.5	0.3	2.63238e-13	-0.1	0	
2.09	7.5	-9.42478	1.99	7.5	0.3	2.2327e-13	-0.1	0	
2.06	7.5	-9.42478	1.96	7.5	0.3	1.75308e-13	-0.1	8.88178e-16	
2.03	7.5	-9.42478	1.93	7.5	0.3	1.48663e-13	-0.1	8.88178e-16	
2	7.5	-9.42478	1.9	7.5	0.3	1.40669e-13	-0.1	0	
1.97	7.5	-9.42478	1.87	7.5	0.3	1.19353e-13	-0.1	0	
1.94	7.5	-9.42478	1.84	7.5	0.3	1.00701e-13	-0.1	0	
1.91	7.5	-9.42478	1.81	7.5	0.3	8.47141e-14	-0.1	0	
1.88	7.5	-9.42478	1.78	7.5	0.3	7.13914e-14	-0.1	0	
1.85	7.5	-9.42478	1.75	7.5	0.3	6.07332e-14	-0.1	0	
1.82	7.5	-9.42478	1.72	7.5	0.3	5.27396e-14	-0.1	0	
1.79	7.5	-9.42478	1.69	7.5	0.3	4.4746e-14	-0.1	0	
1.76	7.5	-9.42478	1.66	7.5	0.3	3.67524e-14	-0.1	0	
1.73	7.5	-9.42478	1.63	7.5	0.3	3.14234e-14	-0.1	0	
1.7	7.5	-9.42478	1.6	7.5	0.3	2.60943e-14	-0.1	0	
1.67	7.5	-9.42478	1.57	7.5	0.3	3.67524e-14	-0.1	-8.88178e-16	
1.64	7.5	-9.42478	1.54	7.5	0.3	3.14234e-14	-0.1	-8.88178e-16	
1.61	7.5	-9.42478	1.51	7.5	0.3	1.27716e-14	-0.1	0	
1.58	7.5	-9.42478	1.48	7.5	0.3	1.01071e-14	-0.1	0	
1.55	7.5	-9.42478	1.45	7.5	0.3	-5.88014e-15	-0.1	8.88178e-16	
1.52	7.5	-9.42478	1.42	7.5	0.3	-5.88014e-15	-0.1	8.88178e-16	
1.49	7.5	-9.42478	1.39	7.5	0.3	-5.88014e-15	-0.1	8.88178e-16	
1.46	7.5	-9.42478	1.36	7.5	0.3	-5.88014e-15	-0.1	8.88178e-16	
1.43	7.5	-9.42478	1.33	7.5	0.3	-5.88014e-15	-0.1	8.88178e-16	
1.4	7.5	-9.42478	1.3	7.5	0.3	-5.88014e-15	-0.1	8.88178e-16	
1.37	7.5	-9.42478	1.27	7.5	0.3	-5.88014e-15	-0.1	8.88178e-16	
1.34	7.5	-9.42478	1.24	7.5	0.3	-5.88014e-15	-0.1	8.88178e-16	
1.31	7.5	-9.42478	1.21	7.5	0.3	-5.88014e-15	-0.1	8.88178e-16	
1.28	7.5	-9.42478	1.18	7.5	0.3	-5.88014e-15	-0.1	8.88178e-16	
1.25	7.5	-9.42478	1.15	7.5	0.3	-5.88014e-15	-0.1	8.88178e-16	
1.22	7.5	-9.42478	1.12	7.5	0.3	-5.88014e-15	-0.1	8.88178e-16	
1.19	7.5	-9.42478	1.09	7.5	0.3	-5.88014e-15	-0.1	8.88178e-16	
1.16	7.5	-9.42478	1.06	7.5	0.3	-5.88014e-15	-0.1	8.88178e-16	
1.13	7.5	-9.42478	1.03	7.5	0.3	-5.88014e-15	-0.1	8.88178e-16	
1.1	7.5	-9.42478	1	7.5	0.3	-5.88014e-15	-0.1	8.88178e-16	
1.07	7.5	-9.42478	0.97	7.5	0.3	-5.88014e-15	-0.1	8.88178e-16	
1.04	7.5	-9.42478	0.94	7.5	0.3	-5.88014e-15	-0.1	8.88178e-16	
1.01	7.5	-9.42478	0.91	7.5	0.3	-5.88014e-15	-0.1	8.88178e-16	
0.98	7.5	-9.42478	0.88	7.5	0.3	-5.88014e-15	-0.1	8.88178e-16	
0.95	7.5	-9.42478	0.85	7.5	0.3	-5.88014e-15	-0.1	8.88178e-16	
0.92	7.5	-9.42478	0.82	7.5	0.3	-5.88014e-15	-0.1	8.88178e-16	
0.89	7.5	-9.42478	0.79	7.5	0.3	-5.88014e-15	-0.1	8.88178e-16	
0.86	7.5	-9.42478	0.76	7.5	0.3	-5.88014e-15	-0.1	8.88178e-16	
0.83	7.5	-9.42478	0.73	7.5	0.3	-5.88014e-15	-0.1	8.88178e-16	
0.8	7.5	-9.42478	0.7	7.5	0.3	-5.88014e-15	-0.1	8.88178e-16	
0.77	7.5	-9.42478	0.67	7.5	0.3	-5.88014e-15	-0.1	8.88178e-16	
0.74	7.5	-9.42478	0.64	7.5	0.3	-5.88014e-15	-0.1	8.88178e-16	
0.71	7.5	-9.42478	0.61	7.5	0.3	-5.88014e-15	-0.1	8.88178e-16	
0.68	7.5	-9.42478	0.58	7.5	0.3	-5.88014e-15	-0.1	8.88178e-16	
0.65	7.5	-9.42478	0.55	7.5	0.3	-5.88014e-15	-0.1	8.88178e-16	
0.62	7.5	-9.42478	0.52	7.5	0.3	-5.88014e-15	-0.1	8.88178e-16	
0.59	7.5	-9.42478	0.49	7.5	0.3	-5.88014e-15	-0.1	8.88178e-16	
0.56	7.5	-9.42478	0.46	7.5	0.3	-5.88014e-15	-0.1	8.88178e-16	
0.53	7.5	-9.42478	0.43	7.5	0.3	-5.88014e-15	-0.1	8.88178e-16	
0.5	7.5	-9.42478	0.4	7.5	0.3	-5.88014e-15	-0.1	8.88178e-16	
0.47	7.5	-9.42478	0.37	7.5	0.3	-5.88014e-15	-0.1	8.88178e-16	
0.44	7.5	-9.42478	0.34	7.5	0.3	-5.88014e-15	-0.1	8.88178e-16	
0.41	7.5	-9.42478	0.31	7.5	0.3	-5.88014e-15	-0.1	8.88178e-16	
0.38	7.5	-9.42478	0.28	7.5	0.3	-5.88014e-15	-0.1	8.88178e-16	
0.35	7.5	-9.42478	0.25	7.5	0.3	-5.88014e-15	-0.1	8.88178e-16	
0.32	7.5	-9.42478	0.22	7.5	0.3	-5.88014e-15	-0.1	8.88178e-16	
0.29	7.5	-9.42478	0.19	7.5	0.3	-5.88014e-15	-0.1	8.88178e-16	
0.26	7.5	-9.42478	0.16	7.5	0.3	-5.88014e-15	-0.1	8.88178e-16	
0.23	7.5	-9.42478	0.13	7.5	0.3	-5.88014e-15	-0.1	8.88178e-16	
0.2	7.5	-9.42478	0.1	7.5	0.3	-5.88014e-15	-0.1	8.88178e-16	
0.17	7.5	-9.42478	0.07	7.5	0.3	-5.88014e-15	-0.1	8.88178e-16	
0.14	7.5	-9.42478	0.04	7.5	0.3	-5.88014e-15	-0.1	8.88178e-16	
0.11	7.5	-9.42478	0.01	7.5	0.3	-5.88014e-15	-0.1	8.88178e-16	
0.08	7.5	-9.42478	-0.02	7.5	0.3	-5.88014e-15	-0.1	8.88178e-16	
0.05	7.5	-9.42478	-0.05	7.5	0.3	-5.88014e-15	-0.1	8.88178e-16	
0.02	7.5	-9.42478	-0.08	7.5	0.3	-5.88014e-15	-0.1	8.88178e-16	
-0.01	7.5	-9.42478	-0.11	7.5	0.3	-5.88014e-15	-0.1	8.88178e-16	
-0.04	7.5	-9.42478	-0.14	7.5	0.3	-5.88014e-15	-0.1	8.88178e-16	
-0.07	7.5	-9.42478	-0.17	7.5	0.3	-5.88014e-15	-0.1	8.88178e-16	
-0.1	7.5	-9.42478	0.03	7.27	-0.39	3.45	0.13	-0.23	
-0.0492151	7.43236	-9.07978	0.03	7.24	-0.0284749	3.11724	0.0792151	-0.192361	
-0.0167196	7.37886	-8.76805	0.03	7.21	0.198271	2.43387	0.0467196	-0.168858	
0.00167223	7.33218	-8.52467	0.03	7.18	0.30483	1.75162	0.0283278	-0.152179	
0.0119325	7.28903	-8.3495	0.03	7.15	0.34116	1.23006	0.0180675	-0.139034	
0.0180167	7.24868	-8.2265	0.03	7.12	0.346486	0.869952	0.0119833	-0.128682	
0.0218666	7.21079	-8.1395	0.03	7.09	0.340827	0.627386	0.00813344	-0.12079	
0.0244095	7.17493	-8.07677	0.03	7.06	0.332572	0.462693	0.00559047	-0.114933	
0.0261307	7.14066	-8.0305	0.03	7.03	0.324791	0.348621	0.00386926	-0.110663	
0.0273115	7.10758	-7.99563	0.03	7	0.31838	0.267752	0.00268853	-0.107584	
0.0281275	7.07538	-7.96886	0.03	6.97	0.313411	0.209088	0.00187249	-0.10538	
0.028694	7.04381	-7.94795	0.03	6.94	0.309686	0.16561	0.00130603	-0.103809	
0.0290882	7.01269	-7.93139	0.03	6.91	0.306947	0.132755	0.000911799	-0.102694	
0.029363	6.9819	-7.91811	0.03	6.88	0.304959	0.107496	0.000636974	-0.101903	
0.0295548	6.95134	-7.90736	0.03	6.85	0.303527	0.0877786	0.000445183	-0.101344	
0.0296888	6.92095	-7.89859	0.03	6.82	0.302502	0.0721822	0.000311239	-0.100948	
0.0297824	6.89067	-7.89137	0.03	6.79	0.301772	0.0597033	0.000217648	-0.100669	
0.0298478	6.86047	-7.8854	0.03	6.76	0.301253	0.0496202	0.000152227	-0.100472	
0.0298935	6.83033	-7.88044	0.03	6.73	0.300885	0.0414044	0.000106486	-0.100333	
0.0299255	6.80023	-7.87629	0.03	6.7	0.300624	0.0346625	7.44971e-05	-0.100235	
0.0299479	6.77017	-7.87283	0.03	6.67	0.30044	0.029097	5.21226e-05	-0.100165	
0.0299635	6.74012	-7.86992	0.03	6.64	0.30031	0.0244795	3.64707e-05	-0.100117	
0.0299745	6.71008	-7.86747	0.03	6.61	0.300218	0.0206325	2.55204e-05	-0.100082	
0.0299821	6.68006	-7.86541	0.03	6.58	0.300154	0.0174163	1.78588e-05	-0.100058	
0.0299875	6.65004	-7.86367	0.03	6.55	0.300108	0.0147196	1.24979e-05	-0.100041	
0.0299913	6.62003	-7.86219	0.03	6.52	0.300076	0.0124531	8.74653e-06	-0.100029	
0.0299939	6.59002	-7.86095	0.03	6.49	0.300054	0.0105444	6.12136e-06	-0.10002	
0.0299957	6.56001	-7.85989	0.03	6.46	0.300038	0.00893434	4.28422e-06	-0.100014	
0.029997	6.53001	-7.859	0.03	6.43	0.300027	0.00757442	2.99851e-06	-0.10001	
0.0299979	6.50001	-7.85824	0.03	6.4	0.300019	0.00642446	2.09868e-06	-0.100007	
0.0299985	6.47001	-7.8576	0.03	6.37	0.300013	0.00545117	1.46891e-06	-0.100005	
0.029999	6.44	-7.85706	0.03	6.34	0.300009	0.00462678	1.02813e-06	-0.100004	
0.0299993	6.41	-7.85659	0.03	6.31	0.300007	0.00392807	7.19631e-07	-0.100003	
0.0299995	6.38	-7.8562	0.03	6.28	0.300005	0.00333558	5.03704e-07	-0.100002	
0.0299996	6.35	-7.85587	0.03	6.25	0.300003	0.00283296	3.52569e-07	-0.100001	
0.0299998	6.32	-7.85558	0.03	6.22	0.300002	0.00240641	2.46784e-07	-0.100001	
0.0299998	6.29	-7.85534	0.03	6.19	0.300002	0.00204433	1.7274e-07	-0.100001	
0.0299999	6.26	-7.85514	0.03	6.16	0.300001	0.0017369	1.20913e-07	-0.1	
0.0299999	6.23	-7.85496	0.03	6.13	0.300001	0.00147582	8.46355e-08	-0.1	
0.0299999	6.2	-7.85482	0.03	6.1	0.300001	0.00125406	5.92428e-08	-0.1	
0.03	6.17	-7.85469	0.03	6.07	0.3	0.00106569	4.14687e-08	-0.1	
0.03	6.14	-7.85459	0.03	6.04	0.3	0.000905646	2.90273e-08	-0.1	
0.03	6.11	-7.85449	0.03	6.01	0.3	0.000769668	2.03187e-08	-0.1	
0.03	6.08	-7.85442	0.03	5.98	0.3	0.000654126	1.42228e-08	-0.1	
0.03	6.05	-7.85435	0.03	5.95	0.3	0.000555943	9.95577e-09	-0.1	
0.03	6.02	-7.8543	0.03	5.92	0.3	0.000472507	6.96893e-09	-0.1	
0.03	5.99	-7.85425	0.03	5.89	0.3	0.000401599	4.87818e-09	-0.1	
0.03	5.96	-7.85421	0.03	5.86	0.3	0.000341337	3.41469e-09	-0.1	
0.03	5.93	-7.85418	0.03	5.83	0.3	0.000290121	2.39026e-09	-0.1	
0.03	5.9	-7.85415	0.03	5.8	0.3	0.000246592	1.67316e-09	-0.1	
0.03	5.87	-7.85412	0.03	5.77	0.3	0.000209596	1.17121e-09	-0.1	
0.03	5.84	-7.8541	0.03	5.74	0.3	0.000178151	8.19838e-10	-0.1	
0.03	5.81	-7.85408	0.03	5.71	0.3	0.000151425	5.73883e-10	-0.1	
0.03	5.78	-7.85407	0.03	5.68	0.3	0.000128709	4.01716e-10	-0.1	
0.03	5.75	-7.85405	0.03	5.65	0.3	0.000109401	2.812e-10	-0.1	
0.03	5.72	-7.85404	0.03	5.62	0.3	9.29892e-05	1.96839e-10	-0.1	
0.03	5.69	-7.85403	0.03	5.59	0.3	7.90399e-05	1.37787e-10	-0.1	
0.03	5.66	-7.85403	0.03	5.56	0.3	6.71833e-05	9.64503e-11	-0.1	
0.03	5.63	-7.85402	0.03	5.53	0.3	5.71054e-05	6.7515e-11	-0.1	
0.03	5.6	-7.85401	0.03	5.5	0.3	4.85393e-05	4.72604e-11	-0.1	
0.03	5.57	-7.85401	0.03	5.47	0.3	4.12582e-05	3.30822e-11	-0.1	
0.03	5.54	-7.85401	0.03	5.44	0.3	3.50693e-05	2.31574e-11	-0.1	
0.03	5.51	-7.854	0.03	5.41	0.3	2.98088e-05	1.62101e-11	-0.1	
0.03	5.48	-7.854	0.03	5.38	0.3	2.53374e-05	1.13471e-11	-0.1	
0.03	5.45	-7.854	0.03	5.35	0.3	2.15367e-05	7.94292e-12	-0.1	
0.03	5.42	-7.85399	0.03	5.32	0.3	1.83062e-05	5.56005e-12	-0.1	
0.03	5.39	-7.85399	0.03	5.29	0.3	1.55602e-05	3.8921e-12	-0.1	
0.03	5.36	-7.85399	0.03	5.26	0.3	1.32262e-05	2.72448e-12	-0.1	
0.03	5.33	-7.85399	0.03	5.23	0.3	1.12422e-05	1.90715e-12	-0.1	
0.03	5.3	-7.85399	0.03	5.2	0.3	9.5559e-06	1.33492e-12	-0.1	
0.03	5.27	-7.85399	0.03	5.17	0.3	8.12251e-06	9.34478e-13	-0.1	
0.03	5.24	-7.85399	0.03	5.14	0.3	6.90413e-06	6.54098e-13	-0.1	
0.03	5.21	-7.85399	0.03	5.11	0.3	5.86851e-06	4.5779e-13	-0.1	
0.03	5.18	-7.85398	0.03	5.08	0.3	4.98823e-06	3.20376e-13	-0.1	
0.03	5.15	-7.85398	0.03	5.05	0.3	4.23999e-06	2.24216e-13	-0.1	
0.03	5.12	-7.85398	0.03	5.02	0.3	3.60399e-06	1.56972e-13	-0.1	
0.03	5.09	-7.85398	0.03	4.99	0.3	3.06339e-06	1.09839e-13	-0.1	
0.03	5.06	-7.85398	0.03	4.96	0.3	2.60388e-06	7.68899e-14	-0.1	
0.03	5.03	-7.85398	0.03	4.93	0.3	2.2133e-06	5.37556e-14	-0.1	
0.03	5	-7.85398	0.03	4.9	0.3	1.88131e-06	3.76886e-14	-0.1	
0.03	4.97	-7.85398	0.03	4.87	0.3	1.59911e-06	2.63296e-14	-0.1	
0.03	4.94	-7.85398	0.03	4.84	0.3	1.35924e-06	1.84436e-14	-0.1	
0.03	4.91	-7.85398	0.03	4.81	0.3	1.15536e-06	1.29098e-14	-0.1	
0.03	4.88	-7.85398	0.03	4.78	0.3	9.82053e-07	9.00321e-15	-0.1	
0.03	4.85	-7.85398	0.03	4.75	0.3	8.34745e-07	6.28664e-15	-0.1	
0.03	4.82	-7.85398	0.03	4.72	0.3	7.09533e-07	4.35069e-15	-0.1	
0.03	4.79	-7.85398	0.03	4.69	0.3	6.03103e-07	3.01842e-15	-0.1	
0.03	4.76	-7.85398	0.03	4.66	0.3	5.12638e-07	2.17534e-15	-0.1	
0.03	4.73	-7.85398	0.03	4.63	0.3	4.35742e-07	1.55431e-15	-0.1	
0.03	4.7	-7.85398	0.03	4.6	0.3	3.70381e-07	1.14145e-15	-0.1	
0.03	4.67	-7.85398	0.03	4.57	0.3	3.14824e-07	7.49401e-16	-0.1	
0.03	4.64	-7.85398	0.03	4.54	0.3	2.676e-07	5.75928e-16	-0.1	
0.03	4.61	-7.85398	0.03	4.51	0.3	2.2746e-07	4.51028e-16	-0.1	
0.03	4.58	-7.85398	0.03	4.48	0.3	1.93341e-07	3.05311e-16	-0.1	
0.03	4.55	-7.85398	0.03	4.45	0.3	1.6434e-07	1.80411e-16	-0.1	
0.03	4.52	-7.85398	0.03	4.42	0.3	1.39689e-07	3.1225e-17	-0.1	
0.03	4.49	-7.85398	0.03	4.39	0.3	1.18736e-07	3.46945e-18	-0.1	
0.03	4.46	-7.85398	0.03	4.36	0.3	1.00925e-07	-5.55112e-17	-0.1	
0.03	4.43	-7.85398	0.03	4.33	0.3	8.57864e-08	-1.07553e-16	-0.1	
0.03	4.4	-7.85398	0.03	4.3	0.3	7.29185e-08	-1.73472e-17	-0.1	
0.03	4.37	-7.85398	0.03	4.27	0.3	6.19807e-08	-6.93889e-17	-0.1	
0.03	4.34	-7.85398	0.03	4.24	0.3	5.26836e-08	-6.93889e-18	-0.1	
0.03	4.31	-7.85398	0.03	4.21	0.3	4.4781e-08	-7.63278e-17	-0.1	
0.03	4.28	-7.85398	0.03	4.18	0.3	3.80639e-08	-1.04083e-16	-0.1	
0.03	4.25	-7.85398	0.03	4.15	0.3	3.23543e-08	-7.28584e-17	-0.1	
0.03	4.22	-7.85398	0.03	4.12	0.3	2.75012e-08	-3.46945e-17	-0.1	
0.03	4.19	-7.85398	0.03	4.09	0.3	2.3376e-08	-1.14492e-16	-0.1	
0.03	4.16	-7.85398	0.03	4.06	0.3	1.98696e-08	-8.32667e-17	-0.1	
0.03	4.13	-7.85398	0.03	4.03	0.3	1.68891e-08	-1.07553e-16	-0.1	
0.03	4.1	-7.85398	0.03	4	0.3	1.43558e-08	-5.20417e-17	-0.1	
0.03	4.07	-7.85398	0.03	3.97	0.3	1.22024e-08	-6.245e-17	-0.1	
0.03	4.04	-7.85398	0.03	3.94	0.3	1.03721e-08	1.38778e-17	-0.1	
0.03	4.01	-7.85398	0.03	3.91	0.3	8.81624e-09	2.42861e-17	-0.1	
0.03	3.98	-7.85398	0.03	3.88	0.3	7.49381e-09	-2.77556e-17	-0.1	
0.03	3.95	-7.85398	0.03	3.85	0.3	6.36973e-09	-1.07553e-16	-0.1	
0.03	3.92	-7.85398	0.03	3.82	0.3	5.41427e-09	-4.51028e-17	-0.1	
0.03	3.89	-7.85398	0.03	3.79	0.3	4.60213e-09	-1.38778e-17	-0.1	
0.03	3.86	-7.85398	0.03	3.76	0.3	3.91181e-09	2.42861e-17	-0.1	
0.03	3.83	-7.85398	0.03	3.73	0.3	3.32504e-09	4.51028e-17	-0.1	
0.03	3.8	-7.85398	0.03	3.7	0.3	2.82628e-09	-5.20417e-17	-0.1	
0.03	3.77	-7.85398	0.03	3.67	0.3	2.40234e-09	2.08167e-17	-0.1	
0.03	3.74	-7.85398	0.03	3.64	0.3	2.04199e-09	-2.08167e-17	-0.1	
0.03	3.71	-7.85398	0.03	3.61	0.3	1.73569e-09	-6.245e-17	-0.1	
0.03	3.68	-7.85398	0.03	3.58	0.3	1.47534e-09	3.46945e-17	-0.1	
0.03	3.65	-7.85398	0.03	3.55	0.3	1.25404e-09	-6.59195e-17	-0.1	
0.03	3.62	-7.85398	0.03	3.52	0.3	1.06593e-09	-5.89806e-17	-0.1	
0.03	3.59	-7.85398	0.03	3.49	0.3	9.06043e-10	-1.04083e-17	-0.1	
0.03	3.56	-7.85398	0.03	3.46	0.3	7.70137e-10	4.16334e-17	-0.1	
0.03	3.53	-7.85398	0.03	3.43	0.3	6.54616e-10	-1.73472e-17	-0.1	
0.03	3.5	-7.85398	0.03	3.4	0.3	5.56424e-10	1.38778e-17	-0.1	
0.03	3.47	-7.85398	0.03	3.37	0.3	4.72959e-10	-3.81639e-17	-0.1	
0.03	3.44	-7.85398	0.03	3.34	0.3	4.02017e-10	5.20417e-17	-0.1	
0.03	3.41	-7.85398	0.03	3.31	0.3	3.41715e-10	5.55112e-17	-0.1	
0.03	3.38	-7.85398	0.03	3.28	0.3	2.90456e-10	-2.42861e-17	-0.1	
0.03	3.35	-7.85398	0.03	3.25	0.3	2.4689e-10	5.55112e-17	-0.1	
0.03	3.32	-7.85398	0.03	3.22	0.3	2.09857e-10	8.67362e-17	-0.1	
0.03	3.29	-7.85398	0.03	3.19	0.3	1.78377e-10	1.73472e-17	-0.1	
0.03	3.26	-7.85398	0.03	3.16	0.3	1.51622e-10	9.36751e-17	-0.1	
0.03	3.23	-7.85398	0.03	3.13	0.3	1.28879e-10	8.67362e-17	-0.1	
0.03	3.2	-7.85398	0.03	3.1	0.3	1.09549e-10	1.42247e-16	-0.1	
0.03	3.17	-7.85398	0.03	3.07	0.3	9.3116e-11	1.07553e-16	-0.1	
0.03	3.14	-7.85398	0.03	3.04	0.3	7.91477e-11	5.55112e-17	-0.1	
0.03	3.11	-7.85398	0.03	3.01	0.3	6.72762e-11	7.63278e-17	-0.1	
0.03	3.08	-7.85398	0.03	2.98	0.3	5.71828e-11	-2.08167e-17	-0.1	
0.03	3.05	-7.85398	0.03	2.95	0.3	4.86062e-11	1.38778e-17	-0.1	
0.03	3.02	-7.85398	0.03	2.92	0.3	4.13134e-11	-7.28584e-17	-0.1	
0.03	2.99	-7.85398	0.03	2.89	0.3	3.51185e-11	2.42861e-17	-0.1	
0.03	2.96	-7.85398	0.03	2.86	0.3	2.98505e-11	1.04083e-17	-0.1	
0.03	2.93	-7.85398	0.03	2.83	0.3	2.53722e-11	-2.77556e-17	-0.1	
0.03	2.9	-7.85398	0.03	2.8	0.3	2.1565e-11	-8.67362e-17	-0.1	
0.03	2.87	-7.85398	0.03	2.77	0.3	1.83305e-11	-6.93889e-17	-0.1	
0.03	2.84	-7.85398	0.03	2.74	0.3	1.55805e-11	-8.32667e-17	-0.1	
0.03	2.81	-7.85398	0.03	2.71	0.3	1.32445e-11	-2.77556e-17	-0.1	
0.03	2.78	-7.85398	0.03	2.68	0.3	1.12587e-11	1.04083e-17	-0.1	
0.03	2.75	-7.85398	0.03	2.65	0.3	9.56818e-12	-6.93889e-17	-0.1	
0.03	2.72	-7.85398	0.03	2.62	0.3	8.13431e-12	-3.46945e-18	-0.1	
0.03	2.69	-7.85398	0.03	2.59	0.3	6.91339e-12	-4.16334e-17	-0.1	
0.03	2.66	-7.85398	0.03	2.56	0.3	5.87803e-12	3.46945e-17	-0.1	
0.03	2.63	-7.85398	0.03	2.53	0.3	4.99528e-12	-1.73472e-17	-0.1	
0.03	2.6	-7.85398	0.03	2.5	0.3	4.24764e-12	5.55112e-17	-0.1	
0.03	2.57	-7.85398	0.03	2.47	0.3	3.61108e-12	7.28584e-17	-0.1	
0.03	2.54	-7.85398	0.03	2.44	0.3	3.06728e-12	-3.1225e-17	-0.1	
0.03	2.51	-7.85398	0.03	2.41	0.3	2.60859e-12	3.1225e-17	-0.1	
0.03	2.48	-7.85398	0.03	2.38	0.3	2.21586e-12	-3.81639e-17	-0.1	
0.03	2.45	-7.85398	0.03	2.35	0.3	1.88548e-12	5.20417e-17	-0.1	
0.03	2.42	-7.85398	0.03	2.32	0.3	1.60351e-12	8.32667e-17	-0.1	
0.03	2.39	-7.85398	0.03	2.29	0.3	1.36065e-12	-3.1225e-17	-0.1	
0.03	2.36	-7.85398	0.03	2.26	0.3	1.15733e-12	3.46945e-18	-0.1	
0.03	2.33	-7.85398	0.03	2.23	0.3	9.84815e-13	4.85723e-17	-0.1	
0.03	2.3	-7.85398	0.03	2.2	0.3	8.36309e-13	6.93889e-18	-0.1	
0.03	2.27	-7.85398	0.03	2.17	0.3	7.11336e-13	2.42861e-17	-0.1	
0.03	2.24	-7.85398	0.03	2.14	0.3	6.04755e-13	2.42861e-17	-0.1	
0.03	2.21	-7.85398	0.03	2.11	0.3	5.14212e-13	2.77556e-17	-0.1	
0.03	2.18	-7.85398	0.03	2.08	0.3	4.3642e-13	-6.93889e-18	-0.1	
0.03	2.15	-7.85398	0.03	2.05	0.3	3.714e-13	1.04083e-17	-0.1	
0.03	2.12	-7.85398	0.03	2.02	0.3	3.1482e-13	-3.1225e-17	-0.1	
0.03	2.09	-7.85398	0.03	1.99	0.3	2.69439e-13	5.20417e-17	-0.1	
0.03	2.06	-7.85398	0.03	1.96	0.3	2.30044e-13	9.02056e-17	-0.1	
0.03	2.03	-7.85398	0.03	1.93	0.3	1.94624e-13	3.81639e-17	-0.1	
0.03	2	-7.85398	0.03	1.9	0.3	1.64794e-13	3.46945e-18	-0.1	
0.03	1.97	-7.85398	0.03	1.87	0.3	1.3818e-13	-8.32667e-17	-0.1	
0.03	1.94	-7.85398	0.03	1.84	0.3	1.15979e-13	-1.42247e-16	-0.1	
0.03	1.91	-7.85398	0.03	1.81	0.3	9.9388e-14	-9.36751e-17	-0.1	
0.03	1.88	-7.85398	0.03	1.78	0.3	8.55137e-14	-4.16334e-17	-0.1	
0.03	1.85	-7.85398	0.03	1.75	0.3	7.13063e-14	-1.00614e-16	-0.1	
0.03	1.82	-7.85398	0.03	1.72	0.3	6.11165e-14	-6.93889e-17	-0.1	
0.03	1.79	-7.85398	0.03	1.69	0.3	5.16345e-14	-7.97973e-17	-0.1	
0.03	1.76	-7.85398	0.03	1.66	0.3	4.34327e-14	-9.36751e-17	-0.1	
0.03	1.73	-7.85398	0.03	1.63	0.3	3.67714e-14	-9.36751e-17	-0.1	
0.03	1.7	-7.85398	0.03	1.6	0.3	3.21189e-14	-4.85723e-17	-0.1	
0.03	1.67	-7.85398	0.03	1.57	0.3	2.59051e-14	-1.07553e-16	-0.1	
0.03	1.64	-7.85398	0.03	1.54	0.3	2.20644e-14	-9.71445e-17	-0.1	
0.03	1.61	-7.85398	0.03	1.51	0.3	2.10652e-14	1.38778e-17	-0.1	
0.03	1.58	-7.85398	0.03	1.48	0.3	1.91813e-14	6.59195e-17	-0.1	
0.03	1.55	-7.85398	0.03	1.45	0.3	1.65688e-14	6.93889e-17	-0.1	
0.03	1.52	-7.85398	0.03	1.42	0.3	1.31237e-14	1.73472e-17	-0.1	
0.03	1.49	-7.85398	0.03	1.39	0.3	1.28843e-14	9.02056e-17	-0.1	
0.03	1.46	-7.85398	0.03	1.36	0.3	1.22285e-14	1.35308e-16	-0.1	
0.03	1.43	-7.85398	0.03	1.33	0.3	1.12085e-14	1.56125e-16	-0.1	
0.03	1.4	-7.85398	0.03	1.3	0.3	9.77217e-15	1.49186e-16	-0.1	
0.03	1.37	-7.85398	0.03	1.27	0.3	7.86745e-15	1.11022e-16	-0.1	
0.03	1.34	-7.85398	0.03	1.24	0.3	5.65047e-15	5.20417e-17	-0.1	
0.03	1.31	-7.85398	0.03	1.21	0.3	3.01716e-15	-3.46945e-17	-0.1	
0.03	1.28	-7.85398	0.03	1.18	0.3	3.95391e-15	2.77556e-17	-0.1	
0.03	1.25	-7.85398	0.03	1.15	0.3	4.89066e-15	9.02056e-17	-0.1	
0.03	1.22	-7.85398	0.03	1.12	0.3	1.84102e-15	-2.42861e-17	-0.1	
0.03	1.19	-7.85398	0.03	1.09	0.3	2.41347e-15	1.38778e-17	-0.1	
0.03	1.16	-7.85398	0.03	1.06	0.3	2.98593e-15	5.20417e-17	-0.1	
0.03	1.13	-7.85398	0.03	1.03	0.3	3.55839e-15	9.02056e-17	-0.1	
0.03	1.1	-7.85398	0.03	1	0.3	4.13085e-15	1.2837e-16	-0.1	
0.03	1.07	-7.85398	0.03	0.97	0.3	4.70331e-15	1.66533e-16	-0.1	
0.03	1.04	-7.85398	0.03	0.94	0.3	1.28937e-15	2.77556e-17	-0.1	
0.03	1.01	-7.85398	0.03	0.91	0.3	1.4455e-15	3.81639e-17	-0.1	
0.03	0.98	-7.85398	0.03	0.88	0.3	1.60162e-15	4.85723e-17	-0.1	
0.03	0.95	-7.85398	0.03	0.85	0.3	1.75775e-15	5.89806e-17	-0.1	
0.03	0.92	-7.85398	0.03	0.82	0.3	1.91387e-15	6.93889e-17	-0.1	
0.03	0.89	-7.85398	0.03	0.79	0.3	2.07e-15	7.97973e-17	-0.1	
0.03	0.86	-7.85398	0.03	0.76	0.3	2.22612e-15	9.02056e-17	-0.1	
0.03	0.83	-7.85398	0.03	0.73	0.3	2.38225e-15	1.00614e-16	-0.1	
0.03	0.8	-7.85398	0.03	0.7	0.3	2.53837e-15	1.11022e-16	-0.1	
0.03	0.77	-7.85398	0.03	0.67	0.3	2.6945e-15	1.21431e-16	-0.1	
0.03	0.74	-7.85398	0.03	0.64	0.3	2.85063e-15	1.31839e-16	-0.1	
0.03	0.71	-7.85398	0.03	0.61	0.3	3.00675e-15	1.42247e-16	-0.1	
0.03	0.68	-7.85398	0.03	0.58	0.3	3.16288e-15	1.52656e-16	-0.1	
0.03	0.65	-7.85398	0.03	0.55	0.3	3.319e-15	1.63064e-16	-0.1	
0.03	0.62	-7.85398	0.03	0.52	0.3	3.47513e-15	1.73472e-16	-0.1	
0.03	0.59	-7.85398	0.03	0.49	0.3	3.63125e-15	1.83881e-16	-0.1	
0.03	0.56	-7.85398	0.03	0.46	0.3	3.78738e-15	1.94289e-16	-0.1	
0.03	0.53	-7.85398	0.03	0.43	0.3	3.9435e-15	2.04697e-16	-0.1	
0.03	0.5	-7.85398	0.03	0.4	0.3	4.09963e-15	2.15106e-16	-0.1	
0.03	0.47	-7.85398	0.03	0.37	0.3	4.25575e-15	2.25514e-16	-0.1	
0.03	0.44	-7.85398	0.03	0.34	0.3	4.41188e-15	2.35922e-16	-0.1	
0.03	0.41	-7.85398	0.03	0.31	0.3	4.568e-15	2.46331e-16	-0.1	
0.03	0.38	-7.85398	0.03	0.28	0.3	6.8569e-16	7.63278e-17	-0.1	
0.03	0.35	-7.85398	0.03	0.25	0.3	4.25482e-16	5.89806e-17	-0.1	
0.03	0.32	-7.85398	0.03	0.22	0.3	1.65273e-16	4.16334e-17	-0.1	
0.03	0.29	-7.85398	0.03	0.19	0.3	-9.49355e-17	2.42861e-17	-0.1	
0.03	0.26	-7.85398	0.03	0.16	0.3	-3.55144e-16	6.93889e-18	-0.1	
0.03	0.23	-7.85398	0.03	0.13	0.3	-6.15352e-16	-1.04083e-17	-0.1	
0.03	0.2	-7.85398	0.03	0.1	0.3	-8.75561e-16	-2.77556e-17	-0.1	
0.03	0.17	-7.85398	0.03	0.07	0.3	-1.13577e-15	-4.51028e-17	-0.1	
0.03	0.14	-7.85398	0.03	0.04	0.3	-1.39598e-15	-6.245e-17	-0.1	
0.03	0.11	-7.85398	0.03	0.01	0.3	-1.65619e-15	-7.97973e-17	-0.1	
0.03	0.08	-7.85398	0.03	-0.02	0.3	-1.9164e-15	-9.71445e-17	-0.1	
0.03	0.05	-7.85398	0.03	-0.05	0.3	-2.1766e-15	-1.14492e-16	-0.1	
0.03	0.02	-7.85398	0.03	-0.08	0.3	-2.43681e-15	-1.31839e-16	-0.1	
0.03	-0.01	-7.85398	0.03	-0.11	0.3	-2.69702e-15	-1.49186e-16	-0.1	
0.03	-0.04	-7.85398	0.03	-0.14	0.3	-2.95723e-15	-1.66533e-16	-0.1	
