0.2	2	0	0.2	0	0	-30	0	-2	
-0.197998	1.97178	-3	0.229978	0.00299989	-0.437578	30.142	0.427976	-1.96878	
0.2433	2.00902	0.0142043	0.259907	0.00644908	-0.0355168	-30.039	0.0166069	-2.00257	
-0.157929	1.97586	-2.9897	0.289781	0.0103468	-0.435441	30.1594	0.447709	-1.96552	
0.282742	2.01796	0.0262459	0.319593	0.0146922	-0.0472016	-30.0532	0.0368504	-2.00327	
-0.119272	1.98023	-2.97907	0.349337	0.0194843	-0.435533	30.161	0.468608	-1.96074	
0.320935	2.02704	0.037021	0.379005	0.0247219	-0.0482424	-30.0464	0.0580698	-2.00232	
-0.0807297	1.98484	-2.96762	0.408592	0.030404	-0.430893	30.1445	0.489321	-1.95443	
0.358471	2.03628	0.0468274	0.43809	0.0365292	-0.0422327	-30.0193	0.0796186	-1.99975	
-0.0420606	1.98964	-2.9551	0.467492	0.0430962	-0.419403	30.109	0.509553	-1.94654	
0.395373	2.04565	0.0558001	0.496793	0.0501035	-0.0300952	-29.9714	0.10142	-1.99555	
-0.00332371	1.99454	-2.94134	0.525986	0.0575495	-0.40032	30.0536	0.52931	-1.937	
0.431502	2.05509	0.0640184	0.555064	0.0654325	-0.0119372	-29.9022	0.123561	-1.98965	
0.0353418	1.99947	-2.9262	0.58402	0.0737508	-0.373267	29.9773	0.548678	-1.92572	
0.466673	2.06449	0.0715282	0.612848	0.0825024	0.0124618	-29.8104	0.146174	-1.98198	
0.0737896	2.00428	-2.90951	0.641541	0.0916855	-0.337894	29.8785	0.567752	-1.91259	
0.500698	2.0737	0.07834	0.670094	0.101298	0.0435488	-29.6942	0.169396	-1.97241	
0.111896	2.00881	-2.89108	0.698499	0.111338	-0.293727	29.755	0.586603	-1.89748	
0.533396	2.08254	0.0844182	0.72675	0.121802	0.0820205	-29.5509	0.193354	-1.96074	
0.149577	2.01284	-2.87067	0.754842	0.132689	-0.240044	29.6033	0.605265	-1.88015	
0.564607	2.0907	0.089664	0.782767	0.143997	0.128904	-29.3763	0.21816	-1.9467	
0.186809	2.01606	-2.84796	0.810519	0.155721	-0.175734	29.4185	0.62371	-1.86034	
0.594189	2.09778	0.0938884	0.838092	0.167861	0.185692	-29.1643	0.243902	-1.92992	
0.223651	2.01804	-2.82254	0.86548	0.180413	-0.0991063	29.1931	0.641829	-1.83763	
0.622032	2.1032	0.0967691	0.892676	0.193375	0.254561	-28.9056	0.270644	-1.90983	
0.26028	2.01817	-2.7938	0.919675	0.206743	-0.00758802	28.9157	0.659395	-1.81143	
0.648063	2.10612	0.0977751	0.946471	0.220514	0.338731	-28.586	0.298408	-1.88561	
0.297054	2.01558	-2.76082	0.973057	0.234686	0.10276	28.5685	0.676003	-1.78089	
0.672268	2.10526	0.0960303	0.999427	0.249255	0.443077	-28.1824	0.327159	-1.85601	
0.334625	2.0089	-2.72221	1.02558	0.264217	0.238069	28.1226	0.690951	-1.74468	
0.694739	2.09863	0.0900478	1.0515	0.279571	0.575197	-27.6565	0.356758	-1.81906	
0.374161	1.99595	-2.6756	1.07719	0.295311	0.408132	27.5278	0.703025	-1.70064	
0.715779	2.0829	0.0771791	1.10264	0.311435	0.747361	-26.9402	0.386856	-1.77146	
0.417798	1.97304	-2.61684	1.12784	0.327939	0.629049	26.6922	0.710042	-1.6451	
0.736173	2.05219	0.0523746	1.15279	0.344819	0.980003	-25.9026	0.416621	-1.70737	
0.469665	1.93331	-2.53789	1.17749	0.362071	0.927826	25.4301	0.707827	-1.57124	
0.757928	1.9952	0.00511728	1.20193	0.379692	1.30718	-24.2664	0.444001	-1.61551	
0.538295	1.86296	-2.42153	1.2261	0.397678	1.34758	23.3266	0.687803	-1.46528	
0.786552	1.88824	-0.0888662	1.25	0.416024	1.77682	-21.3791	0.463444	-1.47221	
0.642335	1.73173	-2.22677	1.27361	0.434726	1.92831	19.3702	0.63128	-1.297	
0.83837	1.68026	-0.289759	1.29695	0.453781	2.36969	-15.6649	0.458581	-1.22648	
0.817479	1.47779	-1.85625	1.32	0.473184	2.46736	11.4761	0.502519	-1.00461	
0.956169	1.30279	-0.708638	1.34275	0.49293	2.46171	-5.44944	0.386584	-0.809859	
1.05361	1.08272	-1.25358	1.36521	0.513015	1.91543	1.77525	0.3116	-0.569704	
1.14593	0.914736	-1.07606	1.38736	0.533434	1.35063	0.471543	0.241429	-0.381302	
1.21825	0.80054	-1.0289	1.4092	0.554184	0.928638	0.54801	0.190951	-0.246356	
1.27538	0.726887	-0.974101	1.43073	0.575259	0.638166	0.649604	0.155354	-0.151628	
1.32174	0.681742	-0.909141	1.45194	0.596654	0.441398	0.756704	0.130203	-0.0850883	
1.36044	0.656659	-0.83347	1.47283	0.618365	0.31173	0.861835	0.112392	-0.0382933	
1.39364	0.645706	-0.747287	1.49339	0.640387	0.230352	0.958396	0.0997488	-0.00531843	
1.42287	0.644713	-0.651447	1.51361	0.662715	0.183733	1.04006	0.0907439	0.0180028	
1.44921	0.650739	-0.547441	1.5335	0.685344	0.161885	1.10134	0.0842922	0.0346052	
1.47344	0.661713	-0.437307	1.55305	0.708269	0.157206	1.13834	0.0796101	0.0465556	
1.49613	0.676184	-0.323473	1.57225	0.731484	0.163789	1.14943	0.0761221	0.0553004	
1.5177	0.693145	-0.20853	1.5911	0.754985	0.177035	1.13544	0.0734041	0.0618394	
1.53845	0.711916	-0.0949861	1.6096	0.778765	0.193466	1.09944	0.0711496	0.0668494	
1.55859	0.732041	0.0149581	1.62774	0.802821	0.2106	1.04606	0.0691489	0.0707796	
1.57824	0.753221	0.119564	1.64551	0.827146	0.226828	0.980597	0.0672718	0.0739251	
1.59747	0.775252	0.217624	1.66292	0.851734	0.241254	0.908206	0.0654486	0.0764821	
1.61631	0.797995	0.308445	1.67996	0.876582	0.253512	0.833328	0.0636509	0.0785869	
1.63475	0.821342	0.391777	1.69662	0.901681	0.263586	0.759407	0.0618738	0.0803397	
1.65278	0.84521	0.467718	1.71291	0.927028	0.271661	0.688866	0.0601233	0.0818183	
1.6704	0.869532	0.536605	1.72881	0.952617	0.278018	0.623223	0.0584072	0.0830848	
1.68759	0.894252	0.598927	1.74433	0.978441	0.282956	0.563284	0.0567314	0.0841888	
1.70436	0.919325	0.655255	1.75945	1.00449	0.286759	0.509334	0.0550983	0.0851697	
1.72068	0.944714	0.706189	1.77419	1.03077	0.28967	0.461307	0.053507	0.0860581	
1.73657	0.970391	0.752319	1.78853	1.05727	0.291894	0.418913	0.0519541	0.0868771	
1.75203	0.996332	0.794211	1.80247	1.08398	0.293593	0.38174	0.0504346	0.0876437	
1.76706	1.02252	0.832385	1.81601	1.11089	0.294892	0.349314	0.0489432	0.0883699	
1.78167	1.04894	0.867316	1.82914	1.138	0.29589	0.321146	0.0474743	0.0890642	
1.79584	1.07558	0.899431	1.84186	1.16531	0.29666	0.29676	0.0460227	0.0897323	
1.80959	1.10243	0.929107	1.85418	1.19281	0.297258	0.275705	0.0445837	0.090378	
1.82292	1.12948	0.956677	1.86608	1.22049	0.297726	0.257566	0.0431535	0.0910033	
1.83583	1.15673	0.982434	1.87756	1.24834	0.298095	0.24197	0.0417287	0.0916097	
1.84832	1.18416	1.00663	1.88863	1.27636	0.298388	0.228579	0.0403066	0.0921977	
1.86038	1.21178	1.02949	1.89927	1.30455	0.298623	0.217098	0.0388851	0.0927675	
1.87203	1.23957	1.0512	1.90949	1.33289	0.298812	0.207265	0.0374624	0.093319	
1.88324	1.26753	1.07193	1.91928	1.36138	0.298966	0.198852	0.0360374	0.093852	
1.89404	1.29565	1.09181	1.92864	1.39001	0.299091	0.191658	0.0346091	0.0943663	
1.9044	1.32392	1.11098	1.93758	1.41878	0.299195	0.185513	0.0331767	0.0948613	
1.91434	1.35235	1.12953	1.94608	1.44769	0.299281	0.180265	0.0317398	0.0953368	
1.92385	1.38092	1.14755	1.95415	1.47672	0.299352	0.175786	0.0302981	0.0957925	
1.93292	1.40963	1.16513	1.96178	1.50586	0.299411	0.171966	0.0288515	0.0962279	
1.94157	1.43847	1.18233	1.96897	1.53512	0.299461	0.168708	0.0273998	0.0966429	
1.94978	1.46744	1.1992	1.97572	1.56448	0.299503	0.165931	0.0259431	0.0970372	
1.95755	1.49653	1.21579	1.98203	1.59394	0.299538	0.163564	0.0244815	0.0974104	
1.96489	1.52572	1.23215	1.9879	1.62349	0.299568	0.161548	0.0230151	0.0977625	
1.97178	1.55503	1.2483	1.99333	1.65312	0.299593	0.15983	0.0215441	0.0980932	
1.97824	1.58443	1.26429	1.99831	1.68283	0.299614	0.158367	0.0200687	0.0984023	
1.98425	1.61393	1.28012	2.00284	1.71262	0.299632	0.157121	0.0185892	0.0986897	
1.98982	1.64351	1.29584	2.00693	1.74247	0.299648	0.15606	0.0171058	0.0989553	
1.99495	1.67317	1.31144	2.01056	1.77237	0.29966	0.155157	0.0156187	0.0991989	
1.99963	1.70291	1.32696	2.01375	1.80233	0.299671	0.154389	0.0141284	0.0994205	
2.00386	1.73271	1.3424	2.01649	1.83233	0.299681	0.153735	0.012635	0.0996199	
2.00764	1.76258	1.35777	2.01878	1.86237	0.299689	0.153178	0.0111389	0.0997971	
2.01098	1.79249	1.37309	2.02062	1.89244	0.299695	0.152704	0.00964043	0.099952	
2.01387	1.82246	1.38836	2.02201	1.92254	0.299701	0.1523	0.00813985	0.100085	
2.01631	1.85246	1.40359	2.02294	1.95265	0.299706	0.151957	0.0066375	0.100195	
2.01829	1.88249	1.41878	2.02343	1.98278	0.29971	0.151665	0.00513371	0.100282	
2.01983	1.91256	1.43395	2.02346	2.0129	0.299714	0.151417	0.00362881	0.100348	
2.02092	1.94264	1.44909	2.02304	2.04303	0.299717	0.151205	0.00212313	0.10039	
2.02155	1.97273	1.46421	2.02217	2.07314	0.299719	0.151026	0.000617007	0.100411	
2.02173	2.00283	1.47932	2.02084	2.10324	0.299722	0.150872	-0.000889236	0.100408	
2.02146	2.03293	1.4944	2.01907	2.13331	0.299723	0.150742	-0.00239526	0.100383	
2.02074	2.06302	1.50948	2.01684	2.16336	0.299725	0.150631	-0.00390073	0.100336	
2.01957	2.0931	1.52454	2.01417	2.19337	0.299726	0.150537	-0.0054053	0.100266	
2.01795	2.12316	1.53959	2.01104	2.22333	0.299727	0.150457	-0.00690865	0.100173	
2.01588	2.15319	1.55464	2.00747	2.25325	0.299728	0.150389	-0.00841044	0.100058	
2.01335	2.18318	1.56968	2.00344	2.2831	0.299729	0.150331	-0.00991033	0.0999209	
2.01038	2.21314	1.58471	1.99897	2.3129	0.29973	0.150281	-0.011408	0.0997609	
2.00696	2.24304	1.59974	1.99406	2.34262	0.29973	0.150239	-0.0129031	0.0995785	
2.00309	2.27289	1.61476	1.98869	2.37227	0.299731	0.150204	-0.0143952	0.0993737	
1.99877	2.30268	1.62978	1.98289	2.40183	0.299731	0.150173	-0.0158842	0.0991465	
1.99401	2.3324	1.6448	1.97664	2.4313	0.299732	0.150147	-0.0173695	0.098897	
1.9888	2.36205	1.65982	1.96995	2.46068	0.299732	0.150125	-0.018851	0.0986253	
1.98314	2.39162	1.67483	1.96282	2.48995	0.299732	0.150107	-0.0203282	0.0983314	
1.97705	2.42109	1.68984	1.95525	2.51911	0.299733	0.150091	-0.0218008	0.0980154	
1.97051	2.45048	1.70485	1.94724	2.54815	0.299733	0.150077	-0.0232685	0.0976774	
1.96353	2.47976	1.71986	1.9388	2.57707	0.299733	0.150066	-0.024731	0.0973174	
1.95612	2.50893	1.73486	1.92993	2.60587	0.299733	0.150056	-0.0261879	0.0969354	
1.94827	2.53799	1.74987	1.92063	2.63452	0.299733	0.150048	-0.027639	0.0965317	
1.93998	2.56693	1.76487	1.91089	2.66303	0.299733	0.15004	-0.0290838	0.0961063	
1.93126	2.59574	1.77988	1.90074	2.69139	0.299733	0.150034	-0.0305221	0.0956592	
1.92211	2.62441	1.79488	1.89015	2.7196	0.299733	0.150029	-0.0319535	0.0951906	
1.91252	2.65295	1.80988	1.87915	2.74765	0.299734	0.150025	-0.0333777	0.0947006	
1.90252	2.68133	1.82489	1.86772	2.77552	0.299734	0.150021	-0.0347944	0.0941893	
1.89208	2.70957	1.83989	1.85588	2.80323	0.299734	0.150018	-0.0362032	0.0936568	
1.88123	2.73765	1.85489	1.84363	2.83075	0.299734	0.150015	-0.037604	0.0931032	
1.86995	2.76555	1.86989	1.83096	2.85808	0.299734	0.150013	-0.0389962	0.0925287	
1.85826	2.79329	1.88489	1.81788	2.88523	0.299734	0.150011	-0.0403797	0.0919334	
1.84616	2.82085	1.89989	1.8044	2.91217	0.299734	0.150009	-0.0417541	0.0913174	
1.83364	2.84822	1.91489	1.79052	2.93891	0.299734	0.150008	-0.0431191	0.0906808	
1.82071	2.87541	1.9299	1.77623	2.96543	0.299734	0.150007	-0.0444744	0.0900238	
1.80737	2.90239	1.9449	1.76155	2.99174	0.299734	0.150006	-0.0458198	0.0893466	
1.79364	2.92918	1.9599	1.74648	3.01783	0.299734	0.150005	-0.0471547	0.0886493	
1.7795	2.95575	1.9749	1.73102	3.04368	0.299734	0.150004	-0.0484791	0.087932	
1.76496	2.98211	1.9899	1.71517	3.0693	0.299734	0.150004	-0.0497926	0.087195	
1.75004	3.00825	2.0049	1.69894	3.09469	0.299734	0.150003	-0.0510949	0.0864383	
1.73472	3.03416	2.0199	1.68233	3.11982	0.299734	0.150003	-0.0523857	0.0856622	
1.71901	3.05984	2.0349	1.66535	3.1447	0.299734	0.150002	-0.0536646	0.0848668	
1.70292	3.08528	2.0499	1.64799	3.16933	0.299734	0.150002	-0.0549316	0.0840523	
1.68645	3.11047	2.0649	1.63027	3.19369	0.299734	0.150002	-0.0561861	0.0832189	
1.66961	3.13542	2.0799	1.61218	3.21779	0.299734	0.150001	-0.057428	0.0823668	
1.65239	3.16011	2.0949	1.59373	3.24161	0.299734	0.150001	-0.058657	0.0814961	
1.6348	3.18454	2.1099	1.57493	3.26515	0.299734	0.150001	-0.0598728	0.0806071	
1.61685	3.2087	2.1249	1.55578	3.2884	0.299734	0.150001	-0.0610752	0.0797	
1.59854	3.23259	2.1399	1.53628	3.31137	0.299734	0.150001	-0.0622637	0.078775	
1.57988	3.25621	2.1549	1.51644	3.33404	0.299734	0.150001	-0.0634383	0.0778322	
1.56086	3.27954	2.1699	1.49626	3.35641	0.299734	0.150001	-0.0645986	0.0768719	
1.54149	3.30258	2.1849	1.47575	3.37847	0.299734	0.15	-0.0657444	0.0758943	
1.52178	3.32533	2.1999	1.45491	3.40023	0.299734	0.15	-0.0668754	0.0748996	
1.50173	3.34778	2.2149	1.43374	3.42167	0.299734	0.15	-0.0679913	0.0738881	
1.48135	3.36993	2.2299	1.41226	3.44279	0.299734	0.15	-0.0690919	0.07286	
1.46063	3.39177	2.2449	1.39046	3.46359	0.299734	0.15	-0.070177	0.0718154	
1.43959	3.4133	2.2599	1.36835	3.48405	0.299734	0.15	-0.0712463	0.0707547	
1.41824	3.43451	2.2749	1.34594	3.50418	0.299734	0.15	-0.0722996	0.0696781	
1.39656	3.45539	2.2899	1.32322	3.52398	0.299734	0.15	-0.0733366	0.0685858	
1.37457	3.47595	2.3049	1.30022	3.54343	0.299734	0.15	-0.0743571	0.0674781	
1.35228	3.49618	2.3199	1.27692	3.56253	0.299734	0.15	-0.0753608	0.0663552	
1.32969	3.51607	2.3349	1.25334	3.58129	0.299734	0.15	-0.0763476	0.0652174	
1.3068	3.53562	2.3499	1.22948	3.59968	0.299734	0.15	-0.0773173	0.0640648	
1.28362	3.55482	2.3649	1.20535	3.61772	0.299734	0.15	-0.0782695	0.0628979	
1.26016	3.57368	2.3799	1.18095	3.63539	0.299734	0.15	-0.0792041	0.0617168	
1.23641	3.59217	2.3949	1.15629	3.6527	0.299734	0.15	-0.080121	0.0605219	
1.21239	3.61032	2.4099	1.13137	3.66963	0.299734	0.15	-0.0810197	0.0593133	
1.1881	3.6281	2.4249	1.1062	3.68619	0.299734	0.15	-0.0819003	0.0580914	
1.16355	3.64551	2.4399	1.08079	3.70236	0.299734	0.15	-0.0827624	0.0568564	
1.13874	3.66255	2.4549	1.05513	3.71816	0.299734	0.15	-0.0836059	0.0556086	
1.11367	3.67922	2.4699	1.02924	3.73357	0.299734	0.15	-0.0844306	0.0543483	
1.08836	3.69551	2.4849	1.00313	3.74859	0.299734	0.15	-0.0852363	0.0530758	
1.06281	3.71142	2.4999	0.976787	3.76321	0.299734	0.15	-0.0860228	0.0517913	
1.03702	3.72694	2.5149	0.950231	3.77744	0.299734	0.15	-0.08679	0.0504952	
1.011	3.74208	2.5299	0.923464	3.79127	0.299734	0.15	-0.0875376	0.0491877	
0.984759	3.75682	2.5449	0.896494	3.80469	0.299734	0.15	-0.0882656	0.0478692	
0.958298	3.77117	2.5599	0.869325	3.81771	0.299734	0.15	-0.0889736	0.0465398	
0.931625	3.78512	2.5749	0.841963	3.83032	0.299734	0.15	-0.0896617	0.0452001	
0.904745	3.79867	2.5899	0.814416	3.84252	0.299734	0.15	-0.0903296	0.0438501	
0.877666	3.81181	2.6049	0.786689	3.8543	0.299734	0.15	-0.0909772	0.0424903	
0.850392	3.82455	2.6199	0.758788	3.86567	0.299734	0.15	-0.0916043	0.0411209	
0.82293	3.83687	2.6349	0.73072	3.87661	0.299734	0.15	-0.0922107	0.0397422	
0.795287	3.84878	2.6499	0.70249	3.88714	0.299734	0.15	-0.0927965	0.0383547	
0.767468	3.86028	2.6649	0.674106	3.89724	0.299734	0.15	-0.0933613	0.0369585	
0.739479	3.87136	2.6799	0.645574	3.90691	0.299734	0.15	-0.0939052	0.0355539	
0.711328	3.88201	2.6949	0.6169	3.91615	0.299734	0.15	-0.0944279	0.0341414	
0.68302	3.89225	2.7099	0.588091	3.92497	0.299734	0.15	-0.0949294	0.0327212	
0.654562	3.90205	2.7249	0.559152	3.93335	0.299734	0.15	-0.0954095	0.0312936	
0.625959	3.91143	2.7399	0.530091	3.94129	0.299734	0.15	-0.0958682	0.029859	
0.59722	3.92038	2.7549	0.500915	3.9488	0.299734	0.15	-0.0963052	0.0284177	
0.568349	3.9289	2.7699	0.471628	3.95587	0.299734	0.15	-0.0967207	0.02697	
0.539354	3.93698	2.7849	0.44224	3.9625	0.299734	0.15	-0.0971143	0.0255162	
0.510241	3.94463	2.7999	0.412755	3.96868	0.299734	0.15	-0.0974861	0.0240566	
0.481016	3.95184	2.8149	0.38318	3.97443	0.299734	0.15	-0.097836	0.0225917	
0.451687	3.95861	2.8299	0.353523	3.97973	0.299734	0.15	-0.0981638	0.0211217	
0.422259	3.96494	2.8449	0.323789	3.98458	0.299734	0.15	-0.0984696	0.0196469	
0.39274	3.97083	2.8599	0.293986	3.98899	0.299734	0.15	-0.0987532	0.0181677	
0.363135	3.97627	2.8749	0.264121	3.99295	0.299734	0.15	-0.0990146	0.0166844	
0.333453	3.98127	2.8899	0.234199	3.99647	0.299734	0.15	-0.0992537	0.0151974	
0.303698	3.98582	2.9049	0.204228	3.99953	0.299734	0.15	-0.0994705	0.0137069	
0.273879	3.98993	2.9199	0.174214	4.00214	0.299734	0.15	-0.0996649	0.0122134	
0.244002	3.99359	2.9349	0.144165	4.00431	0.299734	0.15	-0.0998369	0.0107171	
0.214073	3.9968	2.9499	0.114086	4.00602	0.299734	0.15	-0.0999864	0.00921838	
0.184099	3.99956	2.9649	0.0839853	4.00728	0.299734	0.15	-0.100113	0.0077176	
0.154087	4.00187	2.9799	0.0538689	4.00809	0.299734	0.15	-0.100218	0.00621508	
0.124044	4.00373	2.9949	0.0237438	4.00844	0.299734	0.15	-0.1003	0.00471117	
0.093976	4.00514	3.0099	-0.00638329	4.00835	0.299734	0.15	-0.100359	0.0032062	
0.0638905	4.0061	3.0249	-0.0365056	4.0078	0.299734	0.15	-0.100396	0.00170051	
0.0337941	4.00661	3.0399	-0.0666162	4.0068	0.299734	0.15	-0.10041	0.00019443	
0.00369337	4.00667	3.0549	-0.0967086	4.00535	0.299734	0.15	-0.100402	-0.00131169	
-0.0264048	4.00627	3.0699	-0.126776	4.00345	0.299734	0.15	-0.100371	-0.00281751	
-0.0564936	4.00542	3.0849	-0.156811	4.0011	0.299734	0.15	-0.100317	-0.00432271	
-0.0865664	4.00413	3.0999	-0.186808	3.9983	0.299734	0.15	-0.100241	-0.00582692	
-0.116616	4.00238	3.1149	-0.216759	3.99505	0.299734	0.15	-0.100143	-0.00732983	
-0.146637	4.00018	3.1299	-0.246658	3.99135	0.299734	0.15	-0.100021	-0.00883109	
-0.17662	3.99753	3.1449	-0.276498	3.9872	0.299734	0.15	-0.0998777	-0.0103304	
-0.206561	3.99443	3.1599	-0.306273	3.9826	0.299734	0.15	-0.0997115	-0.0118273	
-0.236452	3.99088	3.1749	-0.335975	3.97756	0.299734	0.15	-0.0995229	-0.0133216	
-0.266287	3.98689	3.1899	-0.365598	3.97207	0.299734	0.15	-0.0993119	-0.0148129	
-0.296058	3.98244	3.2049	-0.395136	3.96614	0.299734	0.15	-0.0990785	-0.0163008	
-0.325759	3.97755	3.2199	-0.424582	3.95977	0.299734	0.15	-0.0988228	-0.0177851	
-0.355383	3.97222	3.2349	-0.453928	3.95296	0.299734	0.15	-0.098545	-0.0192654	
-0.384924	3.96644	3.2499	-0.483169	3.9457	0.299734	0.15	-0.0982449	-0.0207414	
-0.414375	3.96022	3.2649	-0.512298	3.93801	0.299734	0.15	-0.0979227	-0.0222126	
-0.44373	3.95356	3.2799	-0.541309	3.92988	0.299734	0.15	-0.0975786	-0.0236789	
-0.472981	3.94646	3.2949	-0.570194	3.92132	0.299734	0.15	-0.0972124	-0.0251399	
-0.502123	3.93892	3.3099	-0.598947	3.91233	0.299734	0.15	-0.0968244	-0.0265952	
-0.531148	3.93095	3.3249	-0.627562	3.9029	0.299734	0.15	-0.0964146	-0.0280445	
-0.56005	3.92254	3.3399	-0.656033	3.89305	0.299734	0.15	-0.0959831	-0.0294875	
-0.588823	3.9137	3.3549	-0.684353	3.88277	0.299734	0.15	-0.09553	-0.0309239	
-0.61746	3.90443	3.3699	-0.712515	3.87207	0.299734	0.15	-0.0950554	-0.0323533	
-0.645955	3.89473	3.3849	-0.740514	3.86095	0.299734	0.15	-0.0945594	-0.0337755	
-0.674301	3.8846	3.3999	-0.768343	3.84941	0.299734	0.15	-0.0940422	-0.03519	
-0.702492	3.87405	3.4149	-0.795996	3.83745	0.299734	0.15	-0.0935038	-0.0365966	
-0.730521	3.86307	3.4299	-0.823466	3.82508	0.299734	0.15	-0.0929443	-0.037995	
-0.758383	3.85168	3.4449	-0.850747	3.8123	0.299734	0.15	-0.092364	-0.0393848	
-0.786071	3.83987	3.4599	-0.877834	3.79911	0.299734	0.15	-0.0917628	-0.0407658	
-0.813578	3.82765	3.4749	-0.904719	3.78551	0.299734	0.15	-0.091141	-0.0421376	
-0.840899	3.81502	3.4899	-0.931398	3.77152	0.299734	0.15	-0.0904987	-0.0434999	
-0.868028	3.80197	3.5049	-0.957864	3.75712	0.299734	0.15	-0.0898361	-0.0448525	
-0.894958	3.78853	3.5199	-0.984111	3.74233	0.299734	0.15	-0.0891532	-0.0461949	
-0.921683	3.77468	3.5349	-1.01013	3.72715	0.299734	0.15	-0.0884503	-0.047527	
-0.948197	3.76043	3.5499	-1.03592	3.71158	0.299734	0.15	-0.0877275	-0.0488483	
-0.974495	3.74578	3.5649	-1.06148	3.69562	0.299734	0.15	-0.0869849	-0.0501587	
-1.00057	3.73074	3.5799	-1.08679	3.67929	0.299734	0.15	-0.0862227	-0.0514578	
-1.02642	3.71532	3.5949	-1.11186	3.66257	0.299734	0.15	-0.0854412	-0.0527453	
-1.05203	3.6995	3.6099	-1.13667	3.64548	0.299734	0.15	-0.0846405	-0.0540209	
-1.0774	3.68331	3.6249	-1.16122	3.62802	0.299734	0.15	-0.0838206	-0.0552844	
-1.10253	3.66673	3.6399	-1.18551	3.6102	0.299734	0.15	-0.082982	-0.0565355	
-1.1274	3.64978	3.6549	-1.20953	3.59201	0.299734	0.15	-0.0821246	-0.0577738	
-1.15202	3.63246	3.6699	-1.23327	3.57346	0.299734	0.15	-0.0812488	-0.0589991	
-1.17637	3.61477	3.6849	-1.25673	3.55456	0.299734	0.15	-0.0803547	-0.0602111	
-1.20046	3.59672	3.6999	-1.2799	3.53531	0.299734	0.15	-0.0794426	-0.0614096	
-1.22428	3.57831	3.7149	-1.30279	3.51572	0.299734	0.15	-0.0785125	-0.0625943	
-1.24781	3.55954	3.7299	-1.32538	3.49578	0.299734	0.15	-0.0775648	-0.0637649	
-1.27106	3.54043	3.7449	-1.34766	3.47551	0.299734	0.15	-0.0765996	-0.0649212	
-1.29402	3.52096	3.7599	-1.36964	3.4549	0.299734	0.15	-0.0756172	-0.0660628	
-1.31669	3.50116	3.7749	-1.39131	3.43397	0.299734	0.15	-0.0746178	-0.0671896	
-1.33906	3.48101	3.7899	-1.41266	3.41271	0.299734	0.15	-0.0736016	-0.0683013	
-1.36112	3.46054	3.8049	-1.43369	3.39114	0.299734	0.15	-0.0725689	-0.0693976	
-1.38287	3.43973	3.8199	-1.45439	3.36925	0.299734	0.15	-0.0715198	-0.0704783	
-1.40431	3.4186	3.8349	-1.47477	3.34706	0.299734	0.15	-0.0704546	-0.0715431	
-1.42543	3.39715	3.8499	-1.4948	3.32456	0.299734	0.15	-0.0693736	-0.0725918	
-1.44623	3.37539	3.8649	-1.5145	3.30177	0.299734	0.15	-0.0682769	-0.0736242	
-1.46669	3.35332	3.8799	-1.53386	3.27868	0.299734	0.15	-0.0671649	-0.0746401	
-1.48682	3.33094	3.8949	-1.55286	3.2553	0.299734	0.15	-0.0660378	-0.0756391	
-1.50662	3.30827	3.9099	-1.57152	3.23165	0.299734	0.15	-0.0648958	-0.0766211	
-1.52607	3.2853	3.9249	-1.58981	3.20771	0.299734	0.15	-0.0637393	-0.0775859	
-1.54518	3.26204	3.9399	-1.60775	3.1835	0.299734	0.15	-0.0625683	-0.0785332	
-1.56393	3.23849	3.9549	-1.62532	3.15903	0.299734	0.15	-0.0613834	-0.0794629	
-1.58233	3.21467	3.9699	-1.64252	3.1343	0.299734	0.15	-0.0601845	-0.0803747	
-1.60037	3.19057	3.9849	-1.65935	3.10931	0.299734	0.15	-0.0589722	-0.0812684	
-1.61805	3.16621	3.9999	-1.6758	3.08407	0.299734	0.15	-0.0577466	-0.0821438	
-1.63536	3.14158	4.0149	-1.69187	3.05858	0.299734	0.15	-0.056508	-0.0830007	
-1.6523	3.1167	4.0299	-1.70755	3.03286	0.299734	0.15	-0.0552567	-0.0838389	
-1.66886	3.09157	4.0449	-1.72285	3.00691	0.299734	0.15	-0.0539929	-0.0846583	
-1.68504	3.06619	4.0599	-1.73776	2.98073	0.299734	0.15	-0.052717	-0.0854587	
-1.70085	3.04057	4.0749	-1.75227	2.95433	0.299734	0.15	-0.0514292	-0.0862398	
-1.71626	3.01471	4.0899	-1.76639	2.92771	0.299734	0.15	-0.0501299	-0.0870015	
-1.73129	2.98863	4.1049	-1.78011	2.90089	0.299734	0.15	-0.0488193	-0.0877436	
-1.74592	2.96233	4.1199	-1.79342	2.87386	0.299734	0.15	-0.0474977	-0.088466	
-1.76016	2.93581	4.1349	-1.80632	2.84664	0.299734	0.15	-0.0461654	-0.0891685	
-1.77399	2.90908	4.1499	-1.81882	2.81922	0.299734	0.15	-0.0448227	-0.0898509	
-1.78743	2.88214	4.1649	-1.8309	2.79163	0.299734	0.15	-0.04347	-0.0905131	
-1.80046	2.855	4.1799	-1.84257	2.76385	0.299734	0.15	-0.0421075	-0.091155	
-1.81308	2.82768	4.1949	-1.85382	2.7359	0.299734	0.15	-0.0407354	-0.0917763	
-1.82529	2.80016	4.2099	-1.86464	2.70779	0.299734	0.15	-0.0393543	-0.092377	
-1.83708	2.77247	4.2249	-1.87505	2.67951	0.299734	0.15	-0.0379642	-0.0929569	
-1.84846	2.7446	4.2399	-1.88503	2.65109	0.299734	0.15	-0.0365657	-0.0935159	
-1.85942	2.71657	4.2549	-1.89458	2.62252	0.299734	0.15	-0.0351589	-0.0940538	
-1.86996	2.68837	4.2699	-1.90371	2.5938	0.299734	0.15	-0.0337442	-0.0945706	
-1.88007	2.66002	4.2849	-1.9124	2.56496	0.299734	0.15	-0.0323219	-0.0950661	
-1.88976	2.63152	4.2999	-1.92065	2.53598	0.299734	0.15	-0.0308923	-0.0955402	
-1.89902	2.60288	4.3149	-1.92848	2.50689	0.299734	0.15	-0.0294558	-0.0959928	
-1.90785	2.5741	4.3299	-1.93586	2.47768	0.299734	0.15	-0.0280126	-0.0964239	
-1.91624	2.5452	4.3449	-1.94281	2.44836	0.299734	0.15	-0.0265632	-0.0968332	
-1.92421	2.51617	4.3599	-1.94931	2.41895	0.299734	0.15	-0.0251077	-0.0972207	
-1.93173	2.48702	4.3749	-1.95538	2.38944	0.299734	0.15	-0.0236466	-0.0975864	
-1.93882	2.45777	4.3899	-1.961	2.35984	0.299734	0.15	-0.0221802	-0.0979301	
-1.94546	2.42841	4.4049	-1.96617	2.33016	0.299734	0.15	-0.0207088	-0.0982518	
-1.95167	2.39896	4.4199	-1.9709	2.30041	0.299734	0.15	-0.0192328	-0.0985513	
-1.95743	2.36941	4.4349	-1.97519	2.27059	0.299734	0.15	-0.0177524	-0.0988287	
-1.96275	2.33979	4.4499	-1.97902	2.2407	0.299734	0.15	-0.016268	-0.0990839	
-1.96763	2.31008	4.4649	-1.98241	2.21077	0.299734	0.15	-0.01478	-0.0993168	
-1.97206	2.28031	4.4799	-1.98534	2.18078	0.299734	0.15	-0.0132887	-0.0995273	
-1.97604	2.25047	4.4949	-1.98783	2.15076	0.299734	0.15	-0.0117943	-0.0997154	
-1.97957	2.22058	4.5099	-1.98987	2.1207	0.299734	0.15	-0.0102973	-0.0998811	
-1.98266	2.19064	4.5249	-1.99145	2.09061	0.299734	0.15	-0.00879798	-0.100024	
-1.98529	2.16065	4.5399	-1.99259	2.06051	0.299734	0.15	-0.00729669	-0.100145	
-1.98748	2.13063	4.5549	-1.99327	2.03039	0.299734	0.15	-0.00579375	-0.100243	
-1.98921	2.10058	4.5699	-1.9935	2.00026	0.299734	0.15	-0.0042895	-0.100319	
-1.99049	2.07051	4.5849	-1.99328	1.97014	0.299734	0.15	-0.00278429	-0.100372	
-1.99133	2.04042	4.5999	-1.99261	1.94002	0.299734	0.15	-0.00127846	-0.100402	
-1.99171	2.01032	4.6149	-1.99148	1.90991	0.299734	0.15	0.000227663	-0.10041	
-1.99164	1.98022	4.6299	-1.9899	1.87982	0.299734	0.15	0.00173373	-0.100396	
-1.99112	1.95012	4.6449	-1.98788	1.84977	0.299734	0.15	0.00323942	-0.100358	
-1.99014	1.92004	4.6599	-1.9854	1.81974	0.299734	0.15	0.00474437	-0.100298	
-1.98872	1.88997	4.6749	-1.98247	1.78976	0.299734	0.15	0.00624825	-0.100216	
-1.98684	1.85993	4.6899	-1.97909	1.75982	0.299734	0.15	0.00775073	-0.100111	
-1.98452	1.82992	4.7049	-1.97527	1.72994	0.299734	0.15	0.00925147	-0.0999834	
-1.98174	1.79995	4.7199	-1.97099	1.70011	0.299734	0.15	0.0107501	-0.0998334	
-1.97852	1.77002	4.7349	-1.96627	1.67036	0.299734	0.15	0.0122464	-0.0996609	
-1.97484	1.74014	4.7499	-1.9611	1.64068	0.299734	0.15	0.0137398	-0.099466	
-1.97072	1.71033	4.7649	-1.95549	1.61108	0.299734	0.15	0.0152302	-0.0992487	
-1.96616	1.68057	4.7799	-1.94944	1.58156	0.299734	0.15	0.0167172	-0.0990091	
-1.96114	1.65089	4.7949	-1.94294	1.55215	0.299734	0.15	0.0182004	-0.0987472	
-1.95568	1.62129	4.8099	-1.936	1.52283	0.299734	0.15	0.0196795	-0.0984631	
-1.94978	1.59178	4.8249	-1.92863	1.49362	0.299734	0.15	0.0211542	-0.0981569	
-1.94344	1.56235	4.8399	-1.92081	1.46452	0.299734	0.15	0.0226241	-0.0978285	
-1.93665	1.53302	4.8549	-1.91257	1.43555	0.299734	0.15	0.0240889	-0.0974782	
-1.92943	1.5038	4.8699	-1.90388	1.4067	0.299734	0.15	0.0255483	-0.0971059	
-1.92177	1.47469	4.8849	-1.89477	1.37798	0.299734	0.15	0.027002	-0.0967117	
-1.91367	1.4457	4.8999	-1.88522	1.34941	0.299734	0.15	0.0284496	-0.0962958	
-1.90514	1.41684	4.9149	-1.87525	1.32098	0.299734	0.15	0.0298907	-0.0958583	
-1.89618	1.3881	4.9299	-1.86486	1.2927	0.299734	0.15	0.0313252	-0.0953991	
-1.88679	1.3595	4.9449	-1.85404	1.26458	0.299734	0.15	0.0327526	-0.0949186	
-1.87697	1.33105	4.9599	-1.84279	1.23663	0.299734	0.15	0.0341727	-0.0944166	
-1.86672	1.30275	4.9749	-1.83114	1.20885	0.299734	0.15	0.035585	-0.0938934	
-1.85605	1.2746	4.9899	-1.81906	1.18125	0.299734	0.15	0.0369894	-0.0933491	
-1.84496	1.24662	5.0049	-1.80658	1.15383	0.299734	0.15	0.0383854	-0.0927838	
-1.83345	1.2188	5.0199	-1.79368	1.1266	0.299734	0.15	0.0397728	-0.0921976	
-1.82153	1.19116	5.0349	-1.78038	1.09957	0.299734	0.15	0.0411512	-0.0915906	
-1.80919	1.16371	5.0499	-1.76667	1.07275	0.299734	0.15	0.0425204	-0.0909631	
-1.79644	1.13644	5.0649	-1.75256	1.04613	0.299734	0.15	0.04388	-0.0903151	
-1.78328	1.10937	5.0799	-1.73805	1.01972	0.299734	0.15	0.0452297	-0.0896467	
-1.76972	1.08249	5.0949	-1.72315	0.993536	0.299734	0.15	0.0465693	-0.0889582	
-1.75576	1.05583	5.1099	-1.70786	0.967578	0.299734	0.15	0.0478984	-0.0882497	
-1.7414	1.02937	5.1249	-1.69218	0.941852	0.299734	0.15	0.0492167	-0.0875213	
-1.72664	1.00314	5.1399	-1.67612	0.916364	0.299734	0.15	0.0505239	-0.0867733	
-1.7115	0.977126	5.1549	-1.65968	0.89112	0.299734	0.15	0.0518198	-0.0860057	
-1.69596	0.951345	5.1699	-1.64286	0.866126	0.299734	0.15	0.053104	-0.0852187	
-1.68004	0.925799	5.1849	-1.62566	0.841387	0.299734	0.15	0.0543762	-0.0844126	
-1.66374	0.900495	5.1999	-1.6081	0.816908	0.299734	0.15	0.0556363	-0.0835875	
-1.64706	0.875439	5.2149	-1.59017	0.792695	0.299734	0.15	0.0568838	-0.0827436	
-1.63	0.850636	5.2299	-1.57188	0.768754	0.299734	0.15	0.0581185	-0.0818811	
-1.61258	0.826091	5.2449	-1.55324	0.745091	0.299734	0.15	0.0593401	-0.0810001	
-1.59479	0.80181	5.2599	-1.53424	0.721709	0.299734	0.15	0.0605484	-0.0801009	
-1.57664	0.777799	5.2749	-1.51489	0.698615	0.299734	0.15	0.0617431	-0.0791837	
-1.55812	0.754063	5.2899	-1.4952	0.675814	0.299734	0.15	0.0629238	-0.0782487	
-1.53926	0.730607	5.3049	-1.47517	0.653311	0.299734	0.15	0.0640904	-0.0772961	
-1.52005	0.707437	5.3199	-1.4548	0.631111	0.299734	0.15	0.0652426	-0.0763261	
-1.50049	0.684557	5.3349	-1.43411	0.609218	0.299734	0.15	0.0663801	-0.0753389	
-1.48058	0.661974	5.3499	-1.41308	0.587639	0.299734	0.15	0.0675027	-0.0743347	
-1.46035	0.639691	5.3649	-1.39174	0.566378	0.299734	0.15	0.0686101	-0.0733139	
-1.43978	0.617715	5.3799	-1.37008	0.545439	0.299734	0.15	0.069702	-0.0722765	
-1.41888	0.59605	5.3949	-1.3481	0.524827	0.299734	0.15	0.0707783	-0.0712229	
-1.39766	0.5747	5.4099	-1.32582	0.504547	0.299734	0.15	0.0718386	-0.0701532	
-1.37613	0.553671	5.4249	-1.30324	0.484604	0.299734	0.15	0.0728828	-0.0690678	
-1.35428	0.532968	5.4399	-1.28036	0.465001	0.299734	0.15	0.0739106	-0.0679668	
-1.33212	0.512595	5.4549	-1.2572	0.445744	0.299734	0.15	0.0749217	-0.0668506	
-1.30966	0.492556	5.4699	-1.23374	0.426837	0.299734	0.15	0.075916	-0.0657193	
-1.2869	0.472857	5.4849	-1.21	0.408283	0.299734	0.15	0.0768932	-0.0645732	
-1.26384	0.453501	5.4999	-1.18599	0.390088	0.299734	0.15	0.0778532	-0.0634126	
-1.2405	0.434493	5.5149	-1.16171	0.372255	0.299734	0.15	0.0787956	-0.0622377	
-1.21688	0.415837	5.5299	-1.13716	0.354788	0.299734	0.15	0.0797202	-0.0610488	
-1.19298	0.397538	5.5449	-1.11236	0.337691	0.299734	0.15	0.0806269	-0.0598461	
-1.16881	0.379599	5.5599	-1.0873	0.320969	0.299734	0.15	0.0815155	-0.0586301	
-1.14437	0.362025	5.5749	-1.06199	0.304624	0.299734	0.15	0.0823858	-0.0574008	
-1.11967	0.344819	5.5899	-1.03644	0.28866	0.299734	0.15	0.0832375	-0.0561586	
-1.09472	0.327986	5.6049	-1.01065	0.273082	0.299734	0.15	0.0840705	-0.0549037	
-1.06952	0.311529	5.6199	-0.984633	0.257892	0.299734	0.15	0.0848845	-0.0536366	
-1.04407	0.295451	5.6349	-0.95839	0.243094	0.299734	0.15	0.0856795	-0.0523573	
-1.01838	0.279758	5.6499	-0.931929	0.228691	0.299734	0.15	0.0864552	-0.0510663	
-0.992465	0.264451	5.6649	-0.905254	0.214687	0.299734	0.15	0.0872114	-0.0497637	
-0.96632	0.249535	5.6799	-0.878372	0.201085	0.299734	0.15	0.0879481	-0.04845	
-0.939955	0.235013	5.6949	-0.85129	0.187887	0.299734	0.15	0.0886649	-0.0471254	
-0.913374	0.220887	5.7099	-0.824012	0.175097	0.299734	0.15	0.0893618	-0.0457902	
-0.886584	0.207162	5.7249	-0.796546	0.162718	0.299734	0.15	0.0900385	-0.0444446	
-0.859592	0.193841	5.7399	-0.768897	0.150752	0.299734	0.15	0.0906951	-0.0430891	
-0.832403	0.180926	5.7549	-0.741072	0.139202	0.299734	0.15	0.0913312	-0.0417239	
-0.805023	0.16842	5.7699	-0.713076	0.12807	0.299734	0.15	0.0919467	-0.0403493	
-0.777458	0.156326	5.7849	-0.684917	0.11736	0.299734	0.15	0.0925416	-0.0389656	
-0.749716	0.144647	5.7999	-0.6566	0.107074	0.299734	0.15	0.0931157	-0.0375731	
-0.721801	0.133385	5.8149	-0.628132	0.097213	0.299734	0.15	0.0936688	-0.0361722	
-0.693721	0.122544	5.8299	-0.59952	0.0877804	0.299734	0.15	0.0942008	-0.0347632	
-0.665481	0.112124	5.8449	-0.570769	0.0787781	0.299734	0.15	0.0947116	-0.0333463	
-0.637088	0.10213	5.8599	-0.541886	0.070208	0.299734	0.15	0.0952011	-0.0319219	
-0.608548	0.0925625	5.8749	-0.512879	0.0620721	0.299734	0.15	0.0956692	-0.0304904	
-0.579868	0.0834242	5.8899	-0.483752	0.0543722	0.299734	0.15	0.0961158	-0.029052	
-0.551054	0.0747171	5.9049	-0.454513	0.0471101	0.299734	0.15	0.0965408	-0.027607	
-0.522113	0.0664432	5.9199	-0.425169	0.0402874	0.299734	0.15	0.096944	-0.0261559	
-0.49305	0.0586043	5.9349	-0.395725	0.0339055	0.299734	0.15	0.0973254	-0.0246988	
-0.463874	0.0512023	5.9499	-0.366189	0.0279661	0.299734	0.15	0.0976849	-0.0232362	
-0.43459	0.0442387	5.9649	-0.336567	0.0224703	0.299734	0.15	0.0980225	-0.0217684	
-0.405204	0.0377151	5.9799	-0.306866	0.0174194	0.299734	0.15	0.098338	-0.0202956	
-0.375725	0.031633	5.9949	-0.277093	0.0128147	0.299734	0.15	0.0986313	-0.0188183	
-0.346157	0.0259938	6.0099	-0.247254	0.00865697	0.299734	0.15	0.0989025	-0.0173368	
-0.316508	0.0207987	6.0249	-0.217356	0.00494733	0.299734	0.15	0.0991514	-0.0158514	
-0.286784	0.0160489	6.0399	-0.187406	0.00168655	0.299734	0.15	0.099378	-0.0143624	
-0.256993	0.0117455	6.0549	-0.15741	-0.00112463	0.299734	0.15	0.0995823	-0.0128702	
-0.22714	0.00788946	6.0699	-0.127376	-0.00348557	0.299734	0.15	0.0997641	-0.011375	
-0.197233	0.00448161	6.0849	-0.0973091	-0.00539574	0.299734	0.15	0.0999235	-0.00987735	
-0.167278	0.00152272	6.0999	-0.0672172	-0.00685471	0.299734	0.15	0.10006	-0.00837744	
-0.137282	-0.000986517	6.1149	-0.0371068	-0.00786216	0.299734	0.15	0.100175	-0.00687565	
-0.107251	-0.00304555	6.1299	-0.00698473	-0.00841786	0.299734	0.15	0.100267	-0.00537231	
-0.0771936	-0.00465392	6.1449	0.0231423	-0.00852168	0.299734	0.15	0.100336	-0.00386776	
-0.0471152	-0.00581126	6.1599	0.0532675	-0.0081736	0.299734	0.15	0.100383	-0.00236234	
-0.0170227	-0.00651731	6.1749	0.0833841	-0.0073737	0.299734	0.15	0.100407	-0.000856391	
0.013077	-0.0067719	6.1899	0.113485	-0.00612215	0.299734	0.15	0.100408	0.000649751	
0.0431771	-0.00657499	6.2049	0.143564	-0.00441925	0.299734	0.15	0.100387	0.00215575	
0.0732708	-0.00592662	6.2199	0.173615	-0.00226536	0.299734	0.15	0.100344	0.00366126	
0.103352	-0.00482693	6.2349	0.203629	0.000339011	0.299734	0.15	0.100278	0.00516595	
0.133412	-0.00327618	6.2499	0.233612	-0.00260647	0.300366	0.0600588	0.1002	0.000669706	
0.163469	-0.00307515	6.25591	0.263547	-0.00600135	0.300364	-0.00292997	0.100079	-0.0029262	
0.193492	-0.00395301	6.25561	0.293428	-0.00984486	0.300182	-0.0470167	0.0999361	-0.00589185	
0.223471	-0.0057205	6.25091	0.323248	-0.0141361	0.299991	-0.0778733	0.0997776	-0.00841563	
0.253398	-0.00824498	6.24312	0.353001	-0.0188742	0.299845	-0.0994728	0.0996027	-0.0106292	
0.283269	-0.0114333	6.23318	0.382679	-0.024058	0.299749	-0.114594	0.0994097	-0.0126247	
0.313079	-0.01522	6.22172	0.412275	-0.0296864	0.299694	-0.125182	0.0991967	-0.0144664	
0.342822	-0.0195589	6.2092	0.441784	-0.0357581	0.299667	-0.132595	0.0989624	-0.0161992	
0.372493	-0.0244173	6.19594	0.471199	-0.0422717	0.299659	-0.137786	0.0987059	-0.0178544	
0.402086	-0.0297719	6.18216	0.500513	-0.0492258	0.29966	-0.141422	0.0984267	-0.0194539	
0.431594	-0.0356059	6.16802	0.529719	-0.0566188	0.299668	-0.143969	0.0981246	-0.0210129	
0.461011	-0.0419073	6.15362	0.558811	-0.064449	0.299677	-0.145754	0.0977997	-0.0225417	
0.49033	-0.048667	6.13905	0.587782	-0.0727147	0.299687	-0.147005	0.097452	-0.0240478	
0.519544	-0.0558781	6.12435	0.616626	-0.0814141	0.299696	-0.147883	0.0970817	-0.025536	
0.548647	-0.0635353	6.10956	0.645336	-0.0905451	0.299704	-0.1485	0.0966889	-0.0270098	
0.577632	-0.0716343	6.09471	0.673906	-0.100106	0.29971	-0.148933	0.0962739	-0.0284714	
0.606492	-0.0801715	6.07981	0.702329	-0.110094	0.299716	-0.149239	0.0958369	-0.0299223	
0.635222	-0.0891436	6.06489	0.7306	-0.120507	0.29972	-0.149454	0.095378	-0.0313635	
0.663813	-0.0985477	6.04994	0.758711	-0.131343	0.299724	-0.149606	0.0948974	-0.0327955	
0.692261	-0.108381	6.03498	0.786656	-0.1426	0.299726	-0.149714	0.0943952	-0.0342187	
0.720558	-0.118641	6.02001	0.814429	-0.154274	0.299728	-0.149791	0.0938716	-0.0356332	
0.748697	-0.129325	6.00503	0.842024	-0.166364	0.29973	-0.149846	0.0933269	-0.0370389	
0.776674	-0.14043	5.99005	0.869435	-0.178866	0.299731	-0.149886	0.092761	-0.0384358	
0.804481	-0.151955	5.97506	0.896655	-0.191778	0.299732	-0.149914	0.0921742	-0.0398237	
0.832112	-0.163895	5.96007	0.923678	-0.205097	0.299732	-0.149935	0.0915666	-0.0412024	
0.85956	-0.176248	5.94508	0.950499	-0.21882	0.299733	-0.14995	0.0909384	-0.0425716	
0.886821	-0.189012	5.93008	0.97711	-0.232943	0.299733	-0.149962	0.0902896	-0.0439312	
0.913887	-0.202184	5.91508	1.00351	-0.247464	0.299733	-0.14997	0.0896206	-0.0452807	
0.940752	-0.21576	5.90009	1.02968	-0.26238	0.299734	-0.149976	0.0889313	-0.04662	
0.96741	-0.229737	5.88509	1.05563	-0.277686	0.299734	-0.149981	0.0882221	-0.0479488	
0.993856	-0.244113	5.87009	1.08135	-0.29338	0.299734	-0.149985	0.087493	-0.0492668	
1.02008	-0.258884	5.85509	1.10683	-0.309458	0.299734	-0.149988	0.0867442	-0.0505736	
1.04609	-0.274047	5.84009	1.13206	-0.325916	0.299734	-0.14999	0.0859759	-0.0518691	
1.07186	-0.289598	5.8251	1.15705	-0.34275	0.299734	-0.149992	0.0851882	-0.0531529	
1.0974	-0.305533	5.8101	1.18178	-0.359958	0.299734	-0.149993	0.0843814	-0.0544247	
1.12269	-0.32185	5.7951	1.20625	-0.377535	0.299734	-0.149994	0.0835555	-0.0556842	
1.14774	-0.338545	5.7801	1.23045	-0.395476	0.299734	-0.149995	0.0827109	-0.0569313	
1.17253	-0.355613	5.7651	1.25438	-0.413779	0.299734	-0.149996	0.0818477	-0.0581655	
1.19706	-0.373052	5.7501	1.27803	-0.432438	0.299734	-0.149997	0.080966	-0.0593866	
1.22134	-0.390856	5.7351	1.3014	-0.451451	0.299734	-0.149997	0.0800661	-0.0605944	
1.24534	-0.409023	5.7201	1.32448	-0.470811	0.299734	-0.149998	0.0791482	-0.0617885	
1.26906	-0.427547	5.7051	1.34727	-0.490516	0.299734	-0.149998	0.0782125	-0.0629687	
1.29251	-0.446425	5.6901	1.36977	-0.51056	0.299734	-0.149998	0.0772593	-0.0641348	
1.31567	-0.465653	5.6751	1.39195	-0.53094	0.299734	-0.149999	0.0762886	-0.0652864	
1.33853	-0.485226	5.6601	1.41383	-0.55165	0.299734	-0.149999	0.0753007	-0.0664234	
1.36111	-0.50514	5.6451	1.4354	-0.572685	0.299734	-0.149999	0.0742959	-0.0675454	
1.38338	-0.52539	5.6301	1.45665	-0.594042	0.299734	-0.149999	0.0732744	-0.0686522	
1.40534	-0.545972	5.6151	1.47758	-0.615716	0.299734	-0.149999	0.0722365	-0.0697435	
1.42699	-0.566881	5.6001	1.49818	-0.6377	0.299734	-0.149999	0.0711822	-0.0708192	
1.44833	-0.588113	5.5851	1.51844	-0.659991	0.299734	-0.149999	0.070112	-0.0718789	
1.46935	-0.609662	5.5701	1.53837	-0.682584	0.299734	-0.15	0.0690259	-0.0729225	
1.49004	-0.631524	5.5551	1.55796	-0.705473	0.299734	-0.15	0.0679244	-0.0739496	
1.5104	-0.653693	5.5401	1.57721	-0.728654	0.299734	-0.15	0.0668075	-0.0749601	
1.53043	-0.676166	5.5251	1.5961	-0.75212	0.299734	-0.15	0.0656757	-0.0759538	
1.55011	-0.698937	5.5101	1.61464	-0.775867	0.299734	-0.15	0.064529	-0.0769303	
1.56945	-0.722	5.4951	1.63282	-0.79989	0.299734	-0.15	0.0633678	-0.0778896	
1.58845	-0.745351	5.4801	1.65064	-0.824182	0.299734	-0.15	0.0621924	-0.0788313	
1.60709	-0.768984	5.4651	1.66809	-0.848739	0.299734	-0.15	0.061003	-0.0797553	
1.62538	-0.792894	5.4501	1.68518	-0.873555	0.299734	-0.15	0.0597998	-0.0806613	
1.6433	-0.817076	5.4351	1.70189	-0.898625	0.299734	-0.15	0.0585832	-0.0815492	
1.66086	-0.841524	5.4201	1.71822	-0.923942	0.299734	-0.15	0.0573535	-0.0824187	
1.67805	-0.866232	5.4051	1.73416	-0.949502	0.299734	-0.15	0.0561108	-0.0832697	
1.69487	-0.891196	5.3901	1.74973	-0.975298	0.299734	-0.15	0.0548555	-0.084102	
1.71132	-0.916409	5.3751	1.7649	-1.00132	0.299734	-0.15	0.0535878	-0.0849153	
1.72738	-0.941865	5.3601	1.77969	-1.02757	0.299734	-0.15	0.0523081	-0.0857096	
1.74306	-0.96756	5.3451	1.79407	-1.05404	0.299734	-0.15	0.0510166	-0.0864845	
1.75835	-0.993487	5.3301	1.80806	-1.08073	0.299734	-0.15	0.0497137	-0.08724	
1.77325	-1.01964	5.3151	1.82165	-1.10762	0.299734	-0.15	0.0483995	-0.0879759	
1.78776	-1.04602	5.3001	1.83483	-1.13471	0.299734	-0.15	0.0470745	-0.0886919	
1.80187	-1.0726	5.2851	1.84761	-1.16199	0.299734	-0.15	0.0457388	-0.0893881	
1.81558	-1.0994	5.2701	1.85997	-1.18947	0.299734	-0.15	0.0443929	-0.0900641	
1.82888	-1.1264	5.2551	1.87192	-1.21712	0.299734	-0.15	0.043037	-0.0907198	
1.84178	-1.1536	5.2401	1.88345	-1.24495	0.299734	-0.15	0.0416714	-0.0913551	
1.85427	-1.18099	5.2251	1.89457	-1.27295	0.299734	-0.15	0.0402965	-0.0919699	
1.86635	-1.20856	5.2101	1.90526	-1.30112	0.299734	-0.15	0.0389124	-0.092564	
1.87801	-1.23631	5.1951	1.91553	-1.32944	0.299734	-0.15	0.0375197	-0.0931372	
1.88926	-1.26423	5.1801	1.92538	-1.35792	0.299734	-0.15	0.0361184	-0.0936895	
1.90008	-1.29231	5.1651	1.93479	-1.38653	0.299734	-0.15	0.0347091	-0.0942207	
1.91049	-1.32056	5.1501	1.94378	-1.41529	0.299734	-0.15	0.0332919	-0.0947307	
1.92047	-1.34896	5.1351	1.95233	-1.44418	0.299734	-0.15	0.0318673	-0.0952194	
1.93002	-1.3775	5.1201	1.96045	-1.47319	0.299734	-0.15	0.0304354	-0.0956867	
1.93914	-1.40619	5.1051	1.96814	-1.50232	0.299734	-0.15	0.0289968	-0.0961325	
1.94783	-1.43501	5.0901	1.97538	-1.53156	0.299734	-0.15	0.0275516	-0.0965566	
1.95609	-1.46395	5.0751	1.98219	-1.56091	0.299734	-0.15	0.0261002	-0.096959	
1.96391	-1.49302	5.0601	1.98855	-1.59036	0.299734	-0.15	0.0246429	-0.0973396	
1.97129	-1.5222	5.0451	1.99447	-1.6199	0.299734	-0.15	0.0231801	-0.0976983	
1.97824	-1.55149	5.0301	1.99995	-1.64952	0.299734	-0.15	0.0217121	-0.098035	
1.98475	-1.58088	5.0151	2.00499	-1.67923	0.299734	-0.15	0.0202392	-0.0983496	
1.99081	-1.61036	5.0001	2.00957	-1.709	0.299734	-0.15	0.0187617	-0.0986421	
1.99643	-1.63993	4.9851	2.01371	-1.73885	0.299734	-0.15	0.01728	-0.0989124	
2.00161	-1.66958	4.9701	2.01741	-1.76875	0.299734	-0.15	0.0157944	-0.0991605	
2.00635	-1.69931	4.9551	2.02065	-1.7987	0.299734	-0.15	0.0143053	-0.0993862	
2.01063	-1.72911	4.9401	2.02344	-1.82869	0.299734	-0.15	0.012813	-0.0995896	
2.01447	-1.75896	4.9251	2.02579	-1.85873	0.299734	-0.15	0.0113177	-0.0997706	
2.01786	-1.78887	4.9101	2.02768	-1.8888	0.299734	-0.15	0.00981996	-0.0999291	
2.0208	-1.81883	4.8951	2.02912	-1.91889	0.299734	-0.15	0.00831997	-0.100065	
2.02329	-1.84882	4.8801	2.03011	-1.949	0.299734	-0.15	0.00681812	-0.100179	
2.02534	-1.87885	4.8651	2.03065	-1.97912	0.299734	-0.15	0.00531472	-0.10027	
2.02693	-1.90891	4.8501	2.03074	-2.00925	0.299734	-0.15	0.00381014	-0.100338	
2.02807	-1.93899	4.8351	2.03037	-2.03938	0.299734	-0.15	0.00230469	-0.100384	
2.02876	-1.96909	4.8201	2.02956	-2.06949	0.299734	-0.15	0.000798729	-0.100407	
2.02899	-1.99919	4.8051	2.02829	-2.09959	0.299734	-0.15	-0.000707414	-0.100408	
2.02878	-2.02929	4.7901	2.02657	-2.12967	0.299734	-0.15	-0.0022134	-0.100386	
2.02811	-2.05938	4.7751	2.0244	-2.15972	0.299734	-0.15	-0.00371888	-0.100342	
2.027	-2.08946	4.7601	2.02177	-2.18973	0.299734	-0.15	-0.00522353	-0.100275	
2.02543	-2.11952	4.7451	2.0187	-2.2197	0.299734	-0.15	-0.00672701	-0.100185	
2.02341	-2.14955	4.7301	2.01518	-2.24962	0.299734	-0.15	-0.00822897	-0.100073	
2.02094	-2.17955	4.7151	2.01121	-2.27949	0.299734	-0.15	-0.00972908	-0.099938	
2.01802	-2.20951	4.7001	2.0068	-2.30929	0.299734	-0.15	-0.011227	-0.0997809	
2.01465	-2.23942	4.6851	2.00193	-2.33902	0.299734	-0.15	-0.0127224	-0.0996012	
2.01084	-2.26928	4.6701	1.99662	-2.36868	0.299734	-0.15	-0.0142149	-0.0993992	
2.00658	-2.29908	4.6551	1.99087	-2.39825	0.299734	-0.15	-0.0157043	-0.0991748	
2.00187	-2.32881	4.6401	1.98468	-2.42773	0.299734	-0.15	-0.0171901	-0.0989281	
1.99671	-2.35846	4.6251	1.97804	-2.45712	0.299734	-0.15	-0.018672	-0.0986591	
1.99111	-2.38804	4.6101	1.97096	-2.48641	0.299734	-0.15	-0.0201497	-0.098368	
1.98507	-2.41753	4.5951	1.96345	-2.51558	0.299734	-0.15	-0.0216229	-0.0980547	
1.97858	-2.44692	4.5801	1.95549	-2.54464	0.299734	-0.15	-0.0230912	-0.0977193	
1.97166	-2.47621	4.5651	1.94711	-2.57358	0.299734	-0.15	-0.0245544	-0.0973619	
1.9643	-2.5054	4.5501	1.93828	-2.60238	0.299734	-0.15	-0.026012	-0.0969827	
1.9565	-2.53447	4.5351	1.92903	-2.63105	0.299734	-0.15	-0.0274638	-0.0965816	
1.94826	-2.56342	4.5201	1.91935	-2.65958	0.299734	-0.15	-0.0289093	-0.0961588	
1.93959	-2.59225	4.5051	1.90925	-2.68796	0.299734	-0.15	-0.0303484	-0.0957144	
1.93049	-2.62094	4.4901	1.89871	-2.71619	0.299734	-0.15	-0.0317807	-0.0952484	
1.92096	-2.6495	4.4751	1.88776	-2.74426	0.299734	-0.15	-0.0332058	-0.094761	
1.91101	-2.6779	4.4601	1.87639	-2.77215	0.299734	-0.15	-0.0346234	-0.0942523	
1.90063	-2.70616	4.4451	1.86459	-2.79988	0.299734	-0.15	-0.0360332	-0.0937223	
1.88982	-2.73425	4.4301	1.85239	-2.82742	0.299734	-0.15	-0.0374349	-0.0931713	
1.8786	-2.76218	4.4151	1.83977	-2.85478	0.299734	-0.15	-0.0388283	-0.0925993	
1.86696	-2.78994	4.4001	1.82674	-2.88195	0.299734	-0.15	-0.0402128	-0.0920065	
1.8549	-2.81752	4.3851	1.81331	-2.90891	0.299734	-0.15	-0.0415883	-0.091393	
1.84243	-2.84492	4.3701	1.79948	-2.93568	0.299734	-0.15	-0.0429545	-0.0907589	
1.82955	-2.87212	4.3551	1.78524	-2.96223	0.299734	-0.15	-0.044311	-0.0901044	
1.81627	-2.89913	4.3401	1.77061	-2.98856	0.299734	-0.15	-0.0456575	-0.0894296	
1.80258	-2.92594	4.3251	1.75558	-3.01468	0.299734	-0.15	-0.0469938	-0.0887347	
1.78849	-2.95254	4.3101	1.74017	-3.04056	0.299734	-0.15	-0.0483195	-0.0880199	
1.774	-2.97893	4.2951	1.72437	-3.06621	0.299734	-0.15	-0.0496343	-0.0872852	
1.75912	-3.00509	4.2801	1.70818	-3.09162	0.299734	-0.15	-0.0509379	-0.0865309	
1.74385	-3.03103	4.2651	1.69162	-3.11679	0.299734	-0.15	-0.0522301	-0.0857571	
1.72819	-3.05674	4.2501	1.67468	-3.1417	0.299734	-0.15	-0.0535106	-0.084964	
1.71215	-3.08221	4.2351	1.65737	-3.16636	0.299734	-0.15	-0.0547789	-0.0841518	
1.69572	-3.10743	4.2201	1.63969	-3.19075	0.299734	-0.15	-0.056035	-0.0833207	
1.67892	-3.13241	4.2051	1.62165	-3.21488	0.299734	-0.15	-0.0572785	-0.0824709	
1.66175	-3.15713	4.1901	1.60324	-3.23873	0.299734	-0.15	-0.058509	-0.0816024	
1.64421	-3.18159	4.1751	1.58448	-3.26231	0.299734	-0.15	-0.0597265	-0.0807157	
1.6263	-3.20579	4.1601	1.56537	-3.2856	0.299734	-0.15	-0.0609304	-0.0798107	
1.60804	-3.22971	4.1451	1.54592	-3.3086	0.299734	-0.15	-0.0621207	-0.0788878	
1.58941	-3.25336	4.1301	1.52612	-3.3313	0.299734	-0.15	-0.063297	-0.0779472	
1.57044	-3.27672	4.1151	1.50598	-3.35371	0.299734	-0.15	-0.064459	-0.076989	
1.55111	-3.2998	4.1001	1.4855	-3.37581	0.299734	-0.15	-0.0656066	-0.0760135	
1.53144	-3.32259	4.0851	1.4647	-3.39761	0.299734	-0.15	-0.0667393	-0.0750208	
1.51143	-3.34508	4.0701	1.44358	-3.41909	0.299734	-0.15	-0.0678571	-0.0740114	
1.49109	-3.36726	4.0551	1.42213	-3.44025	0.299734	-0.15	-0.0689596	-0.0729852	
1.47042	-3.38914	4.0401	1.40037	-3.46108	0.299734	-0.15	-0.0700466	-0.0719426	
1.44942	-3.4107	4.0251	1.3783	-3.48159	0.299734	-0.15	-0.0711178	-0.0708839	
1.42809	-3.43195	4.0101	1.35592	-3.50176	0.299734	-0.15	-0.072173	-0.0698092	
1.40646	-3.45288	3.9951	1.33325	-3.5216	0.299734	-0.15	-0.073212	-0.0687188	
1.38451	-3.47348	3.9801	1.31027	-3.54109	0.299734	-0.15	-0.0742345	-0.0676129	
1.36225	-3.49374	3.9651	1.28701	-3.56023	0.299734	-0.15	-0.0752403	-0.0664918	
1.3397	-3.51367	3.9501	1.26347	-3.57903	0.299734	-0.15	-0.0762292	-0.0653558	
1.31684	-3.53326	3.9351	1.23964	-3.59747	0.299734	-0.15	-0.0772009	-0.064205	
1.2937	-3.55251	3.9201	1.21554	-3.61555	0.299734	-0.15	-0.0781553	-0.0630399	
1.27027	-3.57141	3.9051	1.19118	-3.63327	0.299734	-0.15	-0.079092	-0.0618605	
1.24656	-3.58995	3.8901	1.16655	-3.65062	0.299734	-0.15	-0.080011	-0.0606672	
1.22257	-3.60813	3.8751	1.14166	-3.66759	0.299734	-0.15	-0.080912	-0.0594602	
1.19831	-3.62596	3.8601	1.11652	-3.6842	0.299734	-0.15	-0.0817947	-0.0582399	
1.17379	-3.64341	3.8451	1.09113	-3.70042	0.299734	-0.15	-0.0826591	-0.0570065	
1.14901	-3.6605	3.8301	1.06551	-3.71626	0.299734	-0.15	-0.0835049	-0.0557602	
1.12398	-3.67722	3.8151	1.03965	-3.73172	0.299734	-0.15	-0.0843318	-0.0545014	
1.0987	-3.69355	3.8001	1.01356	-3.74678	0.299734	-0.15	-0.0851398	-0.0532304	
1.07317	-3.70951	3.7851	0.987243	-3.76146	0.299734	-0.15	-0.0859287	-0.0519473	
1.04741	-3.72508	3.7701	0.960713	-3.77573	0.299734	-0.15	-0.0866982	-0.0506526	
1.02142	-3.74026	3.7551	0.933972	-3.78961	0.299734	-0.15	-0.0874482	-0.0493465	
0.995204	-3.75505	3.7401	0.907026	-3.80308	0.299734	-0.15	-0.0881785	-0.0480293	
0.968769	-3.76945	3.7251	0.87988	-3.81615	0.299734	-0.15	-0.088889	-0.0467012	
0.942122	-3.78345	3.7101	0.852542	-3.82881	0.299734	-0.15	-0.0895795	-0.0453627	
0.915267	-3.79704	3.6951	0.825017	-3.84106	0.299734	-0.15	-0.0902499	-0.0440139	
0.888211	-3.81024	3.6801	0.797311	-3.85289	0.299734	-0.15	-0.0908999	-0.0426553	
0.86096	-3.82302	3.6651	0.769431	-3.86431	0.299734	-0.15	-0.0915295	-0.041287	
0.833521	-3.8354	3.6501	0.741383	-3.87531	0.299734	-0.15	-0.0921385	-0.0399095	
0.805899	-3.84736	3.6351	0.713173	-3.88588	0.299734	-0.15	-0.0927267	-0.038523	
0.778101	-3.8589	3.6201	0.684807	-3.89603	0.299734	-0.15	-0.0932941	-0.0371278	
0.750133	-3.87003	3.6051	0.656292	-3.90576	0.299734	-0.15	-0.0938405	-0.0357243	
0.722001	-3.88074	3.5901	0.627635	-3.91505	0.299734	-0.15	-0.0943658	-0.0343127	
0.693711	-3.89102	3.5751	0.598842	-3.92392	0.299734	-0.15	-0.0948699	-0.0328934	
0.665271	-3.90088	3.5601	0.569918	-3.93235	0.299734	-0.15	-0.0953526	-0.0314667	
0.636686	-3.91031	3.5451	0.540872	-3.94035	0.299734	-0.15	-0.0958138	-0.0300329	
0.607962	-3.91931	3.5301	0.511709	-3.94791	0.299734	-0.15	-0.0962535	-0.0285924	
0.579107	-3.92788	3.5151	0.482436	-3.95503	0.299734	-0.15	-0.0966716	-0.0271454	
0.550127	-3.93602	3.5001	0.453059	-3.96171	0.299734	-0.15	-0.0970679	-0.0256924	
0.521028	-3.94372	3.4851	0.423585	-3.96795	0.299734	-0.15	-0.0974423	-0.0242335	
0.491816	-3.95098	3.4701	0.394021	-3.97375	0.299734	-0.15	-0.0977948	-0.0227692	
0.462499	-3.95781	3.4551	0.364374	-3.97911	0.299734	-0.15	-0.0981254	-0.0212998	
0.433083	-3.96419	3.4401	0.334649	-3.98401	0.299734	-0.15	-0.0984338	-0.0198256	
0.403574	-3.97013	3.4251	0.304854	-3.98848	0.299734	-0.15	-0.0987201	-0.0183469	
0.37398	-3.97563	3.4101	0.274996	-3.99249	0.299734	-0.15	-0.0989842	-0.0168641	
0.344306	-3.98068	3.3951	0.24508	-3.99606	0.299734	-0.15	-0.099226	-0.0153775	
0.31456	-3.98529	3.3801	0.215115	-3.99918	0.299734	-0.15	-0.0994455	-0.0138874	
0.284748	-3.98945	3.3651	0.185106	-4.00184	0.299734	-0.15	-0.0996426	-0.0123942	
0.254878	-3.99316	3.3501	0.15506	-4.00406	0.299734	-0.15	-0.0998173	-0.0108982	
0.224954	-3.99643	3.3351	0.124985	-4.00583	0.299734	-0.15	-0.0999695	-0.0093998	
0.194986	-3.99924	3.3201	0.0948864	-4.00714	0.299734	-0.15	-0.100099	-0.00789926	
0.164978	-4.00161	3.3051	0.0647716	-4.00801	0.299734	-0.15	-0.100207	-0.00639694	
0.134938	-4.00353	3.2901	0.0346472	-4.00842	0.299734	-0.15	-0.100291	-0.00489318	
0.104873	-4.00499	3.2751	0.00451998	-4.00838	0.299734	-0.15	-0.100353	-0.00338832	
0.0747896	-4.006	3.2601	-0.0256032	-4.00789	0.299734	-0.15	-0.100393	-0.00188269	
0.0446941	-4.00657	3.2451	-0.0557157	-4.00694	0.299734	-0.15	-0.10041	-0.000376643	
0.0145936	-4.00668	3.2301	-0.0858106	-4.00555	0.299734	-0.15	-0.100404	0.00112949	
-0.0155053	-4.00634	3.2151	-0.115881	-4.0037	0.299734	-0.15	-0.100376	0.00263537	
-0.0455956	-4.00554	3.2001	-0.145921	-4.0014	0.299734	-0.15	-0.100325	0.00414065	
-0.0756706	-4.0043	3.1851	-0.175922	-3.99866	0.299734	-0.15	-0.100252	0.00564501	
-0.105724	-4.00261	3.1701	-0.205879	-3.99546	0.299734	-0.15	-0.100156	0.00714809	
-0.135748	-4.00046	3.1551	-0.235785	-3.99181	0.299734	-0.15	-0.100037	0.00864957	
-0.165737	-3.99787	3.1401	-0.265633	-3.98772	0.299734	-0.15	-0.0998963	0.0101491	
-0.195683	-3.99482	3.1251	-0.295416	-3.98318	0.299734	-0.15	-0.0997328	0.0116463	
-0.22558	-3.99133	3.1101	-0.325127	-3.97819	0.299734	-0.15	-0.0995469	0.013141	
-0.255422	-3.98739	3.0951	-0.35476	-3.97275	0.299734	-0.15	-0.0993386	0.0146326	
-0.285201	-3.983	3.0801	-0.384309	-3.96688	0.299734	-0.15	-0.0991079	0.016121	
-0.314911	-3.97816	3.0651	-0.413766	-3.96056	0.299734	-0.15	-0.098855	0.0176058	
-0.344545	-3.97288	3.0501	-0.443125	-3.9538	0.299734	-0.15	-0.0985798	0.0190866	
-0.374096	-3.96716	3.0351	-0.472379	-3.9466	0.299734	-0.15	-0.0982824	0.020563	
-0.403559	-3.96099	3.0201	-0.501522	-3.93896	0.299734	-0.15	-0.0979629	0.0220349	
-0.432925	-3.95439	3.0051	-0.530547	-3.93088	0.299734	-0.15	-0.0976214	0.0235018	
-0.46219	-3.94734	2.9901	-0.559447	-3.92237	0.299734	-0.15	-0.0972579	0.0249634	
-0.491345	-3.93985	2.9751	-0.588217	-3.91343	0.299734	-0.15	-0.0968725	0.0264194	
-0.520384	-3.93193	2.9601	-0.61685	-3.90406	0.299734	-0.15	-0.0964653	0.0278695	
-0.549302	-3.92357	2.9451	-0.645338	-3.89426	0.299734	-0.15	-0.0960364	0.0293133	
-0.578091	-3.91478	2.9301	-0.673677	-3.88403	0.299734	-0.15	-0.0955859	0.0307505	
-0.606744	-3.90556	2.9151	-0.701858	-3.87338	0.299734	-0.15	-0.095114	0.0321808	
-0.635257	-3.89591	2.9001	-0.729877	-3.86231	0.299734	-0.15	-0.0946206	0.0336038	
-0.663621	-3.88584	2.8851	-0.757727	-3.85082	0.299734	-0.15	-0.0941059	0.0350193	
-0.691831	-3.87534	2.8701	-0.785401	-3.83891	0.299734	-0.15	-0.09357	0.0364269	
-0.71988	-3.86442	2.8551	-0.812894	-3.82659	0.299734	-0.15	-0.0930131	0.0378263	
-0.747763	-3.85308	2.8401	-0.840198	-3.81386	0.299734	-0.15	-0.0924353	0.0392172	
-0.775472	-3.84132	2.8251	-0.867309	-3.80072	0.299734	-0.15	-0.0918366	0.0405992	
-0.803002	-3.82914	2.8101	-0.894219	-3.78717	0.299734	-0.15	-0.0912173	0.0419722	
-0.830346	-3.81656	2.7951	-0.920923	-3.77323	0.299734	-0.15	-0.0905775	0.0433356	
-0.857498	-3.80357	2.7801	-0.947415	-3.75888	0.299734	-0.15	-0.0899173	0.0446894	
-0.884452	-3.79017	2.7651	-0.973689	-3.74414	0.299734	-0.15	-0.0892369	0.0460331	
-0.911202	-3.77637	2.7501	-0.999738	-3.729	0.299734	-0.15	-0.0885364	0.0473664	
-0.937742	-3.76217	2.7351	-1.02556	-3.71348	0.299734	-0.15	-0.087816	0.0486891	
-0.964066	-3.74757	2.7201	-1.05114	-3.69757	0.299734	-0.15	-0.0870758	0.0500008	
-0.990169	-3.73258	2.7051	-1.07648	-3.68128	0.299734	-0.15	-0.086316	0.0513012	
-1.01604	-3.7172	2.6901	-1.10158	-3.66461	0.299734	-0.15	-0.0855368	0.0525902	
-1.04168	-3.70143	2.6751	-1.12642	-3.64756	0.299734	-0.15	-0.0847383	0.0538672	
-1.06709	-3.68528	2.6601	-1.15101	-3.63015	0.299734	-0.15	-0.0839208	0.0551322	
-1.09224	-3.66875	2.6451	-1.17533	-3.61237	0.299734	-0.15	-0.0830844	0.0563848	
-1.11715	-3.65185	2.6301	-1.19938	-3.59422	0.299734	-0.15	-0.0822294	0.0576246	
-1.1418	-3.63457	2.6151	-1.22315	-3.57572	0.299734	-0.15	-0.0813558	0.0588516	
-1.16618	-3.61693	2.6001	-1.24665	-3.55686	0.299734	-0.15	-0.0804639	0.0600652	
-1.1903	-3.59892	2.5851	-1.26986	-3.53765	0.299734	-0.15	-0.0795539	0.0612654	
-1.21415	-3.58055	2.5701	-1.29278	-3.5181	0.299734	-0.15	-0.078626	0.0624518	
-1.23772	-3.56183	2.5551	-1.3154	-3.4982	0.299734	-0.15	-0.0776804	0.0636241	
-1.26101	-3.54275	2.5401	-1.33772	-3.47797	0.299734	-0.15	-0.0767173	0.0647821	
-1.284	-3.52333	2.5251	-1.35974	-3.4574	0.299734	-0.15	-0.075737	0.0659255	
-1.3067	-3.50357	2.5101	-1.38144	-3.43651	0.299734	-0.15	-0.0747396	0.0670541	
-1.32911	-3.48346	2.4951	-1.40283	-3.4153	0.299734	-0.15	-0.0737255	0.0681676	
-1.35121	-3.46303	2.4801	-1.4239	-3.39376	0.299734	-0.15	-0.0726947	0.0692658	
-1.373	-3.44226	2.4651	-1.44465	-3.37191	0.299734	-0.15	-0.0716476	0.0703484	
-1.39448	-3.42117	2.4501	-1.46506	-3.34976	0.299734	-0.15	-0.0705843	0.0714151	
-1.41563	-3.39976	2.4351	-1.48514	-3.32729	0.299734	-0.15	-0.0695052	0.0724658	
-1.43647	-3.37803	2.4201	-1.50488	-3.30453	0.299734	-0.15	-0.0684104	0.0735002	
-1.45697	-3.356	2.4051	-1.52428	-3.28148	0.299734	-0.15	-0.0673003	0.0745181	
-1.47715	-3.33366	2.3901	-1.54332	-3.25814	0.299734	-0.15	-0.066175	0.0755191	
-1.49698	-3.31102	2.3751	-1.56202	-3.23452	0.299734	-0.15	-0.0650348	0.0765032	
-1.51648	-3.28808	2.3601	-1.58036	-3.21061	0.299734	-0.15	-0.06388	0.0774701	
-1.53563	-3.26486	2.3451	-1.59834	-3.18644	0.299734	-0.15	-0.0627108	0.0784196	
-1.55442	-3.24135	2.3301	-1.61595	-3.162	0.299734	-0.15	-0.0615275	0.0793514	
-1.57287	-3.21756	2.3151	-1.6332	-3.13729	0.299734	-0.15	-0.0603303	0.0802653	
-1.59095	-3.1935	2.3001	-1.65007	-3.11234	0.299734	-0.15	-0.0591196	0.0811612	
-1.60867	-3.16917	2.2851	-1.66657	-3.08713	0.299734	-0.15	-0.0578956	0.0820388	
-1.62603	-3.14457	2.2701	-1.68268	-3.06167	0.299734	-0.15	-0.0566585	0.082898	
-1.64301	-3.11972	2.2551	-1.69842	-3.03598	0.299734	-0.15	-0.0554087	0.0837385	
-1.65962	-3.09462	2.2401	-1.71376	-3.01005	0.299734	-0.15	-0.0541464	0.0845602	
-1.67585	-3.06926	2.2251	-1.72872	-2.9839	0.299734	-0.15	-0.052872	0.0853629	
-1.6917	-3.04367	2.2101	-1.74328	-2.95753	0.299734	-0.15	-0.0515857	0.0861463	
-1.70716	-3.01785	2.1951	-1.75745	-2.93094	0.299734	-0.15	-0.0502877	0.0869104	
-1.72223	-2.99179	2.1801	-1.77121	-2.90414	0.299734	-0.15	-0.0489784	0.0876549	
-1.73691	-2.96552	2.1651	-1.78457	-2.87714	0.299734	-0.15	-0.0476582	0.0883797	
-1.7512	-2.93902	2.1501	-1.79752	-2.84994	0.299734	-0.15	-0.0463272	0.0890846	
-1.76508	-2.91231	2.1351	-1.81007	-2.82254	0.299734	-0.15	-0.0449857	0.0897694	
-1.77857	-2.8854	2.1201	-1.8222	-2.79497	0.299734	-0.15	-0.0436342	0.0904341	
-1.79165	-2.85829	2.1051	-1.83392	-2.76721	0.299734	-0.15	-0.0422728	0.0910784	
-1.80432	-2.83099	2.0901	-1.84522	-2.73928	0.299734	-0.15	-0.0409019	0.0917022	
-1.81658	-2.8035	2.0751	-1.8561	-2.71119	0.299734	-0.15	-0.0395218	0.0923054	
-1.82842	-2.77582	2.0601	-1.86655	-2.68294	0.299734	-0.15	-0.0381329	0.0928878	
-1.83985	-2.74798	2.0451	-1.87659	-2.65453	0.299734	-0.15	-0.0367353	0.0934494	
-1.85086	-2.71996	2.0301	-1.88619	-2.62597	0.299734	-0.15	-0.0353295	0.0939899	
-1.86145	-2.69179	2.0151	-1.89537	-2.59728	0.299734	-0.15	-0.0339157	0.0945092	
-1.87162	-2.66345	2.0001	-1.90411	-2.56845	0.299734	-0.15	-0.0324943	0.0950073	
-1.88135	-2.63497	1.9851	-1.91242	-2.53949	0.299734	-0.15	-0.0310656	0.095484	
-1.89066	-2.60635	1.9701	-1.92029	-2.51041	0.299734	-0.15	-0.0296299	0.0959392	
-1.89955	-2.57759	1.9551	-1.92773	-2.48121	0.299734	-0.15	-0.0281875	0.0963729	
-1.90799	-2.5487	1.9401	-1.93473	-2.45191	0.299734	-0.15	-0.0267388	0.0967848	
-1.91601	-2.51968	1.9251	-1.94129	-2.42251	0.299734	-0.15	-0.0252841	0.097175	
-1.92358	-2.49055	1.9101	-1.94741	-2.39301	0.299734	-0.15	-0.0238237	0.0975433	
-1.93072	-2.46131	1.8951	-1.95308	-2.36342	0.299734	-0.15	-0.0223579	0.0978897	
-1.93742	-2.43196	1.8801	-1.95831	-2.33375	0.299734	-0.15	-0.0208871	0.098214	
-1.94368	-2.40252	1.8651	-1.9631	-2.304	0.299734	-0.15	-0.0194116	0.0985163	
-1.9495	-2.37299	1.8501	-1.96743	-2.27419	0.299734	-0.15	-0.0179317	0.0987964	
-1.95487	-2.34337	1.8351	-1.97132	-2.24431	0.299734	-0.15	-0.0164478	0.0990542	
-1.9598	-2.31367	1.8201	-1.97476	-2.21438	0.299734	-0.15	-0.0149602	0.0992898	
-1.96429	-2.28391	1.8051	-1.97775	-2.18441	0.299734	-0.15	-0.0134692	0.099503	
-1.96832	-2.25408	1.7901	-1.9803	-2.15439	0.299734	-0.15	-0.0119752	0.0996938	
-1.97191	-2.22419	1.7751	-1.98239	-2.12433	0.299734	-0.15	-0.0104785	0.0998622	
-1.97505	-2.19426	1.7601	-1.98403	-2.09425	0.299734	-0.15	-0.00897948	0.100008	
-1.97774	-2.16428	1.7451	-1.98522	-2.06415	0.299734	-0.15	-0.00747841	0.100132	
-1.97998	-2.13426	1.7301	-1.98595	-2.03403	0.299734	-0.15	-0.00597565	0.100233	
-1.98177	-2.10421	1.7151	-1.98624	-2.0039	0.299734	-0.15	-0.00447154	0.100311	
-1.9831	-2.07414	1.7001	-1.98607	-1.97377	0.299734	-0.15	-0.00296643	0.100367	
-1.98399	-2.04405	1.6851	-1.98545	-1.94365	0.299734	-0.15	-0.00146066	0.1004	
-1.98443	-2.01396	1.6701	-1.98438	-1.91355	0.299734	-0.15	4.54485e-05	0.10041	
-1.98441	-1.98386	1.6551	-1.98286	-1.88346	0.299734	-0.15	0.00155154	0.100399	
-1.98394	-1.95376	1.6401	-1.98089	-1.85339	0.299734	-0.15	0.00305729	0.100364	
-1.98303	-1.92367	1.6251	-1.97846	-1.82336	0.299734	-0.15	0.00456235	0.100307	
-1.98166	-1.8936	1.6101	-1.97559	-1.79337	0.299734	-0.15	0.00606638	0.100227	
-1.97984	-1.86356	1.5951	-1.97227	-1.76343	0.299734	-0.15	0.00756905	0.100125	
-1.97756	-1.83354	1.5801	-1.96849	-1.73354	0.299734	-0.15	0.00907001	0.1	
-1.97484	-1.80356	1.5651	-1.96427	-1.70371	0.299734	-0.15	0.0105689	0.0998527	
-1.97167	-1.77363	1.5501	-1.95961	-1.67395	0.299734	-0.15	0.0120655	0.0996829	
-1.96805	-1.74375	1.5351	-1.95449	-1.64426	0.299734	-0.15	0.0135593	0.0994908	
-1.96399	-1.71392	1.5201	-1.94894	-1.61465	0.299734	-0.15	0.0150501	0.0992762	
-1.95947	-1.68416	1.5051	-1.94294	-1.58512	0.299734	-0.15	0.0165375	0.0990393	
-1.95451	-1.65447	1.4901	-1.93649	-1.55569	0.299734	-0.15	0.0180212	0.0987801	
-1.94911	-1.62486	1.4751	-1.92961	-1.52636	0.299734	-0.15	0.0195008	0.0984987	
-1.94326	-1.59533	1.4601	-1.92229	-1.49714	0.299734	-0.15	0.020976	0.0981951	
-1.93697	-1.5659	1.4451	-1.91452	-1.46803	0.299734	-0.15	0.0224465	0.0978694	
-1.93024	-1.53656	1.4301	-1.90633	-1.43904	0.299734	-0.15	0.023912	0.0975217	
-1.92307	-1.50733	1.4151	-1.8977	-1.41017	0.299734	-0.15	0.0253721	0.0971521	
-1.91546	-1.4782	1.4001	-1.88864	-1.38144	0.299734	-0.15	0.0268264	0.0967606	
-1.90742	-1.4492	1.3851	-1.87914	-1.35285	0.299734	-0.15	0.0282748	0.0963473	
-1.89894	-1.42031	1.3701	-1.86922	-1.3244	0.299734	-0.15	0.0297167	0.0959124	
-1.89003	-1.39156	1.3551	-1.85888	-1.29611	0.299734	-0.15	0.031152	0.0954558	
-1.88069	-1.36295	1.3401	-1.84811	-1.26797	0.299734	-0.15	0.0325803	0.0949778	
-1.87092	-1.33448	1.3251	-1.83692	-1.24	0.299734	-0.15	0.0340013	0.0944785	
-1.86072	-1.30615	1.3101	-1.82531	-1.2122	0.299734	-0.15	0.0354146	0.0939578	
-1.85011	-1.27799	1.2951	-1.81329	-1.18457	0.299734	-0.15	0.0368199	0.0934161	
-1.83907	-1.24999	1.2801	-1.80085	-1.15713	0.299734	-0.15	0.0382169	0.0928533	
-1.82761	-1.22215	1.2651	-1.788	-1.12988	0.299734	-0.15	0.0396054	0.0922696	
-1.81573	-1.19449	1.2501	-1.77475	-1.10283	0.299734	-0.15	0.0409849	0.0916652	
-1.80345	-1.16701	1.2351	-1.76109	-1.07597	0.299734	-0.15	0.0423552	0.0910401	
-1.79075	-1.13972	1.2201	-1.74703	-1.04933	0.299734	-0.15	0.043716	0.0903946	
-1.77764	-1.11263	1.2051	-1.73257	-1.0229	0.299734	-0.15	0.045067	0.0897287	
-1.76413	-1.08573	1.1901	-1.71772	-0.996685	0.299734	-0.15	0.0464078	0.0890426	
-1.75021	-1.05904	1.1751	-1.70248	-0.9707	0.299734	-0.15	0.0477381	0.0883365	
-1.7359	-1.03256	1.1601	-1.68684	-0.944945	0.299734	-0.15	0.0490578	0.0876105	
-1.72119	-1.00629	1.1451	-1.67083	-0.919428	0.299734	-0.15	0.0503664	0.0868648	
-1.70609	-0.980254	1.1301	-1.65443	-0.894155	0.299734	-0.15	0.0516636	0.0860996	
-1.6906	-0.954445	1.1151	-1.63765	-0.86913	0.299734	-0.15	0.0529493	0.085315	
-1.67473	-0.92887	1.1001	-1.6205	-0.844359	0.299734	-0.15	0.054223	0.0845112	
-1.65847	-0.903537	1.0851	-1.60299	-0.819849	0.299734	-0.15	0.0554845	0.0836883	
-1.64184	-0.87845	1.0701	-1.5851	-0.795604	0.299734	-0.15	0.0567335	0.0828467	
-1.62483	-0.853616	1.0551	-1.56686	-0.77163	0.299734	-0.15	0.0579698	0.0819864	
-1.60745	-0.82904	1.0401	-1.54825	-0.747932	0.299734	-0.15	0.059193	0.0811077	
-1.5897	-0.804727	1.0251	-1.5293	-0.724516	0.299734	-0.15	0.0604029	0.0802107	
-1.57159	-0.780683	1.0101	-1.50999	-0.701387	0.299734	-0.15	0.0615993	0.0792956	
-1.55312	-0.756913	0.9951	-1.49034	-0.67855	0.299734	-0.15	0.0627817	0.0783628	
-1.5343	-0.733423	0.9801	-1.47035	-0.656011	0.299734	-0.15	0.0639501	0.0774123	
-1.51513	-0.710218	0.9651	-1.45003	-0.633774	0.299734	-0.15	0.065104	0.0764443	
-1.49561	-0.687303	0.9501	-1.42937	-0.611844	0.299734	-0.15	0.0662433	0.0754592	
-1.47575	-0.664683	0.9351	-1.40838	-0.590226	0.299734	-0.15	0.0673677	0.0744571	
-1.45555	-0.642364	0.9201	-1.38708	-0.568926	0.299734	-0.15	0.0684769	0.0734382	
-1.43503	-0.620351	0.9051	-1.36545	-0.547948	0.299734	-0.15	0.0695708	0.0724029	
-1.41417	-0.598648	0.8901	-1.34352	-0.527296	0.299734	-0.15	0.0706489	0.0713512	
-1.39299	-0.57726	0.8751	-1.32128	-0.506976	0.299734	-0.15	0.0717112	0.0702835	
-1.37149	-0.556192	0.8601	-1.29873	-0.486992	0.299734	-0.15	0.0727574	0.0691999	
-1.34968	-0.535449	0.8451	-1.27589	-0.467348	0.299734	-0.15	0.0737871	0.0681008	
-1.32756	-0.515035	0.8301	-1.25275	-0.448049	0.299734	-0.15	0.0748003	0.0669864	
-1.30513	-0.494956	0.8151	-1.22933	-0.429099	0.299734	-0.15	0.0757967	0.0658569	
-1.28241	-0.475215	0.8001	-1.20563	-0.410502	0.299734	-0.15	0.0767759	0.0647126	
-1.25939	-0.455817	0.7851	-1.18165	-0.392264	0.299734	-0.15	0.077738	0.0635537	
-1.23608	-0.436767	0.7701	-1.1574	-0.374386	0.299734	-0.15	0.0786825	0.0623806	
-1.2125	-0.418068	0.7551	-1.13289	-0.356875	0.299734	-0.15	0.0796093	0.0611933	
-1.18863	-0.399726	0.7401	-1.10811	-0.339733	0.299734	-0.15	0.0805182	0.0599924	
-1.16449	-0.381743	0.7251	-1.08308	-0.322965	0.299734	-0.15	0.081409	0.0587779	
-1.14009	-0.364125	0.7101	-1.0578	-0.306574	0.299734	-0.15	0.0822815	0.0575502	
-1.11542	-0.346874	0.6951	-1.03228	-0.290565	0.299734	-0.15	0.0831354	0.0563095	
-1.09049	-0.329996	0.6801	-1.00652	-0.274939	0.299734	-0.15	0.0839707	0.0550562	
-1.06532	-0.313493	0.6651	-0.980534	-0.259702	0.299734	-0.15	0.0847871	0.0537905	
-1.0399	-0.297369	0.6501	-0.954318	-0.244857	0.299734	-0.15	0.0855844	0.0525127	
-1.01425	-0.281629	0.6351	-0.927883	-0.230406	0.299734	-0.15	0.0863624	0.0512231	
-0.988355	-0.266276	0.6201	-0.901234	-0.216354	0.299734	-0.15	0.087121	0.0499219	
-0.962237	-0.251312	0.6051	-0.874377	-0.202702	0.299734	-0.15	0.08786	0.0486095	
-0.935897	-0.236742	0.5901	-0.847318	-0.189456	0.299734	-0.15	0.0885792	0.0472862	
-0.909342	-0.222568	0.5751	-0.820064	-0.176616	0.299734	-0.15	0.0892785	0.0459523	
-0.882578	-0.208795	0.5601	-0.79262	-0.164187	0.299734	-0.15	0.0899577	0.044608	
-0.855609	-0.195424	0.5451	-0.764993	-0.152171	0.299734	-0.15	0.0906167	0.0432536	
-0.828444	-0.18246	0.5301	-0.737188	-0.14057	0.299734	-0.15	0.0912553	0.0418896	
-0.801087	-0.169904	0.5151	-0.709213	-0.129388	0.299734	-0.15	0.0918734	0.0405161	
-0.773544	-0.15776	0.5001	-0.681073	-0.118627	0.299734	-0.15	0.0924707	0.0391335	
-0.745823	-0.146031	0.4851	-0.652775	-0.108289	0.299734	-0.15	0.0930473	0.0377421	
-0.717928	-0.134719	0.4701	-0.624326	-0.0983766	0.299734	-0.15	0.093603	0.0363422	
-0.689868	-0.123826	0.4551	-0.59573	-0.0888921	0.299734	-0.15	0.0941375	0.0349341	
-0.661647	-0.113356	0.4401	-0.566996	-0.0798376	0.299734	-0.15	0.0946509	0.0335181	
-0.633272	-0.10331	0.4251	-0.538129	-0.0712151	0.299734	-0.15	0.095143	0.0320947	
-0.604749	-0.0936906	0.4101	-0.509136	-0.0630266	0.299734	-0.15	0.0956137	0.030664	
-0.576086	-0.0845003	0.3951	-0.480023	-0.0552739	0.299734	-0.15	0.0960629	0.0292263	
-0.547288	-0.0757409	0.3801	-0.450797	-0.0479587	0.299734	-0.15	0.0964905	0.0277822	
-0.518362	-0.0674145	0.3651	-0.421465	-0.0410828	0.299734	-0.15	0.0968964	0.0263317	
-0.489314	-0.0595229	0.3501	-0.392033	-0.0346475	0.299734	-0.15	0.0972804	0.0248754	
-0.460151	-0.0520679	0.3351	-0.362508	-0.0286545	0.299734	-0.15	0.0976426	0.0234134	
-0.430879	-0.0450512	0.3201	-0.332897	-0.0231049	0.299734	-0.15	0.0979828	0.0219462	
-0.401506	-0.0384743	0.3051	-0.303205	-0.0180002	0.299734	-0.15	0.098301	0.0204741	
-0.372037	-0.0323387	0.2901	-0.27344	-0.0133414	0.299734	-0.15	0.098597	0.0189973	
-0.34248	-0.0266458	0.2751	-0.243609	-0.00912958	0.299734	-0.15	0.0988709	0.0175163	
-0.31284	-0.021397	0.2601	-0.213718	-0.00536568	0.299734	-0.15	0.0991225	0.0160313	
-0.283125	-0.0165933	0.2451	-0.183773	-0.00205056	0.299734	-0.15	0.0993518	0.0145427	
-0.253341	-0.0122358	0.2301	-0.153783	0.000815049	0.299734	-0.15	0.0995587	0.0130508	
-0.223496	-0.00832557	0.2151	-0.123752	0.00323049	0.299734	-0.15	0.0997433	0.0115561	
-0.193595	-0.00486344	0.2001	-0.0936894	0.00519522	0.299734	-0.15	0.0999054	0.0100587	
-0.163645	-0.00185021	0.1851	-0.0636002	0.0067088	0.299734	-0.15	0.100045	0.008559	
-0.133654	0.000713464	0.1701	-0.0334917	0.00777089	0.299734	-0.15	0.100162	0.00705742	
-0.103627	0.00282699	0.1551	-0.00337065	0.00838124	0.299734	-0.15	0.100257	0.00555425	
-0.0735726	0.0044899	0.1401	0.0267562	0.00853974	0.299734	-0.15	0.100329	0.00404983	
-0.0434963	0.00570182	0.1251	0.056882	0.00824632	0.299734	-0.15	0.100378	0.0025445	
-0.0134052	0.00646248	0.1101	0.087	0.00750107	0.299734	-0.15	0.100405	0.0010386	
0.016694	0.0067717	0.0951003	0.117103	0.00630416	0.299734	-0.15	0.100409	-0.00046754	
0.0467944	0.00662941	0.0801003	0.147186	0.00465584	0.299734	-0.15	0.100391	-0.00197357	
0.0768893	0.00603565	0.0651003	0.17724	0.00255649	0.299734	-0.15	0.10035	-0.00347916	
