0.0245658	0.0175033	0.0124443	0.000120941	0.000120941	0.000341925	0.028446	0.00500522	0.0184614	
0.0619992	0.0179515	0.0390508	6.51422e-05	6.51762e-05	0.000177862	0.0611772	0.0107752	0.0296162	
0.0977302	0.009537	0.0595437	5.00523e-05	5.01293e-05	0.00012884	0.0930426	0.00392831	0.0569331	
0.126948	0.00261447	0.0724312	4.4459e-05	4.45669e-05	0.000107957	0.121194	0.00664853	0.0596658	
0.165901	0.00604593	0.0904748	4.21548e-05	4.22809e-05	9.77676e-05	0.157383	0.0123359	0.07633	
0.192086	0.00248024	0.0971271	4.11649e-05	4.12998e-05	9.24695e-05	0.182649	0.0159752	0.0893957	
0.22339	0.0113639	0.114452	4.07319e-05	4.08702e-05	8.96243e-05	0.211083	0.0136413	0.111114	
0.250309	0.0090323	0.121368	4.05413e-05	4.06799e-05	8.80703e-05	0.241111	0.0100836	0.130676	
0.27868	0.0157425	0.150396	4.04571e-05	4.05947e-05	8.72138e-05	0.272623	0.0240013	0.14823	
0.305143	0.0203339	0.161875	4.04202e-05	4.0556e-05	8.67396e-05	0.302265	0.032845	0.15918	
0.34082	0.0298037	0.178829	4.04042e-05	4.05381e-05	8.64764e-05	0.33889	0.0382943	0.179012	
0.363775	0.0392972	0.181623	4.03975e-05	4.05295e-05	8.63302e-05	0.367384	0.0395657	0.186838	
0.394504	0.0533897	0.205765	4.03947e-05	4.05253e-05	8.62489e-05	0.392979	0.0453822	0.20488	
0.423392	0.0564658	0.22557	4.0394e-05	4.05228e-05	8.62037e-05	0.417572	0.0501145	0.224129	
0.453149	0.0582044	0.241763	4.03942e-05	4.0521e-05	8.61786e-05	0.443589	0.0564692	0.240698	
0.48214	0.0673123	0.250852	4.03949e-05	4.05196e-05	8.61647e-05	0.465052	0.0696362	0.252236	
0.512067	0.074984	0.266753	4.03956e-05	4.05186e-05	8.61569e-05	0.503471	0.0778235	0.264199	
0.534901	0.0800202	0.279208	4.03965e-05	4.05176e-05	8.61526e-05	0.532604	0.0889455	0.278629	
0.560062	0.0919778	0.294334	4.03974e-05	4.05166e-05	8.61502e-05	0.562183	0.0986332	0.29895	
0.590144	0.0968021	0.307036	4.03984e-05	4.05156e-05	8.61489e-05	0.586843	0.101289	0.321063	
0.614954	0.111519	0.333275	4.03994e-05	4.05146e-05	8.61482e-05	0.611264	0.113031	0.341523	
0.639118	0.120975	0.352092	4.04008e-05	4.05131e-05	8.61478e-05	0.638814	0.12082	0.361783	
0.668799	0.12462	0.363999	4.04023e-05	4.05115e-05	8.61476e-05	0.668455	0.130348	0.384017	
0.699755	0.135477	0.388701	4.04037e-05	4.05102e-05	8.61474e-05	0.691437	0.142049	0.401874	
0.733697	0.150542	0.410086	4.04055e-05	4.05084e-05	8.61474e-05	0.72312	0.15557	0.421082	
0.755243	0.166724	0.437985	4.04074e-05	4.05065e-05	8.61473e-05	0.75	0.173339	0.43395	
0.784306	0.181626	0.451997	4.04096e-05	4.05042e-05	8.61473e-05	0.779875	0.187143	0.440861	
0.810313	0.196168	0.467188	4.04117e-05	4.05022e-05	8.61473e-05	0.806591	0.195732	0.466341	
0.83712	0.207603	0.485392	4.04135e-05	4.05003e-05	8.61473e-05	0.826802	0.212818	0.477663	
0.856873	0.225599	0.494946	4.04155e-05	4.04984e-05	8.61473e-05	0.857996	0.219859	0.491097	
0.879375	0.238517	0.513104	4.04171e-05	4.04968e-05	8.61473e-05	0.881762	0.230254	0.494774	
0.912418	0.25218	0.523902	4.04189e-05	4.0495e-05	8.61473e-05	0.914543	0.251764	0.509621	
0.935786	0.272943	0.538809	4.04205e-05	4.04934e-05	8.61473e-05	0.936348	0.273321	0.52082	
0.965333	0.285659	0.546813	4.04221e-05	4.04918e-05	8.61473e-05	0.968395	0.283779	0.531696	
0.994731	0.297138	0.554168	4.04235e-05	4.04904e-05	8.61472e-05	0.987529	0.301212	0.549235	
1.01724	0.316433	0.561514	4.04247e-05	4.04892e-05	8.61472e-05	1.00995	0.318109	0.562342	
1.04438	0.333237	0.572746	4.04258e-05	4.04882e-05	8.61472e-05	1.03761	0.330982	0.577514	
1.06911	0.347527	0.588099	4.0427e-05	4.0487e-05	8.61472e-05	1.05976	0.344932	0.588884	
1.09642	0.363254	0.606125	4.04285e-05	4.04855e-05	8.61472e-05	1.08764	0.365347	0.605106	
1.1205	0.383942	0.617173	4.04303e-05	4.04836e-05	8.61472e-05	1.11266	0.388176	0.623819	
1.13546	0.402567	0.634812	4.0432e-05	4.04819e-05	8.61472e-05	1.13331	0.405877	0.645932	
1.155	0.431302	0.657655	4.04339e-05	4.048e-05	8.61472e-05	1.15655	0.430811	0.663299	
1.17194	0.452984	0.670619	4.04363e-05	4.04776e-05	8.61472e-05	1.17469	0.450899	0.676355	
1.19208	0.475871	0.683996	4.04384e-05	4.04755e-05	8.61473e-05	1.19304	0.473121	0.680261	
1.20806	0.49635	0.698812	4.04404e-05	4.04735e-05	8.61473e-05	1.21037	0.502028	0.691828	
1.2303	0.516767	0.704505	4.04424e-05	4.04715e-05	8.61473e-05	1.23482	0.528411	0.707869	
1.24835	0.54585	0.728283	4.04439e-05	4.047e-05	8.61472e-05	1.26211	0.548835	0.726672	
1.2835	0.566704	0.73952	4.04461e-05	4.04678e-05	8.61472e-05	1.29062	0.569045	0.742048	
1.30416	0.596948	0.765882	4.0448e-05	4.04659e-05	8.61472e-05	1.31258	0.598745	0.758898	
1.3255	0.621227	0.781143	4.04506e-05	4.04632e-05	8.61473e-05	1.33278	0.613734	0.77793	
1.34367	0.637887	0.791073	4.04531e-05	4.04608e-05	8.61473e-05	1.34835	0.63756	0.787243	
1.36273	0.659068	0.804288	4.04551e-05	4.04588e-05	8.61473e-05	1.37472	0.653716	0.798344	
1.38959	0.675285	0.821658	4.0457e-05	4.04569e-05	8.61473e-05	1.39656	0.672302	0.816867	
1.41155	0.695664	0.834841	4.04591e-05	4.04548e-05	8.61473e-05	1.41173	0.696349	0.831926	
1.43424	0.712759	0.848634	4.04611e-05	4.04528e-05	8.61472e-05	1.43358	0.710649	0.843705	
1.45456	0.735963	0.862752	4.0463e-05	4.04509e-05	8.61472e-05	1.45504	0.744082	0.85463	
1.4721	0.760078	0.881832	4.0465e-05	4.04489e-05	8.61472e-05	1.47441	0.769706	0.874644	
1.49388	0.791009	0.888534	4.04671e-05	4.04467e-05	8.61472e-05	1.49168	0.797553	0.880521	
1.51236	0.817534	0.894991	4.04688e-05	4.04451e-05	8.61472e-05	1.50854	0.823491	0.894455	
1.53765	0.842497	0.915454	4.04702e-05	4.04437e-05	8.61472e-05	1.53647	0.838212	0.908491	
1.55136	0.865752	0.924072	4.04721e-05	4.04418e-05	8.61472e-05	1.55103	0.864466	0.921127	
1.57437	0.891338	0.939388	4.04737e-05	4.04402e-05	8.61472e-05	1.5697	0.895946	0.932129	
1.59793	0.920917	0.95556	4.04754e-05	4.04385e-05	8.61472e-05	1.59262	0.926395	0.941337	
1.6083	0.950973	0.968847	4.04773e-05	4.04366e-05	8.61472e-05	1.60794	0.957787	0.96369	
1.6226	0.975647	0.979146	4.04792e-05	4.04347e-05	8.61472e-05	1.62106	0.987797	0.974346	
1.6426	0.997466	0.997983	4.04808e-05	4.04331e-05	8.61472e-05	1.64083	1.01367	0.992214	
1.65142	1.03751	1.01277	4.04827e-05	4.04312e-05	8.61472e-05	1.65156	1.04236	1.00253	
1.66531	1.06645	1.02376	4.04846e-05	4.04293e-05	8.61472e-05	1.66802	1.07019	1.01559	
1.68675	1.09448	1.04226	4.04863e-05	4.04276e-05	8.61472e-05	1.68109	1.09694	1.029	
1.70262	1.12472	1.05131	4.04882e-05	4.04257e-05	8.61472e-05	1.69284	1.13093	1.05218	
1.71486	1.15936	1.06632	4.04898e-05	4.04241e-05	8.61472e-05	1.70215	1.16137	1.06322	
1.72686	1.18492	1.08226	4.04914e-05	4.04225e-05	8.61472e-05	1.72104	1.18295	1.07516	
1.73806	1.22001	1.0997	4.04931e-05	4.04208e-05	8.61472e-05	1.73302	1.21377	1.08871	
1.74925	1.24456	1.11539	4.0495e-05	4.04189e-05	8.61472e-05	1.74101	1.24382	1.10925	
1.75558	1.27286	1.13489	4.04967e-05	4.04172e-05	8.61472e-05	1.756	1.26735	1.13141	
1.7628	1.29994	1.1494	4.04986e-05	4.04152e-05	8.61473e-05	1.76623	1.29303	1.14856	
1.77254	1.33158	1.17098	4.05004e-05	4.04135e-05	8.61473e-05	1.77957	1.32679	1.1666	
1.78208	1.35926	1.18307	4.05023e-05	4.04116e-05	8.61473e-05	1.7901	1.36672	1.18124	
1.796	1.38597	1.20014	4.05039e-05	4.04099e-05	8.61473e-05	1.79921	1.39106	1.19611	
1.81217	1.41311	1.21484	4.05056e-05	4.04083e-05	8.61473e-05	1.81525	1.42431	1.21045	
1.82271	1.44486	1.22268	4.05071e-05	4.04068e-05	8.61473e-05	1.81742	1.45222	1.22842	
1.83091	1.46806	1.23934	4.05082e-05	4.04057e-05	8.61473e-05	1.82319	1.47744	1.24572	
1.83558	1.50478	1.25283	4.05095e-05	4.04044e-05	8.61472e-05	1.83194	1.51714	1.26344	
1.85357	1.53393	1.27811	4.05107e-05	4.04032e-05	8.61472e-05	1.84445	1.54337	1.27516	
1.85747	1.56816	1.28541	4.05122e-05	4.04017e-05	8.61473e-05	1.84844	1.57205	1.2882	
1.86468	1.59747	1.30461	4.05134e-05	4.04005e-05	8.61473e-05	1.85258	1.60307	1.30212	
1.87295	1.62326	1.31631	4.05146e-05	4.03993e-05	8.61473e-05	1.86157	1.63543	1.31917	
1.87531	1.65537	1.33702	4.05157e-05	4.03982e-05	8.61473e-05	1.87084	1.65502	1.3339	
1.88294	1.6901	1.34213	4.05168e-05	4.03971e-05	8.61473e-05	1.88524	1.67929	1.34104	
1.88455	1.7155	1.35458	4.05176e-05	4.03963e-05	8.61472e-05	1.89503	1.70983	1.35179	
1.88926	1.74357	1.36522	4.05184e-05	4.03955e-05	8.61472e-05	1.89528	1.73508	1.36329	
1.89551	1.77161	1.37566	4.05191e-05	4.03948e-05	8.61472e-05	1.90026	1.76759	1.37766	
1.90684	1.79782	1.38283	4.05198e-05	4.03942e-05	8.61472e-05	1.89894	1.79956	1.39913	
1.9146	1.83121	1.40836	4.05203e-05	4.03936e-05	8.61472e-05	1.90733	1.82359	1.41388	
1.91327	1.8578	1.43041	4.05211e-05	4.03928e-05	8.61472e-05	1.91332	1.85719	1.42099	
1.92357	1.88905	1.44494	4.05219e-05	4.0392e-05	8.61472e-05	1.9182	1.87767	1.44459	
1.92185	1.9212	1.45452	4.05226e-05	4.03912e-05	8.61473e-05	1.92031	1.91262	1.45538	
1.91974	1.95185	1.47927	4.05232e-05	4.03907e-05	8.61473e-05	1.91861	1.9461	1.47768	
1.92419	1.98285	1.48953	4.05238e-05	4.03901e-05	8.61473e-05	1.92445	1.97912	1.48919	
1.92131	2.01509	1.51203	4.05243e-05	4.03896e-05	8.61473e-05	1.92534	2.01087	1.50785	
1.92133	2.04289	1.52126	4.05247e-05	4.03892e-05	8.61473e-05	1.92691	2.03802	1.52214	
1.92456	2.06952	1.53159	4.0525e-05	4.03889e-05	8.61473e-05	1.92176	2.06691	1.53273	
1.92438	2.0976	1.53955	4.05253e-05	4.03886e-05	8.61473e-05	1.92752	2.09107	1.54609	
1.92552	2.12473	1.55814	4.05254e-05	4.03885e-05	8.61472e-05	1.9294	2.12775	1.55988	
1.93301	2.1642	1.57567	4.05256e-05	4.03883e-05	8.61472e-05	1.92726	2.16599	1.57611	
1.92483	2.19988	1.59176	4.05257e-05	4.03882e-05	8.61472e-05	1.92277	2.20026	1.60458	
1.91777	2.23539	1.61267	4.05257e-05	4.03882e-05	8.61472e-05	1.914	2.23558	1.62318	
1.91079	2.26131	1.62891	4.05256e-05	4.03882e-05	8.61473e-05	1.91092	2.25977	1.63769	
1.90783	2.29811	1.65059	4.05255e-05	4.03884e-05	8.61473e-05	1.91143	2.3004	1.66008	
1.9083	2.32493	1.66381	4.05253e-05	4.03886e-05	8.61473e-05	1.91637	2.33312	1.67232	
1.90848	2.36113	1.68007	4.0525e-05	4.03889e-05	8.61473e-05	1.90639	2.36251	1.68439	
1.90722	2.39007	1.69247	4.05246e-05	4.03893e-05	8.61473e-05	1.9068	2.3962	1.69763	
1.91001	2.419	1.70546	4.05243e-05	4.03896e-05	8.61473e-05	1.9078	2.42358	1.7112	
1.90421	2.45304	1.71777	4.05238e-05	4.039e-05	8.61473e-05	1.90401	2.45703	1.72229	
1.9022	2.48989	1.73518	4.05234e-05	4.03905e-05	8.61472e-05	1.90434	2.4885	1.73173	
1.89896	2.51873	1.75123	4.05229e-05	4.0391e-05	8.61472e-05	1.89635	2.5202	1.74002	
1.90345	2.54737	1.76492	4.05222e-05	4.03917e-05	8.61472e-05	1.89275	2.54652	1.75886	
1.8938	2.57309	1.7771	4.05216e-05	4.03923e-05	8.61472e-05	1.89126	2.57407	1.7669	
1.88571	2.60403	1.79473	4.05209e-05	4.0393e-05	8.61472e-05	1.88247	2.5953	1.77881	
1.88035	2.62804	1.80908	4.05201e-05	4.03938e-05	8.61472e-05	1.87021	2.61923	1.79443	
1.86293	2.65426	1.81506	4.05192e-05	4.03946e-05	8.61472e-05	1.86219	2.64864	1.80152	
1.85535	2.67976	1.82558	4.05186e-05	4.03953e-05	8.61472e-05	1.84863	2.68271	1.81174	
1.84435	2.70931	1.84464	4.05179e-05	4.0396e-05	8.61472e-05	1.84508	2.70607	1.83112	
1.8362	2.74791	1.85623	4.0517e-05	4.03969e-05	8.61472e-05	1.83781	2.73946	1.84929	
1.82831	2.77843	1.87834	4.05161e-05	4.03978e-05	8.61472e-05	1.82474	2.77338	1.87083	
1.81629	2.80552	1.8956	4.05149e-05	4.0399e-05	8.61472e-05	1.8164	2.80893	1.8927	
1.79907	2.83585	1.90668	4.05135e-05	4.04003e-05	8.61473e-05	1.79572	2.83948	1.91512	
1.78512	2.86281	1.92728	4.05124e-05	4.04015e-05	8.61473e-05	1.7817	2.87044	1.93567	
1.77549	2.89203	1.94332	4.0511e-05	4.04029e-05	8.61473e-05	1.7718	2.89656	1.95311	
1.76221	2.9252	1.95824	4.05095e-05	4.04044e-05	8.61473e-05	1.75527	2.92708	1.97759	
1.74778	2.9535	1.98321	4.05081e-05	4.04058e-05	8.61473e-05	1.73855	2.95066	1.99754	
1.72562	2.97905	1.99133	4.05062e-05	4.04077e-05	8.61473e-05	1.72792	2.97564	2.0069	
1.72139	3.00185	2.00173	4.05048e-05	4.04091e-05	8.61473e-05	1.71882	3.00441	2.01478	
1.70387	3.03198	2.03078	4.05035e-05	4.04104e-05	8.61473e-05	1.7108	3.03103	2.03047	
1.69404	3.05374	2.04346	4.05014e-05	4.04124e-05	8.61473e-05	1.69755	3.05239	2.04823	
1.67786	3.07914	2.06002	4.04997e-05	4.04142e-05	8.61473e-05	1.68806	3.08607	2.05891	
1.66483	3.10857	2.08236	4.04978e-05	4.0416e-05	8.61473e-05	1.67462	3.11742	2.07494	
1.65627	3.13847	2.09607	4.04957e-05	4.04182e-05	8.61473e-05	1.6606	3.14698	2.09041	
1.64157	3.1688	2.1147	4.04938e-05	4.04201e-05	8.61473e-05	1.65912	3.17159	2.10743	
1.63838	3.19784	2.12874	4.04917e-05	4.04222e-05	8.61473e-05	1.64937	3.19654	2.12492	
1.62196	3.22422	2.14798	4.04898e-05	4.04241e-05	8.61473e-05	1.63466	3.22653	2.14688	
1.61183	3.25435	2.16945	4.04877e-05	4.04262e-05	8.61473e-05	1.62139	3.25473	2.1653	
1.59389	3.2773	2.18191	4.04853e-05	4.04286e-05	8.61473e-05	1.60753	3.27291	2.17347	
1.57366	3.30694	2.19556	4.04832e-05	4.04307e-05	8.61473e-05	1.59002	3.29937	2.19017	
1.56083	3.33432	2.21135	4.04813e-05	4.04326e-05	8.61473e-05	1.57425	3.32752	2.21471	
1.542	3.35435	2.23883	4.04793e-05	4.04346e-05	8.61473e-05	1.55002	3.35919	2.23585	
1.52728	3.38472	2.25353	4.04766e-05	4.04372e-05	8.61473e-05	1.52624	3.38338	2.24837	
1.51067	3.41043	2.26825	4.04742e-05	4.04397e-05	8.61473e-05	1.50779	3.40752	2.27362	
1.48821	3.43324	2.27888	4.0472e-05	4.04419e-05	8.61473e-05	1.48865	3.43614	2.28847	
1.46855	3.45831	2.2997	4.04701e-05	4.04438e-05	8.61473e-05	1.46438	3.45587	2.30355	
1.44633	3.47957	2.30874	4.04678e-05	4.04461e-05	8.61473e-05	1.44235	3.48352	2.31461	
1.42755	3.49717	2.32658	4.04659e-05	4.0448e-05	8.61473e-05	1.43148	3.50441	2.32377	
1.40664	3.51618	2.33805	4.04638e-05	4.045e-05	8.61473e-05	1.40852	3.51966	2.34575	
1.39041	3.53173	2.36362	4.0462e-05	4.04519e-05	8.61472e-05	1.3889	3.53488	2.37233	
1.36768	3.55473	2.37729	4.04594e-05	4.04545e-05	8.61473e-05	1.36818	3.55571	2.39369	
1.35425	3.5738	2.39174	4.04571e-05	4.04568e-05	8.61473e-05	1.35386	3.573	2.40498	
1.33105	3.60085	2.41036	4.0455e-05	4.04589e-05	8.61473e-05	1.33462	3.59407	2.41856	
1.31339	3.61687	2.42411	4.04526e-05	4.04612e-05	8.61473e-05	1.31973	3.61909	2.43247	
1.2966	3.64687	2.44419	4.04505e-05	4.04634e-05	8.61473e-05	1.29797	3.64013	2.44989	
1.26461	3.66813	2.45309	4.04481e-05	4.04658e-05	8.61473e-05	1.26575	3.65872	2.45674	
1.24411	3.68374	2.47105	4.04462e-05	4.04677e-05	8.61473e-05	1.24229	3.68058	2.47078	
1.21316	3.70206	2.48745	4.04441e-05	4.04698e-05	8.61473e-05	1.21281	3.70237	2.48975	
1.19088	3.72978	2.50274	4.0442e-05	4.04719e-05	8.61473e-05	1.18785	3.72243	2.49948	
1.16829	3.75446	2.5114	4.04399e-05	4.0474e-05	8.61473e-05	1.15626	3.74848	2.52531	
1.14043	3.76895	2.52409	4.04382e-05	4.04757e-05	8.61472e-05	1.12643	3.76794	2.52833	
1.10499	3.7865	2.54249	4.04365e-05	4.04774e-05	8.61472e-05	1.10032	3.78811	2.54462	
1.07724	3.80474	2.56764	4.04346e-05	4.04793e-05	8.61472e-05	1.07768	3.7991	2.55312	
1.05471	3.81993	2.57805	4.04321e-05	4.04818e-05	8.61473e-05	1.05045	3.82071	2.57751	
1.0333	3.83696	2.59253	4.04301e-05	4.04838e-05	8.61473e-05	1.02921	3.84429	2.59301	
1.00424	3.85284	2.61142	4.04282e-05	4.04857e-05	8.61473e-05	1.00058	3.85297	2.61008	
0.982328	3.86614	2.63007	4.04261e-05	4.04878e-05	8.61473e-05	0.980953	3.87051	2.62399	
0.957753	3.88623	2.64107	4.0424e-05	4.04899e-05	8.61473e-05	0.949175	3.89188	2.63866	
0.925255	3.89998	2.65996	4.04222e-05	4.04917e-05	8.61473e-05	0.924344	3.90677	2.65107	
0.898957	3.91141	2.6663	4.04203e-05	4.04936e-05	8.61473e-05	0.89428	3.91954	2.67075	
0.872357	3.92593	2.67741	4.04188e-05	4.04951e-05	8.61472e-05	0.868725	3.93505	2.67624	
0.846592	3.94621	2.69605	4.04175e-05	4.04964e-05	8.61472e-05	0.841071	3.94998	2.69645	
0.816734	3.956	2.70961	4.04159e-05	4.0498e-05	8.61472e-05	0.815709	3.96378	2.70829	
0.785299	3.96352	2.73337	4.04143e-05	4.04996e-05	8.61472e-05	0.784669	3.97435	2.72057	
0.753875	3.97524	2.73581	4.04124e-05	4.05015e-05	8.61473e-05	0.752229	3.98858	2.73379	
0.720664	3.99539	2.74832	4.04112e-05	4.05027e-05	8.61472e-05	0.72265	4.00996	2.74587	
0.691528	4.01232	2.75828	4.041e-05	4.05039e-05	8.61472e-05	0.691982	4.02232	2.76041	
0.654495	4.01853	2.77621	4.04089e-05	4.05051e-05	8.61472e-05	0.652943	4.0256	2.77252	
0.630456	4.02824	2.78623	4.04075e-05	4.05064e-05	8.61472e-05	0.626282	4.0356	2.78037	
0.604362	4.03642	2.79965	4.04064e-05	4.05076e-05	8.61472e-05	0.599492	4.04588	2.79272	
0.578344	4.05106	2.82047	4.04052e-05	4.05087e-05	8.61472e-05	0.573918	4.05938	2.80787	
0.551263	4.06677	2.82682	4.04038e-05	4.05101e-05	8.61472e-05	0.543149	4.07187	2.81697	
0.514444	4.08384	2.8447	4.04027e-05	4.05112e-05	8.61472e-05	0.510016	4.08689	2.8336	
0.489996	4.09343	2.86313	4.04015e-05	4.05124e-05	8.61472e-05	0.485038	4.09414	2.84782	
0.466335	4.10792	2.87042	4.04002e-05	4.05137e-05	8.61472e-05	0.459445	4.10557	2.86856	
0.427856	4.11649	2.8836	4.03993e-05	4.05146e-05	8.61472e-05	0.435777	4.11237	2.88689	
0.405164	4.12098	2.90612	4.03983e-05	4.05156e-05	8.61472e-05	0.403032	4.12457	2.89912	
0.378296	4.13195	2.92559	4.03972e-05	4.05167e-05	8.61472e-05	0.376207	4.12909	2.91478	
0.348144	4.13557	2.93298	4.0396e-05	4.05179e-05	8.61473e-05	0.344457	4.13406	2.92637	
0.319408	4.13421	2.95201	4.03951e-05	4.05187e-05	8.61473e-05	0.315721	4.13293	2.94022	
0.289089	4.14675	2.95882	4.03942e-05	4.05197e-05	8.61473e-05	0.280972	4.14034	2.95139	
0.256939	4.15081	2.97631	4.03936e-05	4.05203e-05	8.61472e-05	0.262944	4.15736	2.97078	
0.231316	4.16062	2.99181	4.03928e-05	4.05211e-05	8.61472e-05	0.229386	4.16579	2.98994	
0.196936	4.16239	3.00907	4.03921e-05	4.05218e-05	8.61472e-05	0.193602	4.16875	3.00509	
0.168722	4.1709	3.01708	4.03914e-05	4.05225e-05	8.61472e-05	0.162989	4.17536	3.02069	
0.129889	4.17739	3.03533	4.03909e-05	4.0523e-05	8.61472e-05	0.126693	4.17166	3.03118	
0.10039	4.18155	3.04268	4.03904e-05	4.05235e-05	8.61472e-05	0.10184	4.18111	3.03714	
0.0704166	4.17826	3.05885	4.039e-05	4.05239e-05	8.61472e-05	0.0701549	4.17966	3.05883	
0.0433801	4.18342	3.07757	4.03896e-05	4.05243e-05	8.61472e-05	0.0433415	4.17875	3.07844	
0.0173812	4.1813	3.09296	4.03892e-05	4.05247e-05	8.61472e-05	0.00833848	4.18202	3.09922	
-0.0132652	4.18494	3.10837	4.03889e-05	4.0525e-05	8.61472e-05	-0.0164276	4.17775	3.12068	
-0.0434675	4.18237	3.1267	4.03886e-05	4.05253e-05	8.61472e-05	-0.0460062	4.17461	3.13104	
-0.0715824	4.17923	3.14202	4.03884e-05	4.05255e-05	8.61473e-05	-0.0758841	4.17136	3.1474	
-0.0906779	4.17752	3.15482	4.03883e-05	4.05256e-05	8.61473e-05	-0.101921	4.17711	3.16309	
-0.125027	4.17896	3.18034	4.03882e-05	4.05257e-05	8.61473e-05	-0.137518	4.17022	3.17806	
-0.160173	4.1781	3.20024	4.03882e-05	4.05256e-05	8.61473e-05	-0.168392	4.17378	3.18751	
-0.191965	4.18111	3.20476	4.03884e-05	4.05255e-05	8.61473e-05	-0.198222	4.17841	3.1981	
-0.219367	4.18076	3.22045	4.03885e-05	4.05254e-05	8.61473e-05	-0.228457	4.17638	3.20563	
-0.250109	4.17915	3.22946	4.03887e-05	4.05252e-05	8.61473e-05	-0.25914	4.17325	3.22496	
-0.278197	4.16884	3.24846	4.03889e-05	4.0525e-05	8.61472e-05	-0.28219	4.17025	3.24063	
-0.311458	4.16567	3.25905	4.03892e-05	4.05247e-05	8.61472e-05	-0.304763	4.1666	3.26418	
-0.336751	4.16404	3.27286	4.03896e-05	4.05243e-05	8.61472e-05	-0.332168	4.16416	3.28003	
-0.36345	4.16294	3.28577	4.039e-05	4.05239e-05	8.61472e-05	-0.361391	4.15933	3.29004	
-0.387188	4.15072	3.30838	4.03904e-05	4.05235e-05	8.61472e-05	-0.394652	4.15104	3.31016	
-0.413526	4.15032	3.32426	4.0391e-05	4.05229e-05	8.61472e-05	-0.425741	4.14698	3.33211	
-0.453094	4.14074	3.33301	4.03917e-05	4.05222e-05	8.61473e-05	-0.45997	4.1311	3.339	
-0.488573	4.13375	3.35162	4.03923e-05	4.05216e-05	8.61472e-05	-0.495291	4.13038	3.34863	
-0.519093	4.13298	3.36921	4.03931e-05	4.05208e-05	8.61472e-05	-0.523435	4.12329	3.3598	
-0.548982	4.12643	3.38145	4.03939e-05	4.052e-05	8.61473e-05	-0.550979	4.11283	3.36739	
-0.578321	4.11184	3.393	4.03948e-05	4.05191e-05	8.61473e-05	-0.578457	4.10769	3.39342	
-0.609155	4.10263	3.41367	4.03956e-05	4.05183e-05	8.61472e-05	-0.605893	4.09953	3.40599	
-0.638122	4.09817	3.42307	4.03966e-05	4.05173e-05	8.61472e-05	-0.633415	4.09177	3.41796	
-0.670202	4.09487	3.43308	4.03975e-05	4.05164e-05	8.61472e-05	-0.66824	4.08151	3.42639	
-0.699552	4.07694	3.44611	4.03984e-05	4.05155e-05	8.61472e-05	-0.697794	4.07029	3.4317	
-0.7298	4.05878	3.4601	4.03993e-05	4.05146e-05	8.61472e-05	-0.727028	4.05692	3.45033	
-0.750954	4.04776	3.47965	4.04003e-05	4.05136e-05	8.61472e-05	-0.750921	4.04189	3.46593	
-0.782074	4.04118	3.49566	4.04015e-05	4.05124e-05	8.61472e-05	-0.772881	4.02479	3.48846	
-0.804963	4.02167	3.50966	4.04029e-05	4.0511e-05	8.61472e-05	-0.796755	4.00412	3.50877	
-0.825296	4.01292	3.53642	4.04042e-05	4.05097e-05	8.61472e-05	-0.823404	3.99896	3.52085	
-0.853028	3.99317	3.54732	4.0406e-05	4.05079e-05	8.61473e-05	-0.845671	3.98423	3.53457	
-0.876512	3.98129	3.55692	4.04075e-05	4.05064e-05	8.61473e-05	-0.875392	3.97823	3.54982	
-0.904607	3.97501	3.56668	4.04088e-05	4.05051e-05	8.61473e-05	-0.902811	3.96752	3.56634	
-0.925686	3.96151	3.58521	4.041e-05	4.05039e-05	8.61472e-05	-0.926189	3.96144	3.59392	
-0.951526	3.95387	3.60748	4.04115e-05	4.05024e-05	8.61472e-05	-0.951814	3.96055	3.60937	
-0.975791	3.93726	3.6296	4.04133e-05	4.05006e-05	8.61473e-05	-0.976063	3.95351	3.62758	
-1.00387	3.92386	3.64449	4.04154e-05	4.04984e-05	8.61473e-05	-1.00552	3.94166	3.64638	
-1.03015	3.91632	3.6499	4.04174e-05	4.04965e-05	8.61473e-05	-1.02935	3.92254	3.65778	
-1.05717	3.89601	3.66677	4.04189e-05	4.0495e-05	8.61473e-05	-1.05686	3.89985	3.67195	
-1.08138	3.88336	3.68621	4.04205e-05	4.04934e-05	8.61473e-05	-1.08562	3.8806	3.6893	
-1.1092	3.86861	3.69514	4.04224e-05	4.04915e-05	8.61473e-05	-1.11054	3.86515	3.69603	
-1.13942	3.84428	3.71052	4.0424e-05	4.04899e-05	8.61472e-05	-1.138	3.84593	3.72175	
-1.15616	3.83527	3.73093	4.04258e-05	4.04881e-05	8.61472e-05	-1.15933	3.82796	3.73931	
-1.18472	3.8201	3.7476	4.04278e-05	4.04861e-05	8.61472e-05	-1.17922	3.81768	3.75654	
-1.21469	3.80323	3.77831	4.04299e-05	4.0484e-05	8.61473e-05	-1.20175	3.80824	3.7788	
-1.23088	3.78903	3.79527	4.04328e-05	4.04811e-05	8.61473e-05	-1.22247	3.79364	3.79162	
-1.25045	3.76677	3.81162	4.04354e-05	4.04784e-05	8.61473e-05	-1.24728	3.77334	3.80072	
-1.2808	3.74718	3.82009	4.04379e-05	4.0476e-05	8.61473e-05	-1.28034	3.75058	3.81165	
-1.29969	3.73737	3.82929	4.04398e-05	4.04741e-05	8.61473e-05	-1.30261	3.7356	3.82458	
-1.32198	3.72443	3.83886	4.04415e-05	4.04724e-05	8.61473e-05	-1.32974	3.71772	3.8429	
-1.34601	3.69779	3.85327	4.04429e-05	4.0471e-05	8.61472e-05	-1.34927	3.69087	3.85106	
-1.37797	3.67628	3.86473	4.04446e-05	4.04693e-05	8.61472e-05	-1.37881	3.66818	3.86241	
-1.39548	3.65548	3.87637	4.04462e-05	4.04677e-05	8.61472e-05	-1.40064	3.6477	3.88223	
-1.41958	3.62925	3.89266	4.04478e-05	4.04661e-05	8.61472e-05	-1.42121	3.63089	3.88759	
-1.44075	3.60767	3.90444	4.04497e-05	4.04642e-05	8.61472e-05	-1.45439	3.60615	3.89863	
-1.46515	3.58445	3.91796	4.04515e-05	4.04624e-05	8.61472e-05	-1.47413	3.57869	3.90974	
-1.4919	3.55833	3.93694	4.04533e-05	4.04606e-05	8.61472e-05	-1.49743	3.55725	3.9337	
-1.51811	3.53967	3.9512	4.04554e-05	4.04585e-05	8.61472e-05	-1.52476	3.5356	3.9439	
-1.54106	3.51963	3.96514	4.04575e-05	4.04564e-05	8.61472e-05	-1.54823	3.51804	3.95562	
-1.56847	3.49836	3.97064	4.04595e-05	4.04544e-05	8.61472e-05	-1.56282	3.50105	3.98153	
-1.58485	3.4826	3.98785	4.0461e-05	4.04529e-05	8.61472e-05	-1.58089	3.48447	3.99581	
-1.60127	3.46221	4.01061	4.04628e-05	4.04511e-05	8.61472e-05	-1.59915	3.46453	4.00394	
-1.62289	3.43671	4.01927	4.04652e-05	4.04487e-05	8.61472e-05	-1.62044	3.44056	4.02034	
-1.64491	3.41505	4.02826	4.04671e-05	4.04468e-05	8.61472e-05	-1.64496	3.42276	4.03776	
-1.67121	3.39922	4.04708	4.04687e-05	4.04452e-05	8.61472e-05	-1.67319	3.40887	4.04928	
-1.69208	3.37996	4.06345	4.04706e-05	4.04433e-05	8.61472e-05	-1.69313	3.39323	4.0633	
-1.7029	3.35728	4.07414	4.04727e-05	4.04412e-05	8.61472e-05	-1.7112	3.36566	4.07499	
-1.72696	3.33964	4.08339	4.04745e-05	4.04394e-05	8.61472e-05	-1.73143	3.34979	4.0938	
-1.74833	3.30864	4.09513	4.04761e-05	4.04378e-05	8.61472e-05	-1.7543	3.3225	4.10242	
-1.77841	3.28768	4.10754	4.04776e-05	4.04363e-05	8.61472e-05	-1.78366	3.30028	4.11516	
-1.79629	3.26361	4.12342	4.04792e-05	4.04347e-05	8.61472e-05	-1.80118	3.26729	4.13112	
-1.82	3.23905	4.14494	4.04809e-05	4.0433e-05	8.61472e-05	-1.81983	3.23728	4.15225	
-1.83652	3.21294	4.16225	4.04831e-05	4.04308e-05	8.61472e-05	-1.83665	3.21658	4.17087	
-1.85181	3.19079	4.17064	4.04852e-05	4.04287e-05	8.61472e-05	-1.85666	3.18943	4.18095	
-1.86884	3.16317	4.19095	4.04869e-05	4.0427e-05	8.61472e-05	-1.87263	3.16542	4.19642	
-1.88204	3.13306	4.21177	4.04889e-05	4.0425e-05	8.61473e-05	-1.88561	3.13728	4.20657	
-1.90413	3.11543	4.22454	4.04911e-05	4.04228e-05	8.61473e-05	-1.90738	3.11892	4.2086	
-1.91873	3.09246	4.22887	4.0493e-05	4.04209e-05	8.61473e-05	-1.92227	3.09034	4.22066	
-1.93643	3.06561	4.24334	4.04943e-05	4.04196e-05	8.61472e-05	-1.9392	3.06646	4.24263	
-1.94849	3.04014	4.25801	4.04958e-05	4.04182e-05	8.61472e-05	-1.9531	3.03618	4.2521	
-1.96296	3.01792	4.27594	4.04972e-05	4.04167e-05	8.61472e-05	-1.97689	3.01443	4.26897	
-1.98382	2.99244	4.28277	4.04989e-05	4.0415e-05	8.61472e-05	-1.99597	2.98865	4.28717	
-2.0017	2.96394	4.29826	4.05002e-05	4.04137e-05	8.61472e-05	-2.00365	2.95075	4.29944	
-2.01562	2.93375	4.30374	4.05016e-05	4.04123e-05	8.61472e-05	-2.01302	2.92239	4.3134	
-2.02854	2.90179	4.32731	4.05027e-05	4.04113e-05	8.61472e-05	-2.02466	2.89206	4.32367	
-2.0429	2.87052	4.33826	4.05042e-05	4.04097e-05	8.61472e-05	-2.04225	2.86763	4.3339	
-2.05378	2.84144	4.35857	4.05056e-05	4.04083e-05	8.61472e-05	-2.04744	2.838	4.35254	
-2.06537	2.81236	4.36856	4.05071e-05	4.04068e-05	8.61472e-05	-2.04936	2.81252	4.36819	
-2.07387	2.78383	4.38118	4.05084e-05	4.04055e-05	8.61472e-05	-2.05749	2.78	4.39375	
-2.07945	2.76308	4.40281	4.05096e-05	4.04043e-05	8.61472e-05	-2.06401	2.75059	4.40727	
-2.07458	2.7322	4.42747	4.05111e-05	4.04028e-05	8.61472e-05	-2.07512	2.71911	4.42721	
-2.0854	2.70044	4.44645	4.05127e-05	4.04012e-05	8.61473e-05	-2.0809	2.68668	4.44575	
-2.08837	2.66263	4.46335	4.05142e-05	4.03997e-05	8.61473e-05	-2.0873	2.65985	4.45487	
-2.09562	2.63339	4.47378	4.05156e-05	4.03983e-05	8.61473e-05	-2.09131	2.63257	4.47186	
-2.10484	2.60654	4.48604	4.05167e-05	4.03972e-05	8.61473e-05	-2.10624	2.6048	4.48514	
-2.11211	2.57097	4.50446	4.05176e-05	4.03963e-05	8.61473e-05	-2.11462	2.57441	4.50617	
-2.12515	2.53668	4.52603	4.05186e-05	4.03953e-05	8.61473e-05	-2.12142	2.53657	4.53318	
-2.12454	2.51197	4.54216	4.05196e-05	4.03942e-05	8.61473e-05	-2.1246	2.50652	4.54579	
-2.13662	2.47796	4.55287	4.05206e-05	4.03933e-05	8.61473e-05	-2.13165	2.4737	4.55379	
-2.14307	2.45257	4.56934	4.05213e-05	4.03926e-05	8.61473e-05	-2.13542	2.44725	4.57602	
-2.14477	2.41462	4.57994	4.0522e-05	4.03919e-05	8.61473e-05	-2.14643	2.40696	4.59284	
-2.14279	2.37819	4.59978	4.05226e-05	4.03913e-05	8.61472e-05	-2.14126	2.37726	4.616	
-2.14287	2.35351	4.6153	4.05232e-05	4.03907e-05	8.61473e-05	-2.13995	2.35174	4.63126	
-2.1389	2.3167	4.63914	4.05238e-05	4.03901e-05	8.61473e-05	-2.13892	2.31673	4.64476	
-2.13396	2.28624	4.65075	4.05243e-05	4.03896e-05	8.61473e-05	-2.13304	2.28426	4.66248	
-2.14034	2.25052	4.66536	4.05247e-05	4.03892e-05	8.61473e-05	-2.13983	2.24872	4.67148	
-2.14062	2.21664	4.68157	4.0525e-05	4.03888e-05	8.61473e-05	-2.13889	2.21765	4.68073	
-2.14068	2.18818	4.70266	4.05253e-05	4.03886e-05	8.61473e-05	-2.14215	2.18188	4.69334	
-2.1362	2.15688	4.71708	4.05255e-05	4.03884e-05	8.61473e-05	-2.14122	2.15282	4.71733	
-2.145	2.12068	4.72938	4.05256e-05	4.03883e-05	8.61473e-05	-2.14845	2.12352	4.73357	
-2.1478	2.09017	4.75154	4.05257e-05	4.03882e-05	8.61473e-05	-2.15462	2.09146	4.74066	
-2.14553	2.05954	4.76481	4.05256e-05	4.03882e-05	8.61473e-05	-2.15451	2.06913	4.75523	
-2.14853	2.03555	4.77385	4.05255e-05	4.03883e-05	8.61473e-05	-2.15724	2.03314	4.77456	
-2.15366	2.00316	4.79031	4.05254e-05	4.03885e-05	8.61473e-05	-2.15852	1.99916	4.7799	
-2.15665	1.968	4.81141	4.05252e-05	4.03887e-05	8.61472e-05	-2.16644	1.97254	4.78583	
-2.15818	1.94031	4.81178	4.05249e-05	4.0389e-05	8.61473e-05	-2.16405	1.94742	4.80112	
-2.15392	1.91768	4.83162	4.05247e-05	4.03892e-05	8.61472e-05	-2.16065	1.91544	4.82292	
-2.15624	1.88788	4.84917	4.05243e-05	4.03896e-05	8.61472e-05	-2.16645	1.88642	4.84515	
-2.14847	1.85727	4.8635	4.05239e-05	4.039e-05	8.61472e-05	-2.15905	1.85715	4.86617	
-2.14319	1.82978	4.87308	4.05234e-05	4.03905e-05	8.61472e-05	-2.1584	1.82833	4.88046	
-2.14183	1.79941	4.88943	4.05229e-05	4.0391e-05	8.61472e-05	-2.15187	1.79629	4.89595	
-2.13918	1.77065	4.90831	4.05223e-05	4.03916e-05	8.61472e-05	-2.14599	1.77347	4.91025	
-2.13744	1.73858	4.9351	4.05216e-05	4.03923e-05	8.61472e-05	-2.13665	1.742	4.92719	
-2.13524	1.71516	4.9541	4.05205e-05	4.03933e-05	8.61473e-05	-2.13474	1.71613	4.94158	
-2.127	1.68948	4.97411	4.05194e-05	4.03944e-05	8.61473e-05	-2.12194	1.6935	4.9572	
-2.11584	1.65866	4.98686	4.05182e-05	4.03956e-05	8.61473e-05	-2.12262	1.66657	4.96819	
-2.11962	1.62799	4.99623	4.05171e-05	4.03967e-05	8.61473e-05	-2.11777	1.6409	4.99108	
-2.11463	1.60597	5.00412	4.05162e-05	4.03977e-05	8.61473e-05	-2.10657	1.60728	5.01129	
-2.10542	1.58029	5.01849	4.05154e-05	4.03985e-05	8.61473e-05	-2.09349	1.5832	5.01895	
-2.09252	1.5506	5.02976	4.05145e-05	4.03994e-05	8.61472e-05	-2.08236	1.55625	5.02841	
-2.08063	1.52028	5.05004	4.05136e-05	4.04003e-05	8.61472e-05	-2.07995	1.52628	5.04904	
-2.07263	1.49621	5.0683	4.05124e-05	4.04015e-05	8.61472e-05	-2.06209	1.50015	5.06235	
-2.05396	1.47795	5.08343	4.0511e-05	4.04029e-05	8.61472e-05	-2.04201	1.47496	5.08615	
-2.03828	1.44592	5.10531	4.05096e-05	4.04043e-05	8.61473e-05	-2.03312	1.43965	5.10494	
-2.02966	1.41714	5.11634	4.05079e-05	4.0406e-05	8.61473e-05	-2.02967	1.41165	5.11547	
-2.01652	1.38623	5.12877	4.05064e-05	4.04074e-05	8.61473e-05	-2.01401	1.38579	5.12647	
-2.00942	1.3559	5.14344	4.05051e-05	4.04088e-05	8.61473e-05	-2.00471	1.35539	5.14215	
-1.99836	1.32669	5.16215	4.05037e-05	4.04102e-05	8.61473e-05	-1.98843	1.3247	5.15825	
-1.98617	1.29175	5.17451	4.0502e-05	4.04119e-05	8.61473e-05	-1.98054	1.2959	5.18033	
-1.97289	1.26592	5.19551	4.05005e-05	4.04134e-05	8.61472e-05	-1.9721	1.27889	5.19355	
-1.95505	1.24634	5.21422	4.04986e-05	4.04153e-05	8.61473e-05	-1.95514	1.24884	5.21538	
-1.94438	1.22206	5.22397	4.04966e-05	4.04173e-05	8.61473e-05	-1.93721	1.22499	5.22821	
-1.9201	1.18945	5.23775	4.0495e-05	4.04189e-05	8.61473e-05	-1.91701	1.19523	5.2456	
-1.89776	1.16883	5.25759	4.04933e-05	4.04206e-05	8.61473e-05	-1.8991	1.16867	5.26115	
-1.89469	1.14506	5.26737	4.04914e-05	4.04225e-05	8.61473e-05	-1.89305	1.13851	5.27714	
-1.87737	1.12122	5.28597	4.04898e-05	4.04241e-05	8.61472e-05	-1.87789	1.1108	5.29035	
-1.86445	1.09663	5.29784	4.04878e-05	4.04261e-05	8.61472e-05	-1.86478	1.08436	5.30279	
-1.85101	1.07006	5.31839	4.04861e-05	4.04278e-05	8.61472e-05	-1.84877	1.06879	5.32217	
-1.83778	1.04887	5.3404	4.0484e-05	4.04299e-05	8.61473e-05	-1.84059	1.04214	5.34397	
-1.82032	1.02523	5.35379	4.04816e-05	4.04323e-05	8.61473e-05	-1.82114	1.02586	5.35701	
-1.79922	1.00384	5.36078	4.04794e-05	4.04345e-05	8.61473e-05	-1.79571	1.0062	5.3609	
-1.77836	0.986891	5.37108	4.04777e-05	4.04362e-05	8.61473e-05	-1.78201	0.985507	5.36836	
-1.75155	0.965733	5.37629	4.04762e-05	4.04377e-05	8.61472e-05	-1.75988	0.967712	5.3792	
-1.7285	0.943422	5.38789	4.0475e-05	4.04389e-05	8.61472e-05	-1.74866	0.945251	5.38793	
-1.71358	0.926194	5.39904	4.04737e-05	4.04402e-05	8.61472e-05	-1.72729	0.922825	5.41139	
-1.69762	0.895637	5.411	4.04723e-05	4.04416e-05	8.61472e-05	-1.70992	0.888907	5.426	
-1.6792	0.874862	5.43147	4.04709e-05	4.04431e-05	8.61472e-05	-1.6868	0.870947	5.44504	
-1.66366	0.848307	5.44814	4.04688e-05	4.04451e-05	8.61472e-05	-1.67752	0.85141	5.46014	
-1.65003	0.828784	5.4654	4.04667e-05	4.04472e-05	8.61472e-05	-1.65589	0.837136	5.47255	
-1.64075	0.81159	5.47809	4.04644e-05	4.04494e-05	8.61472e-05	-1.64329	0.822426	5.49843	
-1.62431	0.7922	5.48822	4.04624e-05	4.04515e-05	8.61472e-05	-1.62543	0.806625	5.50277	
-1.60068	0.777482	5.51238	4.04606e-05	4.04533e-05	8.61472e-05	-1.60103	0.788411	5.51802	
-1.58007	0.753323	5.52173	4.04582e-05	4.04557e-05	8.61473e-05	-1.5818	0.764205	5.52305	
-1.56052	0.733073	5.54164	4.04563e-05	4.04576e-05	8.61472e-05	-1.56032	0.742097	5.54141	
-1.53099	0.718222	5.55204	4.0454e-05	4.04599e-05	8.61473e-05	-1.53781	0.720165	5.55945	
-1.51311	0.703276	5.57471	4.04521e-05	4.04618e-05	8.61472e-05	-1.51855	0.707315	5.58161	
-1.48659	0.691259	5.58837	4.04497e-05	4.04642e-05	8.61473e-05	-1.49131	0.690044	5.58201	
-1.46819	0.673097	5.6058	4.04475e-05	4.04664e-05	8.61473e-05	-1.48143	0.670231	5.59566	
-1.44361	0.657991	5.62369	4.04452e-05	4.04687e-05	8.61473e-05	-1.46048	0.650418	5.61959	
-1.42236	0.640223	5.63603	4.04429e-05	4.0471e-05	8.61473e-05	-1.43546	0.633589	5.64691	
-1.40379	0.621161	5.66214	4.04409e-05	4.0473e-05	8.61473e-05	-1.41069	0.62046	5.67408	
-1.38249	0.596473	5.68472	4.04383e-05	4.04756e-05	8.61473e-05	-1.38391	0.594055	5.68705	
-1.36652	0.575879	5.70084	4.04355e-05	4.04783e-05	8.61473e-05	-1.36119	0.57909	5.70387	
-1.34393	0.565066	5.72618	4.0433e-05	4.04808e-05	8.61473e-05	-1.34084	0.572075	5.72695	
-1.31081	0.550642	5.74765	4.04303e-05	4.04836e-05	8.61473e-05	-1.30535	0.557173	5.74203	
-1.28948	0.536898	5.74964	4.04276e-05	4.04863e-05	8.61473e-05	-1.28789	0.538603	5.75713	
-1.25999	0.527543	5.77025	4.04259e-05	4.0488e-05	8.61473e-05	-1.25985	0.530225	5.77621	
-1.2398	0.509665	5.79305	4.04239e-05	4.049e-05	8.61473e-05	-1.23368	0.516663	5.79222	
-1.21149	0.49136	5.80297	4.04217e-05	4.04922e-05	8.61473e-05	-1.19187	0.491686	5.80479	
-1.17753	0.479778	5.8191	4.04199e-05	4.0494e-05	8.61473e-05	-1.15598	0.482256	5.81085	
-1.14224	0.46809	5.83704	4.04181e-05	4.04958e-05	8.61473e-05	-1.12409	0.461846	5.82544	
-1.1091	0.457496	5.8498	4.04162e-05	4.04977e-05	8.61473e-05	-1.10056	0.453688	5.8388	
-1.08921	0.433565	5.85792	4.04146e-05	4.04993e-05	8.61473e-05	-1.08339	0.438915	5.84909	
-1.06292	0.417797	5.86938	4.04133e-05	4.05006e-05	8.61472e-05	-1.05426	0.419743	5.8526	
-1.03116	0.401018	5.87726	4.0412e-05	4.05019e-05	8.61472e-05	-1.02737	0.408867	5.87756	
-1.00279	0.391488	5.89387	4.0411e-05	4.05029e-05	8.61472e-05	-0.993661	0.400014	5.88758	
-0.972165	0.390709	5.91743	4.04097e-05	4.05042e-05	8.61472e-05	-0.965341	0.392657	5.9072	
-0.949414	0.379886	5.92608	4.0408e-05	4.05059e-05	8.61472e-05	-0.944047	0.38097	5.92712	
-0.924301	0.364872	5.93814	4.04067e-05	4.05072e-05	8.61472e-05	-0.920177	0.362917	5.94655	
-0.890293	0.352229	5.96047	4.04055e-05	4.05084e-05	8.61472e-05	-0.888936	0.35332	5.96506	
-0.854859	0.348524	5.97796	4.0404e-05	4.05099e-05	8.61472e-05	-0.855933	0.347882	5.97644	
-0.822258	0.339884	5.99126	4.04025e-05	4.05114e-05	8.61473e-05	-0.836017	0.336133	5.99503	
-0.791738	0.329029	6.003	4.04012e-05	4.05127e-05	8.61473e-05	-0.802421	0.32641	6.01268	
-0.76515	0.322074	6.02488	4.04001e-05	4.05138e-05	8.61473e-05	-0.773345	0.317653	6.03026	
-0.741795	0.309458	6.04019	4.03988e-05	4.05151e-05	8.61473e-05	-0.739334	0.304226	6.03707	
-0.712862	0.303781	6.04341	4.03976e-05	4.05162e-05	8.61473e-05	-0.710068	0.3046	6.03424	
-0.687165	0.29959	6.06226	4.03969e-05	4.0517e-05	8.61472e-05	-0.680984	0.29241	6.05285	
-0.654356	0.279981	6.07424	4.0396e-05	4.05179e-05	8.61472e-05	-0.652142	0.277904	6.06991	
-0.614863	0.272911	6.08674	4.03951e-05	4.05188e-05	8.61472e-05	-0.618122	0.27817	6.07739	
-0.589469	0.273633	6.0994	4.03944e-05	4.05195e-05	8.61472e-05	-0.593609	0.267613	6.09094	
-0.561124	0.266396	6.10724	4.03937e-05	4.05202e-05	8.61472e-05	-0.561441	0.263287	6.10883	
-0.534148	0.256937	6.1256	4.03931e-05	4.05208e-05	8.61472e-05	-0.530416	0.255158	6.127	
-0.502975	0.260377	6.14632	4.03924e-05	4.05215e-05	8.61472e-05	-0.4945	0.255662	6.14345	
-0.466794	0.24948	6.16669	4.03917e-05	4.05222e-05	8.61472e-05	-0.461898	0.248975	6.15554	
-0.436993	0.240478	6.17503	4.03909e-05	4.05229e-05	8.61473e-05	-0.430036	0.243196	6.17127	
-0.416326	0.242898	6.19103	4.03904e-05	4.05235e-05	8.61473e-05	-0.404638	0.247848	6.18993	
-0.384164	0.24333	6.21077	4.03899e-05	4.0524e-05	8.61473e-05	-0.375024	0.250572	6.20416	
-0.355507	0.244827	6.22515	4.03895e-05	4.05244e-05	8.61473e-05	-0.338383	0.250105	6.21891	
-0.323295	0.239247	6.23709	4.03891e-05	4.05248e-05	8.61473e-05	-0.313204	0.244139	6.22763	
-0.285774	0.237757	6.25183	4.03888e-05	4.05251e-05	8.61473e-05	-0.283185	0.239855	6.23795	
-0.249652	0.240269	6.26097	4.03886e-05	4.05253e-05	8.61472e-05	-0.249123	0.240199	6.24212	
-0.222449	0.23834	6.28374	4.03884e-05	4.05255e-05	8.61472e-05	-0.217021	0.238673	6.25258	
-0.193734	0.239651	6.28798	4.03883e-05	4.05256e-05	8.61472e-05	-0.1863	0.244666	6.26209	
-0.161999	0.243801	6.29696	4.03882e-05	4.05257e-05	8.61472e-05	-0.162714	0.250964	6.27168	
-0.129794	0.245209	6.31083	4.03882e-05	4.05257e-05	8.61472e-05	-0.129987	0.25221	6.28449	
-0.104894	0.243115	6.31752	4.03882e-05	4.05257e-05	8.61472e-05	-0.104913	0.255545	6.29719	
-0.068854	0.240996	6.32382	4.03883e-05	4.05257e-05	8.61472e-05	-0.0760054	0.261604	6.28941	
-0.0411279	0.246608	6.30196	4.03883e-05	4.05256e-05	8.61472e-05	-0.0447136	0.261597	6.27589	
-0.0147077	0.249427	6.28569	4.03883e-05	4.05257e-05	8.61472e-05	-0.015795	0.260815	6.26273	
0.0186078	0.257613	6.2724	4.03882e-05	4.05257e-05	8.61472e-05	0.0187259	0.259463	6.25126	
0.0477182	0.253841	6.25272	4.03882e-05	4.05257e-05	8.61472e-05	0.0468273	0.256149	6.22791	
0.0743935	0.245076	6.2339	4.03882e-05	4.05257e-05	8.61472e-05	0.0789368	0.255323	6.21208	
0.113526	0.247144	6.21674	4.03883e-05	4.05256e-05	8.61472e-05	0.118752	0.25072	6.1976	
0.140499	0.247986	6.20085	4.03885e-05	4.05254e-05	8.61472e-05	0.149692	0.250363	6.1852	
0.174878	0.246776	6.17474	4.03887e-05	4.05252e-05	8.61473e-05	0.177468	0.239237	6.16883	
0.197653	0.240508	6.15276	4.03891e-05	4.05248e-05	8.61473e-05	0.209358	0.240419	6.15602	
0.232697	0.234476	6.13766	4.03896e-05	4.05242e-05	8.61473e-05	0.236868	0.232604	6.13993	
0.26272	0.230177	6.1246	4.03902e-05	4.05236e-05	8.61473e-05	0.265555	0.229981	6.12334	
0.290627	0.223746	6.11139	4.03908e-05	4.05231e-05	8.61473e-05	0.293827	0.229615	6.11109	
0.315708	0.222326	6.0989	4.03914e-05	4.05225e-05	8.61473e-05	0.322026	0.2215	6.09863	
0.343767	0.22205	6.08763	4.03919e-05	4.05219e-05	8.61473e-05	0.350616	0.217607	6.08234	
0.372244	0.217892	6.07955	4.03925e-05	4.05214e-05	8.61472e-05	0.374798	0.213119	6.06713	
0.4101	0.211895	6.05467	4.03931e-05	4.05208e-05	8.61472e-05	0.405962	0.206543	6.05053	
0.439478	0.205855	6.04681	4.03939e-05	4.052e-05	8.61472e-05	0.438174	0.201743	6.03625	
0.468364	0.203467	6.03375	4.03947e-05	4.05192e-05	8.61472e-05	0.477673	0.191206	6.01781	
0.504165	0.190533	6.00912	4.03955e-05	4.05184e-05	8.61472e-05	0.51055	0.182642	6.00297	
0.533348	0.176877	5.99106	4.03966e-05	4.05173e-05	8.61472e-05	0.537158	0.171409	5.98158	
0.557517	0.16639	5.97077	4.03978e-05	4.05161e-05	8.61473e-05	0.556066	0.153578	5.96449	
0.585266	0.151568	5.95474	4.03992e-05	4.05147e-05	8.61473e-05	0.577575	0.149132	5.95143	
0.615868	0.145063	5.94122	4.04006e-05	4.05133e-05	8.61473e-05	0.612667	0.147171	5.94105	
0.642465	0.130201	5.93451	4.04019e-05	4.0512e-05	8.61473e-05	0.634128	0.13218	5.92544	
0.671756	0.122178	5.91668	4.04029e-05	4.0511e-05	8.61473e-05	0.665003	0.122584	5.90696	
0.698152	0.105603	5.9039	4.04041e-05	4.05098e-05	8.61473e-05	0.69094	0.112761	5.88881	
0.723535	0.0941542	5.88789	4.04053e-05	4.05086e-05	8.61472e-05	0.715443	0.097282	5.88452	
0.746564	0.0840352	5.86884	4.04067e-05	4.05072e-05	8.61472e-05	0.741463	0.0898411	5.87498	
0.775951	0.0722106	5.85511	4.04083e-05	4.05056e-05	8.61472e-05	0.767534	0.0744087	5.86944	
0.794291	0.0692717	5.84398	4.04098e-05	4.05041e-05	8.61473e-05	0.796873	0.0634129	5.85398	
0.824478	0.0546845	5.82993	4.04112e-05	4.05027e-05	8.61472e-05	0.825132	0.0522089	5.84075	
0.851062	0.0407594	5.82452	4.04126e-05	4.05013e-05	8.61472e-05	0.854667	0.0432896	5.83077	
0.87789	0.0256234	5.80857	4.04137e-05	4.05002e-05	8.61472e-05	0.885465	0.0359497	5.81927	
0.90963	0.019835	5.80728	4.0415e-05	4.04989e-05	8.61472e-05	0.916552	0.0265455	5.80675	
0.942971	0.0016441	5.79259	4.04159e-05	4.0498e-05	8.61472e-05	0.94162	0.00986829	5.79798	
0.960693	-0.00825016	5.77192	4.04171e-05	4.04968e-05	8.61472e-05	0.969255	-0.00310498	5.77585	
0.995436	-0.0214377	5.75798	4.04188e-05	4.04952e-05	8.61472e-05	0.991324	-0.0187153	5.76899	
1.02455	-0.0324798	5.73861	4.04204e-05	4.04935e-05	8.61472e-05	1.01458	-0.0343779	5.75184	
1.0486	-0.0479465	5.73263	4.04224e-05	4.04915e-05	8.61472e-05	1.03468	-0.0490536	5.73585	
1.07097	-0.0675529	5.71808	4.04239e-05	4.049e-05	8.61472e-05	1.05633	-0.0629783	5.7156	
1.09282	-0.0759237	5.69416	4.04255e-05	4.04884e-05	8.61472e-05	1.08894	-0.0792261	5.69279	
1.11593	-0.0946198	5.68806	4.04276e-05	4.04863e-05	8.61472e-05	1.11785	-0.104408	5.67579	
1.13628	-0.120596	5.66924	4.04292e-05	4.04847e-05	8.61472e-05	1.14058	-0.124746	5.65734	
1.15681	-0.135356	5.65181	4.04312e-05	4.04827e-05	8.61472e-05	1.16137	-0.135792	5.64453	
1.18191	-0.158574	5.63751	4.04332e-05	4.04806e-05	8.61472e-05	1.18625	-0.157679	5.61985	
1.20479	-0.179953	5.62223	4.04353e-05	4.04786e-05	8.61473e-05	1.20839	-0.172612	5.5921	
1.22669	-0.19132	5.59638	4.04373e-05	4.04766e-05	8.61473e-05	1.22872	-0.180761	5.57586	
1.25138	-0.199982	5.57394	4.04399e-05	4.0474e-05	8.61473e-05	1.25241	-0.197312	5.56209	
1.27174	-0.215149	5.56033	4.04427e-05	4.04712e-05	8.61473e-05	1.28437	-0.208677	5.55127	
1.30088	-0.239456	5.5429	4.04451e-05	4.04688e-05	8.61473e-05	1.31147	-0.231418	5.53212	
1.32684	-0.262864	5.52527	4.04475e-05	4.04664e-05	8.61473e-05	1.33934	-0.252848	5.52178	
1.35249	-0.273186	5.51679	4.04499e-05	4.0464e-05	8.61473e-05	1.36153	-0.271913	5.50284	
1.37583	-0.298495	5.5046	4.04518e-05	4.04621e-05	8.61473e-05	1.38015	-0.297596	5.49182	
1.39028	-0.316863	5.48216	4.04536e-05	4.04603e-05	8.61473e-05	1.39216	-0.319763	5.46565	
1.41157	-0.343751	5.46457	4.04559e-05	4.0458e-05	8.61473e-05	1.41986	-0.344216	5.45332	
1.42745	-0.373875	5.44756	4.04583e-05	4.04556e-05	8.61473e-05	1.43816	-0.365846	5.43771	
1.45507	-0.397982	5.43313	4.04607e-05	4.04532e-05	8.61473e-05	1.46167	-0.383512	5.42523	
1.47292	-0.409944	5.40445	4.04629e-05	4.0451e-05	8.61473e-05	1.47008	-0.400097	5.40078	
1.49213	-0.428474	5.38561	4.04657e-05	4.04481e-05	8.61473e-05	1.49177	-0.421082	5.37662	
1.50733	-0.44472	5.36398	4.04685e-05	4.04453e-05	8.61473e-05	1.50611	-0.443875	5.37069	
1.5181	-0.467446	5.34697	4.04713e-05	4.04425e-05	8.61473e-05	1.52563	-0.467046	5.34435	
1.54328	-0.487282	5.33497	4.04739e-05	4.04399e-05	8.61473e-05	1.54309	-0.487426	5.3299	
1.56117	-0.508779	5.3178	4.04761e-05	4.04378e-05	8.61473e-05	1.56095	-0.515013	5.31416	
1.57514	-0.536183	5.2952	4.04783e-05	4.04356e-05	8.61473e-05	1.57908	-0.543085	5.29826	
1.59275	-0.559775	5.28299	4.04807e-05	4.04331e-05	8.61473e-05	1.59615	-0.561073	5.27845	
1.6088	-0.585303	5.26879	4.04828e-05	4.0431e-05	8.61473e-05	1.61433	-0.586883	5.25821	
1.62669	-0.605467	5.25133	4.04848e-05	4.04291e-05	8.61473e-05	1.62994	-0.611156	5.24703	
1.64406	-0.62914	5.23783	4.04868e-05	4.04271e-05	8.61473e-05	1.64911	-0.633655	5.23379	
1.65799	-0.65319	5.21805	4.04887e-05	4.04252e-05	8.61473e-05	1.66127	-0.653459	5.22157	
1.67082	-0.679876	5.19517	4.04907e-05	4.04232e-05	8.61473e-05	1.67883	-0.68834	5.20352	
1.68633	-0.704971	5.1889	4.0493e-05	4.04209e-05	8.61473e-05	1.6902	-0.716916	5.18186	
1.70729	-0.734437	5.18167	4.04946e-05	4.04192e-05	8.61473e-05	1.70488	-0.741734	5.1665	
1.71358	-0.764631	5.15623	4.0496e-05	4.0418e-05	8.61473e-05	1.71928	-0.775952	5.14938	
1.72495	-0.798957	5.14065	4.04978e-05	4.04161e-05	8.61473e-05	1.73024	-0.806453	5.13165	
1.74101	-0.823361	5.11381	4.04996e-05	4.04143e-05	8.61473e-05	1.74101	-0.833261	5.1183	
1.75606	-0.8578	5.10005	4.05018e-05	4.04121e-05	8.61473e-05	1.75525	-0.859841	5.10947	
1.77325	-0.880197	5.09078	4.05036e-05	4.04102e-05	8.61473e-05	1.77346	-0.880436	5.09407	
1.78914	-0.915156	5.07531	4.05051e-05	4.04088e-05	8.61473e-05	1.78739	-0.914004	5.07002	
1.80057	-0.939033	5.06194	4.05065e-05	4.04074e-05	8.61473e-05	1.79696	-0.935169	5.05713	
1.8058	-0.971842	5.04031	4.05079e-05	4.0406e-05	8.61473e-05	1.80756	-0.963931	5.04589	
1.8138	-0.993539	5.02417	4.05094e-05	4.04045e-05	8.61473e-05	1.81428	-0.991627	5.0417	
1.8288	-1.01912	5.013	4.05109e-05	4.0403e-05	8.61473e-05	1.82078	-1.01872	5.03161	
1.83381	-1.03904	5.00779	4.05121e-05	4.04018e-05	8.61473e-05	1.82877	-1.0459	5.01683	
1.84605	-1.06297	5.0019	4.0513e-05	4.04009e-05	8.61472e-05	1.84456	-1.07178	4.99625	
1.85336	-1.10141	4.98783	4.05137e-05	4.04002e-05	8.61472e-05	1.85572	-1.1026	4.97535	
1.8658	-1.13826	4.97782	4.05145e-05	4.03994e-05	8.61472e-05	1.86605	-1.13455	4.96114	
1.87365	-1.16908	4.96072	4.05153e-05	4.03987e-05	8.61472e-05	1.87443	-1.16365	4.95224	
1.88552	-1.19321	4.94032	4.05162e-05	4.03977e-05	8.61472e-05	1.88524	-1.18773	4.93548	
1.88789	-1.22177	4.91668	4.05173e-05	4.03966e-05	8.61472e-05	1.88819	-1.21369	4.92057	
1.89227	-1.24923	4.90526	4.05185e-05	4.03954e-05	8.61473e-05	1.89567	-1.24667	4.90882	
1.90199	-1.28303	4.89659	4.05194e-05	4.03944e-05	8.61473e-05	1.90019	-1.28311	4.88952	
1.90805	-1.31686	4.88249	4.05202e-05	4.03937e-05	8.61473e-05	1.90681	-1.31316	4.87554	
1.91059	-1.34232	4.86354	4.05209e-05	4.0393e-05	8.61472e-05	1.91018	-1.34817	4.85638	
1.90923	-1.36821	4.84065	4.05216e-05	4.03922e-05	8.61472e-05	1.91084	-1.38411	4.84186	
1.91582	-1.40072	4.83197	4.05224e-05	4.03914e-05	8.61473e-05	1.92387	-1.41383	4.82374	
1.91894	-1.42884	4.81381	4.0523e-05	4.03908e-05	8.61473e-05	1.92678	-1.43959	4.80587	
1.92953	-1.45966	4.79753	4.05236e-05	4.03903e-05	8.61473e-05	1.93586	-1.46765	4.78638	
1.93416	-1.48724	4.77803	4.05241e-05	4.03898e-05	8.61473e-05	1.94285	-1.49588	4.76315	
1.93608	-1.51878	4.75588	4.05246e-05	4.03893e-05	8.61473e-05	1.94551	-1.52673	4.74398	
1.94298	-1.55548	4.73517	4.0525e-05	4.03889e-05	8.61473e-05	1.94804	-1.56656	4.7314	
1.94912	-1.59513	4.71937	4.05253e-05	4.03886e-05	8.61473e-05	1.95839	-1.59122	4.72088	
1.95103	-1.624	4.70954	4.05255e-05	4.03884e-05	8.61473e-05	1.96478	-1.62366	4.70821	
1.95396	-1.65543	4.69569	4.05256e-05	4.03882e-05	8.61473e-05	1.96217	-1.65256	4.69348	
1.95553	-1.68437	4.68162	4.05257e-05	4.03882e-05	8.61473e-05	1.96311	-1.67467	4.6763	
1.95596	-1.71071	4.66144	4.05257e-05	4.03882e-05	8.61473e-05	1.96233	-1.69857	4.67663	
1.95662	-1.72809	4.65062	4.05256e-05	4.03883e-05	8.61473e-05	1.96222	-1.726	4.66566	
1.96186	-1.76391	4.64199	4.05254e-05	4.03885e-05	8.61473e-05	1.96621	-1.75373	4.65287	
1.95896	-1.78373	4.63591	4.05253e-05	4.03886e-05	8.61472e-05	1.96177	-1.77769	4.64431	
1.95976	-1.80593	4.62637	4.05252e-05	4.03888e-05	8.61472e-05	1.96109	-1.8098	4.63438	
1.95837	-1.83219	4.61143	4.0525e-05	4.03889e-05	8.61472e-05	1.96443	-1.84285	4.60885	
1.95974	-1.87369	4.59376	4.05247e-05	4.03892e-05	8.61472e-05	1.95834	-1.87425	4.59513	
1.95202	-1.9005	4.57289	4.05244e-05	4.03895e-05	8.61472e-05	1.95504	-1.90255	4.57294	
1.94058	-1.92673	4.55517	4.05238e-05	4.039e-05	8.61472e-05	1.94217	-1.92934	4.55739	
1.94038	-1.95576	4.54029	4.05232e-05	4.03906e-05	8.61472e-05	1.93486	-1.94675	4.54822	
1.92633	-1.98197	4.52243	4.05226e-05	4.03913e-05	8.61473e-05	1.9269	-1.97798	4.53669	
1.91659	-2.00803	4.51399	4.05219e-05	4.0392e-05	8.61473e-05	1.92071	-2.00752	4.52612	
1.91425	-2.02867	4.50134	4.05213e-05	4.03926e-05	8.61473e-05	1.91858	-2.0288	4.51367	
1.90709	-2.06586	4.48685	4.05206e-05	4.03933e-05	8.61472e-05	1.91015	-2.05493	4.49679	
1.90478	-2.08984	4.48609	4.05199e-05	4.0394e-05	8.61472e-05	1.91264	-2.08742	4.48807	
1.90318	-2.11544	4.46938	4.05194e-05	4.03945e-05	8.61472e-05	1.90221	-2.11645	4.47323	
1.88385	-2.14268	4.45058	4.05187e-05	4.03952e-05	8.61472e-05	1.88688	-2.14577	4.45493	
1.87672	-2.17318	4.43557	4.05178e-05	4.03961e-05	8.61472e-05	1.87786	-2.17901	4.43278	
1.87735	-2.20556	4.42012	4.05168e-05	4.03971e-05	8.61472e-05	1.87574	-2.20733	4.41797	
1.86262	-2.22964	4.39189	4.05158e-05	4.03981e-05	8.61472e-05	1.87116	-2.23779	4.40052	
1.86373	-2.25996	4.37184	4.05142e-05	4.03996e-05	8.61473e-05	1.86295	-2.25609	4.38638	
1.85637	-2.29455	4.35796	4.05126e-05	4.04012e-05	8.61473e-05	1.84863	-2.28535	4.37022	
1.84394	-2.31393	4.34675	4.05112e-05	4.04027e-05	8.61473e-05	1.83244	-2.30396	4.35393	
1.8283	-2.33989	4.33287	4.05099e-05	4.0404e-05	8.61473e-05	1.81813	-2.32998	4.34073	
1.81093	-2.3743	4.31409	4.05086e-05	4.04053e-05	8.61473e-05	1.80715	-2.36672	4.32793	
1.79882	-2.40146	4.3044	4.05071e-05	4.04068e-05	8.61473e-05	1.79795	-2.39668	4.31494	
1.78464	-2.42773	4.29117	4.05058e-05	4.04081e-05	8.61473e-05	1.7738	-2.42601	4.29856	
1.76899	-2.45017	4.27815	4.05045e-05	4.04094e-05	8.61472e-05	1.76595	-2.44682	4.29332	
1.75577	-2.47012	4.26971	4.05032e-05	4.04107e-05	8.61472e-05	1.76152	-2.47263	4.27928	
1.74823	-2.4974	4.26107	4.0502e-05	4.04119e-05	8.61472e-05	1.74398	-2.50766	4.26533	
1.73474	-2.5373	4.24894	4.0501e-05	4.04129e-05	8.61472e-05	1.72869	-2.53329	4.25518	
1.70967	-2.56275	4.23186	4.04998e-05	4.04141e-05	8.61472e-05	1.71834	-2.55903	4.23856	
1.6979	-2.58693	4.22254	4.04984e-05	4.04155e-05	8.61472e-05	1.70439	-2.57686	4.22787	
1.68136	-2.60537	4.20253	4.04971e-05	4.04168e-05	8.61472e-05	1.67944	-2.60753	4.20964	
1.66548	-2.62994	4.1833	4.04953e-05	4.04186e-05	8.61472e-05	1.66019	-2.63107	4.19085	
1.65645	-2.65738	4.17674	4.04934e-05	4.04205e-05	8.61472e-05	1.643	-2.66141	4.17778	
1.64379	-2.67392	4.16276	4.04919e-05	4.0422e-05	8.61472e-05	1.63703	-2.68055	4.16098	
1.62719	-2.70849	4.15012	4.04903e-05	4.04236e-05	8.61472e-05	1.61989	-2.70384	4.14179	
1.6066	-2.73283	4.12985	4.04888e-05	4.04251e-05	8.61472e-05	1.60207	-2.72603	4.12324	
1.58749	-2.75476	4.11233	4.04868e-05	4.04271e-05	8.61472e-05	1.5783	-2.7523	4.10846	
1.56074	-2.77079	4.09956	4.04847e-05	4.04292e-05	8.61472e-05	1.55313	-2.77633	4.09631	
1.54815	-2.78679	4.08701	4.04828e-05	4.04311e-05	8.61472e-05	1.54057	-2.79444	4.08309	
1.52964	-2.81369	4.07755	4.0481e-05	4.04329e-05	8.61472e-05	1.52494	-2.81871	4.07365	
1.50255	-2.84149	4.0651	4.04794e-05	4.04345e-05	8.61472e-05	1.50416	-2.84112	4.05319	
1.48766	-2.8626	4.04686	4.04779e-05	4.04361e-05	8.61472e-05	1.49366	-2.86239	4.04186	
1.47532	-2.88393	4.03514	4.04759e-05	4.0438e-05	8.61472e-05	1.47128	-2.88744	4.03206	
1.45766	-2.90805	4.01741	4.04741e-05	4.04398e-05	8.61472e-05	1.45982	-2.91207	4.02353	
1.44139	-2.92075	4.00759	4.04721e-05	4.04418e-05	8.61472e-05	1.44465	-2.93724	4.00535	
1.41547	-2.94891	3.99365	4.04703e-05	4.04436e-05	8.61472e-05	1.42876	-2.95476	4.00512	
1.40904	-2.96838	3.98208	4.04685e-05	4.04454e-05	8.61472e-05	1.41254	-2.97292	3.98169	
1.3855	-2.98769	3.96293	4.04668e-05	4.04471e-05	8.61472e-05	1.39673	-2.99454	3.96317	
1.3631	-3.01162	3.94956	4.04647e-05	4.04492e-05	8.61472e-05	1.37564	-3.0147	3.95182	
1.34504	-3.02946	3.93421	4.04627e-05	4.04512e-05	8.61472e-05	1.35844	-3.03439	3.94301	
1.32722	-3.06131	3.92018	4.04607e-05	4.04532e-05	8.61472e-05	1.33695	-3.0578	3.92793	
1.31048	-3.08351	3.90379	4.04587e-05	4.04552e-05	8.61472e-05	1.32392	-3.0764	3.91055	
1.29731	-3.10645	3.89043	4.04566e-05	4.04573e-05	8.61472e-05	1.30916	-3.09488	3.89149	
1.27111	-3.12261	3.86752	4.04546e-05	4.04593e-05	8.61472e-05	1.2866	-3.11381	3.87645	
1.25566	-3.13427	3.85198	4.04521e-05	4.04617e-05	8.61473e-05	1.26554	-3.1379	3.85531	
1.24122	-3.15491	3.83376	4.04498e-05	4.04641e-05	8.61473e-05	1.24294	-3.16419	3.84419	
1.21426	-3.17483	3.82566	4.04474e-05	4.04665e-05	8.61473e-05	1.21649	-3.17779	3.83978	
1.19248	-3.1901	3.80983	4.04455e-05	4.04683e-05	8.61473e-05	1.18563	-3.19245	3.82133	
1.16348	-3.20954	3.81004	4.04436e-05	4.04703e-05	8.61473e-05	1.16762	-3.20872	3.80879	
1.14597	-3.23146	3.80756	4.04424e-05	4.04715e-05	8.61472e-05	1.14711	-3.22684	3.79636	
1.12072	-3.2448	3.7907	4.04417e-05	4.04723e-05	8.61472e-05	1.13543	-3.24369	3.77236	
1.10277	-3.26323	3.76717	4.04403e-05	4.04736e-05	8.61472e-05	1.10811	-3.26496	3.75723	
1.08178	-3.27933	3.75347	4.04382e-05	4.04757e-05	8.61472e-05	1.08132	-3.28707	3.74332	
1.06187	-3.30263	3.7382	4.04362e-05	4.04777e-05	8.61472e-05	1.06124	-3.3072	3.72188	
1.0304	-3.32236	3.7148	4.04342e-05	4.04796e-05	8.61472e-05	1.03865	-3.32222	3.71454	
1.01401	-3.33244	3.69678	4.04319e-05	4.0482e-05	8.61473e-05	1.02388	-3.33244	3.69479	
0.99142	-3.34667	3.68263	4.04295e-05	4.04844e-05	8.61473e-05	1	-3.34879	3.68415	
0.971844	-3.3638	3.6689	4.04274e-05	4.04865e-05	8.61473e-05	0.983135	-3.36517	3.67459	
0.952122	-3.37392	3.65809	4.04255e-05	4.04884e-05	8.61473e-05	0.958947	-3.37606	3.66037	
0.925706	-3.3959	3.64424	4.04239e-05	4.049e-05	8.61473e-05	0.93911	-3.39327	3.64421	
0.902162	-3.40165	3.62062	4.04222e-05	4.04917e-05	8.61472e-05	0.907878	-3.40396	3.62384	
0.868068	-3.41297	3.59636	4.04202e-05	4.04937e-05	8.61473e-05	0.889444	-3.40918	3.60112	
0.844283	-3.42353	3.58046	4.04178e-05	4.0496e-05	8.61473e-05	0.862367	-3.42559	3.59276	
0.823213	-3.44391	3.57562	4.04157e-05	4.04981e-05	8.61473e-05	0.835806	-3.43953	3.58256	
0.800997	-3.45035	3.56788	4.04143e-05	4.04996e-05	8.61473e-05	0.806633	-3.44912	3.56532	
0.781874	-3.4674	3.54432	4.04132e-05	4.05007e-05	8.61473e-05	0.782198	-3.46199	3.54808	
0.74678	-3.48091	3.5281	4.04115e-05	4.05024e-05	8.61472e-05	0.744293	-3.4737	3.5325	
0.720525	-3.487	3.50795	4.04099e-05	4.0504e-05	8.61473e-05	0.726204	-3.48374	3.51298	
0.695663	-3.49346	3.49994	4.04081e-05	4.05057e-05	8.61473e-05	0.698277	-3.49047	3.49851	
0.67037	-3.50406	3.48679	4.04068e-05	4.05071e-05	8.61473e-05	0.67217	-3.49711	3.47975	
0.644339	-3.50514	3.46567	4.04055e-05	4.05083e-05	8.61472e-05	0.642539	-3.50314	3.46348	
0.620784	-3.51259	3.45383	4.04041e-05	4.05098e-05	8.61473e-05	0.617609	-3.51117	3.44763	
0.592085	-3.52406	3.4315	4.04028e-05	4.05111e-05	8.61472e-05	0.585126	-3.52287	3.4302	
0.559322	-3.53228	3.41482	4.04013e-05	4.05125e-05	8.61473e-05	0.557243	-3.53658	3.40556	
0.525451	-3.54316	3.39976	4.04e-05	4.05139e-05	8.61473e-05	0.520708	-3.54992	3.38053	
0.49249	-3.54507	3.38517	4.03987e-05	4.05152e-05	8.61473e-05	0.495191	-3.55336	3.36656	
0.467054	-3.55714	3.35742	4.03976e-05	4.05163e-05	8.61473e-05	0.467159	-3.56685	3.34181	
0.443645	-3.56748	3.34504	4.03962e-05	4.05176e-05	8.61473e-05	0.441651	-3.57345	3.32921	
0.419052	-3.57463	3.32829	4.03952e-05	4.05187e-05	8.61473e-05	0.412178	-3.58145	3.32021	
0.385649	-3.58547	3.30666	4.03942e-05	4.05197e-05	8.61473e-05	0.378653	-3.58502	3.30168	
0.350284	-3.59639	3.28696	4.03931e-05	4.05207e-05	8.61473e-05	0.348726	-3.59563	3.28751	
0.321653	-3.60439	3.27109	4.03922e-05	4.05216e-05	8.61473e-05	0.323372	-3.60505	3.26761	
0.290823	-3.60499	3.25419	4.03914e-05	4.05224e-05	8.61473e-05	0.297982	-3.60864	3.26295	
0.26278	-3.61353	3.24265	4.03907e-05	4.05231e-05	8.61473e-05	0.262416	-3.60202	3.24706	
0.231887	-3.61194	3.23079	4.03902e-05	4.05237e-05	8.61473e-05	0.224982	-3.60192	3.22569	
0.197097	-3.60953	3.21733	4.03898e-05	4.05241e-05	8.61473e-05	0.196456	-3.60125	3.2001	
0.17466	-3.61457	3.20106	4.03894e-05	4.05245e-05	8.61472e-05	0.172383	-3.6087	3.19322	
0.137367	-3.60665	3.17551	4.03891e-05	4.05248e-05	8.61472e-05	0.138648	-3.60545	3.1705	
0.104237	-3.60351	3.14941	4.03887e-05	4.05252e-05	8.61473e-05	0.109008	-3.60308	3.14429	
0.0753261	-3.60671	3.1346	4.03884e-05	4.05254e-05	8.61473e-05	0.0738817	-3.60787	3.13401	
0.0415137	-3.60319	3.11827	4.03883e-05	4.05256e-05	8.61473e-05	0.0458423	-3.60494	3.11882	
0.00911493	-3.60384	3.1094	4.03882e-05	4.05256e-05	8.61473e-05	0.00936612	-3.60336	3.10778	
-0.0180263	-3.59668	3.08855	4.03882e-05	4.05256e-05	8.61473e-05	-0.0258599	-3.59974	3.09182	
-0.0515882	-3.59949	3.07762	4.03883e-05	4.05255e-05	8.61473e-05	-0.0616097	-3.60695	3.08694	
-0.0857021	-3.6017	3.07053	4.03885e-05	4.05254e-05	8.61473e-05	-0.0967119	-3.60651	3.06869	
-0.11816	-3.60182	3.05177	4.03886e-05	4.05253e-05	8.61472e-05	-0.1221	-3.61009	3.05491	
-0.145492	-3.6026	3.03667	4.03889e-05	4.0525e-05	8.61472e-05	-0.1515	-3.60769	3.03701	
-0.174415	-3.60528	3.02337	4.03892e-05	4.05247e-05	8.61472e-05	-0.179831	-3.61174	3.02777	
-0.205362	-3.60925	3.00386	4.03895e-05	4.05243e-05	8.61472e-05	-0.20234	-3.60764	3.01398	
-0.232976	-3.60226	2.98928	4.039e-05	4.05239e-05	8.61472e-05	-0.233948	-3.59881	2.99481	
-0.261335	-3.58785	2.97391	4.03906e-05	4.05233e-05	8.61472e-05	-0.257401	-3.59253	2.98023	
-0.29212	-3.58327	2.96211	4.03911e-05	4.05227e-05	8.61473e-05	-0.28837	-3.58503	2.95748	
-0.317851	-3.57654	2.95341	4.03917e-05	4.05222e-05	8.61472e-05	-0.313029	-3.57871	2.94435	
-0.345858	-3.57213	2.93334	4.03923e-05	4.05216e-05	8.61472e-05	-0.348019	-3.57004	2.92099	
-0.384516	-3.56638	2.91416	4.0393e-05	4.05209e-05	8.61472e-05	-0.382835	-3.56477	2.89954	
-0.412004	-3.55327	2.90255	4.03939e-05	4.052e-05	8.61472e-05	-0.41349	-3.5519	2.88442	
-0.439328	-3.54598	2.88213	4.03947e-05	4.05192e-05	8.61472e-05	-0.440374	-3.54079	2.86898	
-0.472675	-3.53613	2.87223	4.03957e-05	4.05181e-05	8.61473e-05	-0.471336	-3.52934	2.85797	
-0.50461	-3.52314	2.85629	4.03967e-05	4.05172e-05	8.61473e-05	-0.507783	-3.51748	2.8446	
-0.532551	-3.51289	2.83928	4.03977e-05	4.05162e-05	8.61472e-05	-0.528134	-3.50631	2.82887	
-0.554173	-3.49929	2.82267	4.03988e-05	4.05151e-05	8.61473e-05	-0.551287	-3.49582	2.81633	
-0.582481	-3.48853	2.80678	4.04e-05	4.05139e-05	8.61473e-05	-0.578874	-3.47901	2.80234	
-0.608528	-3.47472	2.78812	4.04013e-05	4.05126e-05	8.61473e-05	-0.60914	-3.46518	2.78177	
-0.635081	-3.46061	2.76625	4.04027e-05	4.05112e-05	8.61473e-05	-0.636107	-3.45131	2.76415	
-0.667518	-3.44477	2.74355	4.04043e-05	4.05095e-05	8.61473e-05	-0.664043	-3.43947	2.73737	
-0.693136	-3.42977	2.72309	4.04062e-05	4.05077e-05	8.61473e-05	-0.688975	-3.42803	2.72352	
-0.719903	-3.41558	2.71287	4.04081e-05	4.05057e-05	8.61473e-05	-0.718014	-3.40836	2.70994	
-0.745201	-3.39845	2.69415	4.04098e-05	4.05041e-05	8.61473e-05	-0.748581	-3.3947	2.691	
-0.777182	-3.37878	2.68002	4.04115e-05	4.05024e-05	8.61473e-05	-0.787815	-3.39035	2.67926	
-0.811433	-3.37345	2.67083	4.04132e-05	4.05007e-05	8.61473e-05	-0.817928	-3.3817	2.66192	
-0.83584	-3.36303	2.64998	4.04146e-05	4.04993e-05	8.61473e-05	-0.841194	-3.36813	2.65126	
-0.864645	-3.35092	2.62473	4.04164e-05	4.04975e-05	8.61473e-05	-0.869976	-3.35057	2.63546	
-0.896092	-3.34068	2.60406	4.04186e-05	4.04953e-05	8.61473e-05	-0.899661	-3.33716	2.61399	
-0.93437	-3.33095	2.58558	4.0421e-05	4.04929e-05	8.61473e-05	-0.935143	-3.32069	2.5969	
-0.962078	-3.31761	2.58206	4.04233e-05	4.04906e-05	8.61473e-05	-0.961691	-3.30467	2.59302	
-0.9823	-3.29973	2.56419	4.04249e-05	4.0489e-05	8.61473e-05	-0.984328	-3.29945	2.57542	
-1.00079	-3.27524	2.55347	4.04267e-05	4.04872e-05	8.61473e-05	-1.00409	-3.27814	2.5635	
-1.02499	-3.26769	2.53978	4.04283e-05	4.04856e-05	8.61473e-05	-1.03263	-3.26872	2.54597	
-1.05519	-3.25047	2.52219	4.043e-05	4.04839e-05	8.61472e-05	-1.05434	-3.24907	2.52726	
-1.07875	-3.23358	2.50885	4.04319e-05	4.0482e-05	8.61472e-05	-1.08346	-3.23648	2.50718	
-1.10785	-3.22179	2.49102	4.04338e-05	4.04801e-05	8.61472e-05	-1.11051	-3.22851	2.49647	
-1.13189	-3.20748	2.47071	4.04358e-05	4.04781e-05	8.61472e-05	-1.13539	-3.2092	2.47965	
-1.15838	-3.19154	2.46168	4.04381e-05	4.04757e-05	8.61473e-05	-1.15636	-3.18705	2.47059	
-1.17554	-3.17008	2.45114	4.044e-05	4.04739e-05	8.61473e-05	-1.18456	-3.16104	2.45904	
-1.19858	-3.14561	2.44899	4.04417e-05	4.04722e-05	8.61472e-05	-1.20795	-3.14498	2.44991	
-1.22468	-3.13025	2.43646	4.04429e-05	4.04711e-05	8.61472e-05	-1.22719	-3.12888	2.43585	
-1.24026	-3.10987	2.42109	4.04442e-05	4.04697e-05	8.61472e-05	-1.24532	-3.11246	2.42386	
-1.26196	-3.09092	2.40073	4.04458e-05	4.04681e-05	8.61472e-05	-1.26344	-3.09203	2.39455	
-1.28176	-3.07074	2.38441	4.04479e-05	4.0466e-05	8.61472e-05	-1.27988	-3.07396	2.37542	
-1.30139	-3.04944	2.36872	4.04501e-05	4.04638e-05	8.61472e-05	-1.30075	-3.054	2.36619	
-1.31694	-3.02689	2.35238	4.04523e-05	4.04616e-05	8.61472e-05	-1.31517	-3.03397	2.35926	
-1.33529	-3.0033	2.33269	4.04545e-05	4.04594e-05	8.61473e-05	-1.33923	-3.01311	2.34412	
-1.3539	-2.98076	2.31639	4.04569e-05	4.0457e-05	8.61473e-05	-1.35708	-2.98971	2.32233	
-1.37683	-2.9616	2.29501	4.04592e-05	4.04546e-05	8.61473e-05	-1.39145	-2.97251	2.29845	
-1.40489	-2.94522	2.28	4.04618e-05	4.0452e-05	8.61473e-05	-1.41698	-2.95019	2.28084	
-1.42188	-2.92293	2.26261	4.04642e-05	4.04497e-05	8.61473e-05	-1.43001	-2.92674	2.2672	
-1.43947	-2.90614	2.24019	4.04666e-05	4.04473e-05	8.61473e-05	-1.43986	-2.90457	2.25072	
-1.45908	-2.88516	2.22859	4.04692e-05	4.04447e-05	8.61473e-05	-1.4511	-2.88721	2.23968	
-1.46622	-2.86236	2.20795	4.04714e-05	4.04425e-05	8.61473e-05	-1.46133	-2.85788	2.21399	
-1.48529	-2.83881	2.19757	4.04738e-05	4.04401e-05	8.61473e-05	-1.48488	-2.83523	2.1986	
-1.50795	-2.81309	2.18594	4.04758e-05	4.04381e-05	8.61473e-05	-1.50366	-2.81131	2.17664	
-1.52574	-2.79136	2.16278	4.04776e-05	4.04363e-05	8.61473e-05	-1.52502	-2.78758	2.1622	
-1.54024	-2.76944	2.15077	4.04798e-05	4.04341e-05	8.61473e-05	-1.53979	-2.76443	2.15666	
-1.55349	-2.74126	2.14325	4.04818e-05	4.04321e-05	8.61473e-05	-1.56405	-2.73469	2.14016	
-1.57762	-2.7132	2.11983	4.04834e-05	4.04305e-05	8.61472e-05	-1.57813	-2.71726	2.12456	
-1.6023	-2.68989	2.11318	4.04854e-05	4.04285e-05	8.61472e-05	-1.59867	-2.69005	2.10998	
-1.61617	-2.66724	2.10074	4.0487e-05	4.04269e-05	8.61472e-05	-1.60839	-2.66529	2.09091	
-1.63217	-2.64371	2.07328	4.04886e-05	4.04253e-05	8.61472e-05	-1.62752	-2.64029	2.07847	
-1.63748	-2.61672	2.06412	4.04908e-05	4.04231e-05	8.61473e-05	-1.63515	-2.61927	2.06524	
-1.64942	-2.59152	2.05002	4.04925e-05	4.04213e-05	8.61473e-05	-1.6469	-2.5846	2.04775	
-1.6669	-2.56179	2.04049	4.04942e-05	4.04196e-05	8.61472e-05	-1.65436	-2.55201	2.03326	
-1.67288	-2.54063	2.02039	4.04957e-05	4.04182e-05	8.61472e-05	-1.66684	-2.526	2.01643	
-1.68631	-2.50008	2.00699	4.04974e-05	4.04165e-05	8.61472e-05	-1.68016	-2.4998	1.99127	
-1.6986	-2.4723	1.98618	4.0499e-05	4.04149e-05	8.61472e-05	-1.69559	-2.47348	1.98317	
-1.70823	-2.44478	1.96889	4.05009e-05	4.0413e-05	8.61473e-05	-1.71053	-2.44715	1.96711	
-1.71104	-2.41189	1.95	4.05027e-05	4.04112e-05	8.61473e-05	-1.7171	-2.4221	1.94952	
-1.72168	-2.38681	1.93931	4.05045e-05	4.04094e-05	8.61473e-05	-1.72889	-2.40343	1.92991	
-1.73651	-2.36752	1.92223	4.0506e-05	4.04079e-05	8.61473e-05	-1.73817	-2.37641	1.9136	
-1.74356	-2.34348	1.90771	4.05075e-05	4.04064e-05	8.61473e-05	-1.75132	-2.34929	1.90803	
-1.75093	-2.31962	1.89583	4.05089e-05	4.0405e-05	8.61473e-05	-1.7554	-2.32912	1.89971	
-1.76258	-2.29736	1.88254	4.05101e-05	4.04038e-05	8.61473e-05	-1.77027	-2.30155	1.88174	
-1.77828	-2.27477	1.87264	4.05113e-05	4.04026e-05	8.61472e-05	-1.78395	-2.2752	1.86926	
-1.78782	-2.25401	1.86426	4.05123e-05	4.04016e-05	8.61472e-05	-1.79637	-2.24733	1.85714	
-1.80116	-2.22939	1.8588	4.05131e-05	4.04008e-05	8.61472e-05	-1.80746	-2.21476	1.84264	
-1.80882	-2.19707	1.84014	4.05138e-05	4.04001e-05	8.61472e-05	-1.8245	-2.1839	1.82446	
-1.82068	-2.16526	1.83667	4.05147e-05	4.03992e-05	8.61472e-05	-1.83283	-2.15445	1.81904	
-1.83354	-2.13163	1.81685	4.05154e-05	4.03985e-05	8.61472e-05	-1.84485	-2.12137	1.80046	
-1.84046	-2.09729	1.7974	4.05163e-05	4.03976e-05	8.61472e-05	-1.84904	-2.09829	1.77529	
-1.84853	-2.07972	1.78229	4.05174e-05	4.03965e-05	8.61472e-05	-1.85623	-2.07524	1.75485	
-1.85066	-2.05992	1.76329	4.05184e-05	4.03955e-05	8.61472e-05	-1.85783	-2.05908	1.74077	
-1.85587	-2.02954	1.73963	4.05194e-05	4.03945e-05	8.61472e-05	-1.86204	-2.03298	1.72604	
-1.86996	-2.00216	1.72394	4.05204e-05	4.03934e-05	8.61473e-05	-1.86926	-1.99676	1.71071	
-1.87519	-1.96552	1.70876	4.05214e-05	4.03925e-05	8.61473e-05	-1.87826	-1.96987	1.69541	
-1.87817	-1.93739	1.69381	4.05221e-05	4.03917e-05	8.61473e-05	-1.87889	-1.94184	1.6838	
-1.88674	-1.90849	1.67213	4.05228e-05	4.03911e-05	8.61473e-05	-1.87442	-1.90979	1.66984	
-1.88288	-1.87915	1.65216	4.05235e-05	4.03904e-05	8.61473e-05	-1.87887	-1.88125	1.6517	
-1.88418	-1.8495	1.63331	4.05241e-05	4.03898e-05	8.61473e-05	-1.88332	-1.84284	1.6288	
-1.88432	-1.81653	1.6088	4.05246e-05	4.03893e-05	8.61473e-05	-1.88046	-1.81335	1.61343	
-1.88851	-1.78579	1.5943	4.0525e-05	4.03888e-05	8.61473e-05	-1.88614	-1.78249	1.59795	
-1.88799	-1.74789	1.57868	4.05253e-05	4.03885e-05	8.61473e-05	-1.88679	-1.74941	1.58848	
-1.89292	-1.71694	1.56336	4.05255e-05	4.03883e-05	8.61473e-05	-1.89224	-1.72008	1.57753	
-1.89372	-1.69336	1.55074	4.05256e-05	4.03882e-05	8.61473e-05	-1.89425	-1.69522	1.55074	
-1.89662	-1.66399	1.53591	4.05257e-05	4.03882e-05	8.61473e-05	-1.90315	-1.66841	1.53298	
-1.89537	-1.63272	1.52003	4.05257e-05	4.03882e-05	8.61473e-05	-1.90281	-1.63956	1.51689	
-1.89408	-1.604	1.4936	4.05256e-05	4.03883e-05	8.61473e-05	-1.90352	-1.61	1.48917	
-1.89772	-1.57119	1.47744	4.05253e-05	4.03886e-05	8.61473e-05	-1.90277	-1.58055	1.47991	
-1.8968	-1.54176	1.46152	4.0525e-05	4.03889e-05	8.61473e-05	-1.90597	-1.54983	1.47167	
-1.90582	-1.51655	1.45858	4.05246e-05	4.03892e-05	8.61473e-05	-1.90774	-1.51965	1.45501	
-1.908	-1.49321	1.44857	4.05244e-05	4.03895e-05	8.61473e-05	-1.91141	-1.50043	1.44608	
-1.90942	-1.46099	1.43291	4.05241e-05	4.03898e-05	8.61472e-05	-1.9061	-1.4594	1.43543	
-1.89872	-1.43046	1.42019	4.05237e-05	4.03902e-05	8.61472e-05	-1.89079	-1.4282	1.41987	
-1.88768	-1.40478	1.41153	4.05233e-05	4.03906e-05	8.61472e-05	-1.87762	-1.39523	1.41131	
-1.87807	-1.37477	1.4019	4.05229e-05	4.0391e-05	8.61472e-05	-1.8641	-1.36959	1.39239	
-1.87238	-1.34508	1.38591	4.05224e-05	4.03915e-05	8.61472e-05	-1.86285	-1.3393	1.37567	
-1.86441	-1.31075	1.37072	4.05219e-05	4.0392e-05	8.61472e-05	-1.85606	-1.30293	1.36229	
-1.85773	-1.27865	1.36061	4.05212e-05	4.03927e-05	8.61472e-05	-1.85877	-1.27893	1.34331	
-1.84921	-1.2441	1.34738	4.05206e-05	4.03933e-05	8.61472e-05	-1.84719	-1.24648	1.32814	
-1.83621	-1.21243	1.32987	4.05199e-05	4.0394e-05	8.61472e-05	-1.83995	-1.22445	1.3102	
-1.8323	-1.18309	1.31405	4.05191e-05	4.03948e-05	8.61472e-05	-1.83772	-1.18972	1.29722	
-1.83271	-1.16368	1.29368	4.05182e-05	4.03957e-05	8.61472e-05	-1.83487	-1.16411	1.28364	
-1.82514	-1.13137	1.27512	4.0517e-05	4.03969e-05	8.61472e-05	-1.82451	-1.14104	1.26799	
-1.81309	-1.10695	1.25581	4.05158e-05	4.03981e-05	8.61473e-05	-1.81141	-1.11629	1.25293	
-1.80537	-1.07778	1.23668	4.05144e-05	4.03994e-05	8.61473e-05	-1.8073	-1.08424	1.24356	
-1.79993	-1.05205	1.21824	4.0513e-05	4.04009e-05	8.61473e-05	-1.80121	-1.0586	1.24393	
-1.78244	-1.02813	1.20351	4.05114e-05	4.04024e-05	8.61473e-05	-1.79029	-1.02882	1.2248	
-1.77428	-0.995434	1.19001	4.051e-05	4.04039e-05	8.61473e-05	-1.78239	-0.99635	1.20761	
-1.76787	-0.965156	1.18274	4.05086e-05	4.04053e-05	8.61473e-05	-1.7731	-0.963993	1.19866	
-1.75687	-0.933034	1.17632	4.05075e-05	4.04064e-05	8.61473e-05	-1.75757	-0.940968	1.18608	
-1.7408	-0.910121	1.16137	4.05066e-05	4.04073e-05	8.61472e-05	-1.73888	-0.908537	1.1702	
-1.72892	-0.882519	1.14704	4.05055e-05	4.04084e-05	8.61472e-05	-1.73529	-0.877611	1.16398	
-1.7248	-0.850142	1.13757	4.05042e-05	4.04097e-05	8.61472e-05	-1.72841	-0.846691	1.14747	
-1.71713	-0.822854	1.12612	4.05031e-05	4.04108e-05	8.61472e-05	-1.7192	-0.824208	1.12498	
-1.70276	-0.79353	1.11431	4.05019e-05	4.0412e-05	8.61472e-05	-1.70225	-0.789531	1.10998	
-1.685	-0.761276	1.09166	4.05007e-05	4.04132e-05	8.61472e-05	-1.689	-0.759529	1.09964	
-1.66712	-0.73543	1.07124	4.04989e-05	4.0415e-05	8.61472e-05	-1.67203	-0.733155	1.08	
-1.65865	-0.703357	1.05168	4.04969e-05	4.0417e-05	8.61472e-05	-1.66154	-0.700136	1.06406	
-1.64671	-0.674897	1.03771	4.04948e-05	4.04191e-05	8.61473e-05	-1.65237	-0.673295	1.0524	
-1.63629	-0.646143	1.02211	4.04928e-05	4.0421e-05	8.61473e-05	-1.6371	-0.646938	1.03199	
-1.62311	-0.62339	1.01131	4.04909e-05	4.0423e-05	8.61473e-05	-1.62431	-0.61258	1.02041	
-1.61048	-0.593431	0.998209	4.04892e-05	4.04247e-05	8.61473e-05	-1.60815	-0.587706	1.00535	
-1.59527	-0.565847	0.989272	4.04876e-05	4.04263e-05	8.61472e-05	-1.59543	-0.563434	0.990274	
-1.57908	-0.543328	0.976208	4.04861e-05	4.04278e-05	8.61472e-05	-1.57599	-0.535453	0.975748	
-1.56622	-0.519637	0.965925	4.04846e-05	4.04293e-05	8.61472e-05	-1.56496	-0.513165	0.964785	
-1.55356	-0.492097	0.941224	4.04832e-05	4.04307e-05	8.61472e-05	-1.54776	-0.486979	0.944596	
-1.52566	-0.466225	0.915416	4.0481e-05	4.04329e-05	8.61472e-05	-1.52853	-0.462513	0.930788	
-1.51201	-0.439651	0.901728	4.04783e-05	4.04355e-05	8.61473e-05	-1.51455	-0.433408	0.92165	
-1.48729	-0.415502	0.887816	4.0476e-05	4.04379e-05	8.61473e-05	-1.48553	-0.408534	0.905813	
-1.46155	-0.38697	0.881282	4.04738e-05	4.04401e-05	8.61473e-05	-1.46294	-0.38153	0.897763	
-1.44566	-0.354607	0.866305	4.04722e-05	4.04417e-05	8.61473e-05	-1.44292	-0.348429	0.891544	
-1.42064	-0.333786	0.853322	4.04704e-05	4.04435e-05	8.61472e-05	-1.41405	-0.321384	0.874268	
-1.3978	-0.308361	0.839714	4.04687e-05	4.04453e-05	8.61472e-05	-1.3943	-0.300516	0.85185	
-1.38019	-0.280147	0.827829	4.04668e-05	4.04471e-05	8.61472e-05	-1.37624	-0.272756	0.837991	
-1.36598	-0.252548	0.82399	4.04651e-05	4.04488e-05	8.61472e-05	-1.35344	-0.247343	0.824354	
-1.33423	-0.225938	0.802784	4.04639e-05	4.045e-05	8.61472e-05	-1.33573	-0.229214	0.811169	
-1.31025	-0.204922	0.788524	4.0462e-05	4.04519e-05	8.61472e-05	-1.31316	-0.220359	0.792923	
-1.29012	-0.188906	0.769698	4.046e-05	4.04539e-05	8.61472e-05	-1.28674	-0.203643	0.775691	
-1.26971	-0.170674	0.75335	4.04578e-05	4.04561e-05	8.61472e-05	-1.26597	-0.178757	0.760396	
-1.25057	-0.152318	0.745172	4.04556e-05	4.04583e-05	8.61472e-05	-1.25557	-0.160629	0.748614	
-1.22029	-0.138784	0.726771	4.04538e-05	4.04601e-05	8.61472e-05	-1.22389	-0.147286	0.730848	
-1.19602	-0.114978	0.717625	4.04517e-05	4.04622e-05	8.61472e-05	-1.19316	-0.122742	0.71054	
-1.1593	-0.0969405	0.704453	4.045e-05	4.04639e-05	8.61472e-05	-1.16271	-0.102774	0.693038	
-1.13528	-0.0772739	0.693507	4.04482e-05	4.04657e-05	8.61472e-05	-1.13897	-0.0851857	0.669288	
-1.10883	-0.0591067	0.674943	4.04466e-05	4.04673e-05	8.61472e-05	-1.11546	-0.0663493	0.65678	
-1.08418	-0.0455227	0.662087	4.04446e-05	4.04693e-05	8.61472e-05	-1.0864	-0.0493881	0.645589	
-1.05659	-0.0228249	0.640517	4.04427e-05	4.04712e-05	8.61472e-05	-1.0637	-0.0272199	0.623909	
-1.03109	-0.00613497	0.622088	4.04404e-05	4.04735e-05	8.61472e-05	-1.0321	-0.00336418	0.606646	
-1.00319	0.0206539	0.607856	4.0438e-05	4.04758e-05	8.61473e-05	-1.00649	0.0246885	0.597205	
-0.985475	0.0336646	0.584538	4.04359e-05	4.0478e-05	8.61473e-05	-0.991489	0.0471724	0.58304	
-0.965533	0.052022	0.567719	4.04334e-05	4.04805e-05	8.61473e-05	-0.96835	0.0597508	0.568441	
-0.939449	0.0685272	0.552766	4.04311e-05	4.04828e-05	8.61473e-05	-0.940616	0.0691217	0.557404	
-0.911897	0.0805308	0.540932	4.04289e-05	4.0485e-05	8.61473e-05	-0.91156	0.0873623	0.546232	
-0.894846	0.0993991	0.524946	4.04271e-05	4.04868e-05	8.61473e-05	-0.890635	0.099309	0.541175	
-0.866414	0.114265	0.518178	4.04252e-05	4.04887e-05	8.61473e-05	-0.86025	0.119585	0.521732	
-0.829058	0.134968	0.507129	4.04238e-05	4.04901e-05	8.61472e-05	-0.836116	0.13445	0.510372	
-0.807311	0.147934	0.482646	4.04224e-05	4.04915e-05	8.61472e-05	-0.809221	0.149416	0.493415	
-0.777963	0.164856	0.479906	4.04205e-05	4.04934e-05	8.61472e-05	-0.779153	0.171758	0.477064	
-0.751496	0.182024	0.460256	4.04192e-05	4.04947e-05	8.61472e-05	-0.751984	0.180262	0.458019	
-0.721563	0.199717	0.445203	4.04175e-05	4.04964e-05	8.61472e-05	-0.723897	0.188656	0.449756	
-0.695692	0.209131	0.441536	4.04159e-05	4.0498e-05	8.61472e-05	-0.702561	0.207085	0.442258	
-0.668527	0.220525	0.425647	4.04147e-05	4.04992e-05	8.61472e-05	-0.676453	0.221511	0.426739	
-0.636638	0.230933	0.40944	4.04134e-05	4.05005e-05	8.61472e-05	-0.649352	0.234824	0.407001	
-0.608506	0.243127	0.392388	4.04119e-05	4.0502e-05	8.61472e-05	-0.62023	0.252665	0.400475	
-0.582447	0.255817	0.377345	4.04104e-05	4.05035e-05	8.61472e-05	-0.586605	0.258235	0.387833	
-0.559485	0.269363	0.361875	4.04088e-05	4.0505e-05	8.61472e-05	-0.549735	0.274523	0.369565	
-0.529451	0.281768	0.356579	4.04074e-05	4.05065e-05	8.61472e-05	-0.51863	0.287775	0.351662	
-0.501831	0.29032	0.345319	4.04063e-05	4.05076e-05	8.61472e-05	-0.492273	0.300605	0.34312	
-0.46247	0.304436	0.32619	4.04053e-05	4.05086e-05	8.61472e-05	-0.455886	0.31138	0.335633	
-0.43062	0.319994	0.309399	4.0404e-05	4.05099e-05	8.61472e-05	-0.42437	0.321884	0.315248	
-0.398881	0.325077	0.290206	4.04027e-05	4.05112e-05	8.61472e-05	-0.388807	0.32281	0.300747	
-0.361644	0.341312	0.264134	4.04013e-05	4.05126e-05	8.61472e-05	-0.348077	0.332403	0.280521	
-0.325887	0.343166	0.254327	4.03997e-05	4.05142e-05	8.61473e-05	-0.314236	0.342261	0.262297	
-0.293579	0.350751	0.241786	4.03984e-05	4.05154e-05	8.61473e-05	-0.28496	0.352838	0.256128	
-0.266764	0.366351	0.229441	4.03974e-05	4.05165e-05	8.61473e-05	-0.256321	0.359349	0.238162	
-0.234193	0.369131	0.208088	4.03965e-05	4.05174e-05	8.61473e-05	-0.225128	0.370644	0.223915	
-0.202795	0.376725	0.199201	4.03954e-05	4.05185e-05	8.61473e-05	-0.203247	0.375404	0.213384	
-0.172149	0.378106	0.184411	4.03946e-05	4.05193e-05	8.61473e-05	-0.169698	0.390052	0.195441	
-0.13679	0.392027	0.167441	4.03938e-05	4.05201e-05	8.61472e-05	-0.130122	0.403531	0.180084	
-0.107753	0.401104	0.160018	4.0393e-05	4.05209e-05	8.61472e-05	-0.103315	0.40468	0.161006	
-0.0861316	0.407012	0.142926	4.03924e-05	4.05215e-05	8.61472e-05	-0.0715685	0.413298	0.140298	
-0.0511059	0.417285	0.131794	4.03918e-05	4.05221e-05	8.61472e-05	-0.0378142	0.41852	0.122922	
-0.0111182	0.430058	0.118952	4.03912e-05	4.05227e-05	8.61472e-05	-0.00698002	0.427293	0.110863	
0.025985	0.429786	0.100131	4.03907e-05	4.05232e-05	8.61472e-05	0.0216122	0.419224	0.107437	
0.0543263	0.42529	0.0845849	4.03902e-05	4.05237e-05	8.61472e-05	0.0494632	0.4225	0.0908647	
0.0781527	0.426959	0.0646111	4.03897e-05	4.05242e-05	8.61472e-05	0.0847676	0.423623	0.0675893	
0.109363	0.428288	0.0486612	4.03893e-05	4.05246e-05	8.61473e-05	0.117411	0.423809	0.0494615	
0.146052	0.43159	0.0344252	4.03889e-05	4.0525e-05	8.61473e-05	0.149469	0.427979	0.0292903	
0.180089	0.431672	0.0185005	4.03886e-05	4.05253e-05	8.61473e-05	0.18498	0.432948	0.0143933	
0.2095	0.44088	0.00495208	4.03884e-05	4.05255e-05	8.61473e-05	0.209296	0.436174	-0.000402445	
0.241227	0.43068	-0.0136979	4.03883e-05	4.05256e-05	8.61473e-05	0.236076	0.43718	-0.013716	
0.267359	0.433771	-0.0328891	4.03882e-05	4.05257e-05	8.61473e-05	0.269515	0.447125	-0.0295533	
0.294194	0.438915	-0.0540042	4.03882e-05	4.05257e-05	8.61473e-05	0.299624	0.445012	-0.0440495	
