0.0245657	0.0175033	0.402921	0.000120941	0.000120941	0.35987	0.028446	0.00500522	0.0184614	
0.063433	0.0171012	-0.0499791	6.84187e-05	8.31766e-05	0.111249	0.0611772	0.0107752	0.0296162	
0.0985994	0.00699219	-0.0495001	5.03088e-05	8.03415e-05	0.0483898	0.0930426	0.00392831	0.0569331	
0.127618	-0.00861908	-0.253724	4.44656e-05	7.52551e-05	0.0255044	0.121194	0.00664853	0.0596658	
0.166525	-0.000737956	-0.0716026	4.24882e-05	6.90653e-05	0.0156187	0.157383	0.0123359	0.07633	
0.192373	-0.00641573	-0.0878895	4.13713e-05	6.45522e-05	0.0105718	0.182649	0.0159752	0.0893957	
0.224187	0.00806358	0.0517265	4.08991e-05	6.07223e-05	0.00772078	0.211083	0.0136413	0.111114	
0.250872	0.00469959	0.0455563	4.05655e-05	5.76875e-05	0.00597622	0.241111	0.0100836	0.130676	
0.279243	0.0129761	0.0974213	4.04567e-05	5.5256e-05	0.00482949	0.272623	0.0240013	0.14823	
0.305626	0.0178495	0.117719	4.0429e-05	5.32782e-05	0.00403561	0.302265	0.032845	0.15918	
0.341159	0.0290632	0.164972	4.04421e-05	5.1684e-05	0.00346141	0.33889	0.0382943	0.179012	
0.3639	0.0398707	0.196976	4.04873e-05	5.03616e-05	0.00303163	0.367384	0.0395657	0.186838	
0.394336	0.0556673	0.244396	4.05444e-05	4.927e-05	0.0027004	0.392979	0.0453822	0.20488	
0.423228	0.0579263	0.247792	4.0623e-05	4.83399e-05	0.00243909	0.417572	0.0501145	0.224129	
0.45313	0.0585952	0.24567	4.06743e-05	4.7594e-05	0.0022283	0.443589	0.0564692	0.240698	
0.482038	0.0680106	0.263999	4.0698e-05	4.69906e-05	0.00205532	0.465052	0.0696362	0.252236	
0.512039	0.0755133	0.276082	4.07179e-05	4.64719e-05	0.00191116	0.503471	0.0778235	0.264199	
0.534861	0.0803925	0.286957	4.07409e-05	4.60314e-05	0.00179014	0.532604	0.0889455	0.278629	
0.559809	0.0930956	0.314934	4.07594e-05	4.56535e-05	0.00168713	0.562183	0.0986332	0.29895	
0.589939	0.0978043	0.323387	4.07899e-05	4.53083e-05	0.00159868	0.586843	0.101289	0.321063	
0.614609	0.112984	0.353016	4.08088e-05	4.50149e-05	0.00152205	0.611264	0.113031	0.341523	
0.638745	0.122354	0.370642	4.08455e-05	4.474e-05	0.00145543	0.638814	0.12082	0.361783	
0.66864	0.125351	0.374338	4.08797e-05	4.44958e-05	0.001397	0.668455	0.130348	0.384017	
0.699684	0.135803	0.387836	4.09e-05	4.4293e-05	0.0013455	0.691437	0.142049	0.401874	
0.733664	0.150752	0.406341	4.09204e-05	4.41101e-05	0.00129984	0.72312	0.15557	0.421082	
0.755214	0.166931	0.43049	4.09453e-05	4.39394e-05	0.00125923	0.75	0.173339	0.43395	
0.784354	0.181615	0.444642	4.09784e-05	4.37745e-05	0.00122297	0.779875	0.187143	0.440861	
0.810229	0.196375	0.466466	4.10085e-05	4.36274e-05	0.00119048	0.806591	0.195732	0.466341	
0.837234	0.207404	0.476845	4.10444e-05	4.3486e-05	0.00116129	0.826802	0.212818	0.477663	
0.856704	0.225982	0.501977	4.10721e-05	4.33632e-05	0.00113497	0.857996	0.219859	0.491097	
0.879354	0.238636	0.513404	4.11109e-05	4.32391e-05	0.0011112	0.881762	0.230254	0.494774	
0.912528	0.252062	0.522223	4.11411e-05	4.31304e-05	0.00108966	0.914543	0.251764	0.509621	
0.935676	0.273239	0.545213	4.1165e-05	4.30362e-05	0.00107012	0.936348	0.273321	0.52082	
0.965295	0.285782	0.552827	4.11986e-05	4.29383e-05	0.00105235	0.968395	0.283779	0.531696	
0.994722	0.297183	0.561063	4.12239e-05	4.28551e-05	0.00103617	0.987529	0.301212	0.549235	
1.01687	0.317061	0.581944	4.12442e-05	4.2782e-05	0.0010214	1.00995	0.318109	0.562342	
1.04397	0.334054	0.596122	4.12735e-05	4.2703e-05	0.00100791	1.03761	0.330982	0.577514	
1.06872	0.348271	0.607305	4.13039e-05	4.26292e-05	0.000995585	1.05976	0.344932	0.588884	
1.09609	0.36384	0.619136	4.13303e-05	4.2562e-05	0.000984296	1.08764	0.365347	0.605106	
1.11994	0.384879	0.639236	4.13569e-05	4.24993e-05	0.000973946	1.11266	0.388176	0.623819	
1.13458	0.403928	0.663915	4.13897e-05	4.24318e-05	0.000964453	1.13331	0.405877	0.645932	
1.15356	0.433134	0.693238	4.14388e-05	4.23574e-05	0.000955912	1.15655	0.430811	0.663299	
1.17029	0.455105	0.714867	4.14902e-05	4.22737e-05	0.000947857	1.17469	0.450899	0.676355	
1.19032	0.478088	0.731743	4.15416e-05	4.21928e-05	0.000940475	1.19304	0.473121	0.680261	
1.20612	0.498746	0.751136	4.15897e-05	4.21194e-05	0.000933694	1.21037	0.502028	0.691828	
1.22813	0.519366	0.766336	4.16368e-05	4.20487e-05	0.000927456	1.23482	0.528411	0.707869	
1.24582	0.548768	0.792661	4.16799e-05	4.19845e-05	0.00092171	1.26211	0.548835	0.726672	
1.28135	0.569157	0.795373	4.17318e-05	4.19134e-05	0.000916419	1.29062	0.569045	0.742048	
1.30188	0.599456	0.818413	4.17659e-05	4.18626e-05	0.000911529	1.31258	0.598745	0.758898	
1.32334	0.623707	0.835461	4.18069e-05	4.18039e-05	0.000907008	1.33278	0.613734	0.77793	
1.34163	0.640216	0.845811	4.18482e-05	4.17474e-05	0.000902841	1.34835	0.63756	0.787243	
1.36059	0.66135	0.859396	4.18833e-05	4.16992e-05	0.000898993	1.37472	0.653716	0.798344	
1.38789	0.677081	0.86347	4.19169e-05	4.16531e-05	0.000895429	1.39656	0.672302	0.816867	
1.40992	0.697297	0.874322	4.19408e-05	4.16181e-05	0.000892129	1.41173	0.696349	0.831926	
1.43287	0.714071	0.880694	4.19647e-05	4.15837e-05	0.000889073	1.43358	0.710649	0.843705	
1.45323	0.737189	0.893469	4.19845e-05	4.15541e-05	0.000886241	1.45504	0.744082	0.85463	
1.47074	0.761306	0.911304	4.20082e-05	4.15217e-05	0.00088362	1.47441	0.769706	0.874644	
1.49237	0.792353	0.9262	4.20389e-05	4.14829e-05	0.000881197	1.49168	0.797553	0.880521	
1.51053	0.819103	0.942607	4.20703e-05	4.1443e-05	0.000878956	1.50854	0.823491	0.894455	
1.53617	0.843773	0.950522	4.21048e-05	4.14012e-05	0.000876884	1.53647	0.838212	0.908491	
1.54954	0.867667	0.968053	4.21314e-05	4.1366e-05	0.000874956	1.55103	0.864466	0.921127	
1.57276	0.892914	0.97676	4.21643e-05	4.13273e-05	0.000873185	1.5697	0.895946	0.932129	
1.59653	0.922215	0.986754	4.21921e-05	4.12939e-05	0.00087154	1.59262	0.926395	0.941337	
1.6063	0.952571	1.01291	4.22171e-05	4.1263e-05	0.000870013	1.60794	0.957787	0.96369	
1.62012	0.977282	1.02812	4.22549e-05	4.12201e-05	0.000868611	1.62106	0.987797	0.974346	
1.64058	0.99882	1.03674	4.2289e-05	4.11785e-05	0.000867265	1.64083	1.01367	0.992214	
1.6486	1.03924	1.06553	4.23196e-05	4.11444e-05	0.000866073	1.65156	1.04236	1.00253	
1.66202	1.06825	1.08246	4.23618e-05	4.10983e-05	0.000864974	1.66802	1.07019	1.01559	
1.68392	1.096	1.09023	4.24015e-05	4.10545e-05	0.000863947	1.68109	1.09694	1.029	
1.69998	1.12633	1.10705	4.24323e-05	4.10198e-05	0.000862984	1.69284	1.13093	1.05218	
1.71193	1.16107	1.12635	4.24653e-05	4.09847e-05	0.000862101	1.70215	1.16137	1.06322	
1.72355	1.18658	1.14089	4.24997e-05	4.09477e-05	0.000861287	1.72104	1.18295	1.07516	
1.73469	1.22171	1.16046	4.25315e-05	4.09126e-05	0.00086052	1.73302	1.21377	1.08871	
1.74588	1.24672	1.17629	4.25649e-05	4.08758e-05	0.000859808	1.74101	1.24382	1.10925	
1.75189	1.27491	1.19859	4.25972e-05	4.08416e-05	0.000859159	1.756	1.26735	1.13141	
1.75897	1.30189	1.21736	4.26318e-05	4.08044e-05	0.000858556	1.76623	1.29303	1.14856	
1.76919	1.33335	1.23448	4.26651e-05	4.07683e-05	0.000857993	1.77957	1.32679	1.1666	
1.77879	1.36092	1.24924	4.26967e-05	4.07349e-05	0.000857477	1.7901	1.36672	1.18124	
1.79295	1.3874	1.25861	4.2726e-05	4.0705e-05	0.000857	1.79921	1.39106	1.19611	
1.80979	1.4143	1.26498	4.27487e-05	4.06806e-05	0.000856546	1.81525	1.42431	1.21045	
1.81998	1.44606	1.28052	4.27675e-05	4.06617e-05	0.000856123	1.81742	1.45222	1.22842	
1.82787	1.46919	1.29483	4.27866e-05	4.06413e-05	0.000855729	1.82319	1.47744	1.24572	
1.83208	1.50586	1.31694	4.28058e-05	4.06207e-05	0.000855359	1.83194	1.51714	1.26344	
1.85145	1.5347	1.31876	4.2828e-05	4.05963e-05	0.000855014	1.84445	1.54337	1.27516	
1.85481	1.56905	1.33895	4.2844e-05	4.05804e-05	0.000854698	1.84844	1.57205	1.2882	
1.86203	1.59828	1.35324	4.28619e-05	4.05611e-05	0.000854403	1.85258	1.60307	1.30212	
1.87015	1.62403	1.366	4.28791e-05	4.05427e-05	0.00085413	1.86157	1.63543	1.31917	
1.87215	1.65612	1.38578	4.2895e-05	4.05261e-05	0.000853877	1.87084	1.65502	1.3339	
1.88028	1.69083	1.39714	4.29117e-05	4.05077e-05	0.00085364	1.88524	1.67929	1.34104	
1.88151	1.71625	1.41422	4.29263e-05	4.04925e-05	0.000853424	1.89503	1.70983	1.35179	
1.88603	1.74431	1.42807	4.29414e-05	4.04774e-05	0.000853225	1.89528	1.73508	1.36329	
1.89255	1.77232	1.44009	4.29538e-05	4.04637e-05	0.000853037	1.90026	1.76759	1.37766	
1.90347	1.79849	1.44857	4.2965e-05	4.04521e-05	0.000852865	1.89894	1.79956	1.39913	
1.91161	1.83176	1.45919	4.2974e-05	4.04427e-05	0.0008527	1.90733	1.82359	1.41388	
1.91049	1.85829	1.47638	4.29819e-05	4.04344e-05	0.000852544	1.91332	1.85719	1.42099	
1.92092	1.88945	1.4855	4.29902e-05	4.04256e-05	0.000852402	1.9182	1.87767	1.44459	
1.91905	1.9216	1.50432	4.2997e-05	4.04185e-05	0.000852266	1.92031	1.91262	1.45538	
1.91728	1.9522	1.5251	4.30038e-05	4.04109e-05	0.000852143	1.91861	1.9461	1.47768	
1.92173	1.98314	1.53592	4.30103e-05	4.04036e-05	0.000852034	1.92445	1.97912	1.48919	
1.91871	2.01534	1.55622	4.30159e-05	4.03983e-05	0.000851934	1.92534	2.01087	1.50785	
1.91853	2.04309	1.57148	4.30196e-05	4.03936e-05	0.000851843	1.92691	2.03802	1.52214	
1.92163	2.06968	1.58184	4.30222e-05	4.03905e-05	0.000851759	1.92176	2.06691	1.53273	
1.92125	2.09773	1.59634	4.30237e-05	4.03888e-05	0.00085168	1.92752	2.09107	1.54609	
1.92258	2.12482	1.60868	4.30247e-05	4.03882e-05	0.000851605	1.9294	2.12775	1.55988	
1.93066	2.16425	1.6139	4.30238e-05	4.03887e-05	0.000851534	1.92726	2.16599	1.57611	
1.92195	2.19988	1.63995	4.30235e-05	4.03897e-05	0.000851464	1.92277	2.20026	1.60458	
1.91474	2.23533	1.66102	4.30198e-05	4.03924e-05	0.000851402	1.914	2.23558	1.62318	
1.90704	2.26119	1.68139	4.30142e-05	4.03969e-05	0.000851349	1.91092	2.25977	1.63769	
1.90425	2.29795	1.69701	4.30069e-05	4.04034e-05	0.000851306	1.91143	2.3004	1.66008	
1.90591	2.32476	1.70576	4.29989e-05	4.04114e-05	0.00085127	1.91637	2.33312	1.67232	
1.90648	2.36097	1.71431	4.2992e-05	4.0419e-05	0.00085123	1.90639	2.36251	1.68439	
1.90537	2.38989	1.72554	4.29852e-05	4.04264e-05	0.000851188	1.9068	2.3962	1.69763	
1.90831	2.41884	1.73222	4.2977e-05	4.04343e-05	0.000851144	1.9078	2.42358	1.7112	
1.9025	2.45285	1.74656	4.29698e-05	4.04416e-05	0.0008511	1.90401	2.45703	1.72229	
1.90064	2.48974	1.75534	4.29607e-05	4.04505e-05	0.000851057	1.90434	2.4885	1.73173	
1.8978	2.5186	1.76593	4.29519e-05	4.04593e-05	0.000851016	1.89635	2.5202	1.74002	
1.90254	2.54732	1.77087	4.29425e-05	4.04686e-05	0.000850976	1.89275	2.54652	1.75886	
1.89284	2.57299	1.78875	4.29347e-05	4.04766e-05	0.000850938	1.89126	2.57407	1.7669	
1.8839	2.60391	1.80516	4.29226e-05	4.0488e-05	0.0008509	1.88247	2.5953	1.77881	
1.87938	2.62793	1.81885	4.29085e-05	4.05022e-05	0.000850874	1.87021	2.61923	1.79443	
1.8616	2.65396	1.84338	4.28933e-05	4.05172e-05	0.00085085	1.86219	2.64864	1.80152	
1.85382	2.67939	1.85766	4.28721e-05	4.05376e-05	0.000850833	1.84863	2.68271	1.81174	
1.84285	2.70887	1.87602	4.28513e-05	4.05581e-05	0.000850821	1.84508	2.70607	1.83112	
1.8347	2.74747	1.88794	4.28289e-05	4.05808e-05	0.000850812	1.83781	2.73946	1.84929	
1.82698	2.77801	1.90219	4.28078e-05	4.06022e-05	0.000850803	1.82474	2.77338	1.87083	
1.81499	2.80504	1.92153	4.27855e-05	4.06242e-05	0.000850794	1.8164	2.80893	1.8927	
1.79694	2.83517	1.9455	4.27597e-05	4.06494e-05	0.000850784	1.79572	2.83948	1.91512	
1.78297	2.86205	1.96519	4.27262e-05	4.06801e-05	0.000850741	1.7817	2.87044	1.93567	
1.77306	2.89129	1.97855	4.26937e-05	4.07126e-05	0.000850758	1.7718	2.89656	1.95311	
1.75987	2.92442	1.99495	4.2664e-05	4.07431e-05	0.000850771	1.75527	2.92708	1.97759	
1.74573	2.95274	2.01251	4.26341e-05	4.07742e-05	0.000850779	1.73855	2.95066	1.99754	
1.72397	2.97804	2.03558	4.26018e-05	4.0807e-05	0.000850788	1.72792	2.97564	2.0069	
1.71915	3.00094	2.04212	4.25635e-05	4.08442e-05	0.000850786	1.71882	3.00441	2.01478	
1.70147	3.03114	2.05954	4.25339e-05	4.0874e-05	0.000850784	1.7108	3.03103	2.03047	
1.69172	3.05292	2.07326	4.25016e-05	4.09066e-05	0.000850781	1.69755	3.05239	2.04823	
1.67566	3.07831	2.08909	4.24701e-05	4.09384e-05	0.000850777	1.68806	3.08607	2.05891	
1.66345	3.10795	2.09999	4.24333e-05	4.09715e-05	0.000850694	1.67462	3.11742	2.07494	
1.65544	3.13822	2.10613	4.24046e-05	4.10021e-05	0.000850717	1.6606	3.14698	2.09041	
1.64013	3.16864	2.11918	4.23806e-05	4.10267e-05	0.000850716	1.65912	3.17159	2.10743	
1.63818	3.19807	2.1201	4.23548e-05	4.10537e-05	0.000850719	1.64937	3.19654	2.12492	
1.62152	3.22447	2.13732	4.23371e-05	4.1072e-05	0.000850705	1.63466	3.22653	2.14688	
1.6123	3.25497	2.14404	4.23121e-05	4.10981e-05	0.000850695	1.62139	3.25473	2.1653	
1.59401	3.27791	2.16049	4.22893e-05	4.11206e-05	0.000850677	1.60753	3.27291	2.17347	
1.57405	3.30754	2.17619	4.22614e-05	4.11492e-05	0.000850666	1.59002	3.29937	2.19017	
1.56159	3.33506	2.18783	4.22289e-05	4.11811e-05	0.000850656	1.57425	3.32752	2.21471	
1.54279	3.35517	2.2083	4.21977e-05	4.1212e-05	0.000850645	1.55002	3.35919	2.23585	
1.52814	3.38586	2.21592	4.21593e-05	4.12496e-05	0.000850637	1.52624	3.38338	2.24837	
1.51183	3.41165	2.23092	4.21279e-05	4.12813e-05	0.000850634	1.50779	3.40752	2.27362	
1.48929	3.4343	2.2502	4.20947e-05	4.13152e-05	0.00085063	1.48865	3.43614	2.28847	
1.46884	3.45948	2.26547	4.20546e-05	4.13539e-05	0.000850621	1.46438	3.45587	2.30355	
1.4468	3.48058	2.28323	4.20158e-05	4.13934e-05	0.000850626	1.44235	3.48352	2.31461	
1.42825	3.4982	2.29938	4.19736e-05	4.14352e-05	0.00085063	1.43148	3.50441	2.32377	
1.40724	3.51697	2.31951	4.19321e-05	4.14771e-05	0.000850634	1.40852	3.51966	2.34575	
1.39114	3.53259	2.33844	4.18857e-05	4.15227e-05	0.000850641	1.3889	3.53488	2.37233	
1.36825	3.55554	2.35576	4.18382e-05	4.15698e-05	0.000850648	1.36818	3.55571	2.39369	
1.35515	3.57445	2.3653	4.1791e-05	4.16161e-05	0.000850651	1.35386	3.573	2.40498	
1.33226	3.6019	2.37641	4.17527e-05	4.16557e-05	0.000850661	1.33462	3.59407	2.41856	
1.31462	3.61802	2.3917	4.17169e-05	4.16918e-05	0.000850664	1.31973	3.61909	2.43247	
1.29732	3.64865	2.39617	4.16792e-05	4.17288e-05	0.000850656	1.29797	3.64013	2.44989	
1.26541	3.6697	2.41599	4.16513e-05	4.17577e-05	0.000850654	1.26575	3.65872	2.45674	
1.24512	3.68535	2.4326	4.16148e-05	4.17943e-05	0.00085065	1.24229	3.68058	2.47078	
1.21406	3.70342	2.45577	4.15764e-05	4.18333e-05	0.000850648	1.21281	3.70237	2.48975	
1.19245	3.7316	2.46103	4.15294e-05	4.18795e-05	0.000850652	1.18785	3.72243	2.49948	
1.16982	3.75628	2.47362	4.14944e-05	4.19146e-05	0.00085065	1.15626	3.74848	2.52531	
1.14156	3.77053	2.49251	4.14603e-05	4.19487e-05	0.000850645	1.12643	3.76794	2.52833	
1.10641	3.78777	2.51616	4.14214e-05	4.19878e-05	0.000850647	1.10032	3.78811	2.54462	
1.07922	3.80628	2.53067	4.1375e-05	4.20339e-05	0.000850653	1.07768	3.7991	2.55312	
1.05514	3.82128	2.54964	4.13316e-05	4.20761e-05	0.000850648	1.05045	3.82071	2.57751	
1.03419	3.83844	2.56201	4.12876e-05	4.21204e-05	0.000850659	1.02921	3.84429	2.59301	
1.00511	3.85428	2.58054	4.12485e-05	4.21597e-05	0.000850665	1.00058	3.85297	2.61008	
0.983852	3.86774	2.59508	4.12076e-05	4.22009e-05	0.000850673	0.980953	3.87051	2.62399	
0.959207	3.88801	2.6053	4.11688e-05	4.22396e-05	0.000850675	0.949175	3.89188	2.63866	
0.925345	3.90163	2.62586	4.11352e-05	4.22728e-05	0.000850668	0.924344	3.90677	2.65107	
0.899083	3.91265	2.64562	4.10971e-05	4.23112e-05	0.000850672	0.89428	3.91954	2.67075	
0.874079	3.92718	2.65733	4.10571e-05	4.23519e-05	0.000850686	0.868725	3.93505	2.67624	
0.848114	3.94774	2.66723	4.10218e-05	4.2387e-05	0.000850684	0.841071	3.94998	2.69645	
0.818474	3.95727	2.68692	4.09864e-05	4.24171e-05	0.000850574	0.815709	3.96378	2.70829	
0.786573	3.96464	2.70922	4.09539e-05	4.24514e-05	0.000850613	0.784669	3.97435	2.72057	
0.755845	3.97597	2.72666	4.09169e-05	4.24899e-05	0.000850647	0.752229	3.98858	2.73379	
0.721577	3.99624	2.73621	4.08802e-05	4.25265e-05	0.000850662	0.72265	4.00996	2.74587	
0.692281	4.01319	2.74693	4.0851e-05	4.25571e-05	0.000850674	0.691982	4.02232	2.76041	
0.654915	4.01893	2.77109	4.0825e-05	4.25841e-05	0.000850678	0.652943	4.0256	2.77252	
0.630764	4.02857	2.78391	4.07916e-05	4.26169e-05	0.000850683	0.626282	4.0356	2.78037	
0.603667	4.03656	2.80033	4.0762e-05	4.2646e-05	0.000850682	0.599492	4.04588	2.79272	
0.578057	4.05162	2.80933	4.07334e-05	4.26749e-05	0.000850686	0.573918	4.05938	2.80787	
0.551217	4.06754	2.81616	4.07098e-05	4.26989e-05	0.000850685	0.543149	4.07187	2.81697	
0.514599	4.08486	2.82676	4.06914e-05	4.27184e-05	0.000850678	0.510016	4.08689	2.8336	
0.48939	4.09464	2.83993	4.06728e-05	4.27367e-05	0.000850665	0.485038	4.09414	2.84782	
0.466107	4.10929	2.84877	4.06539e-05	4.27557e-05	0.000850656	0.459445	4.10557	2.86856	
0.427555	4.11752	2.8683	4.06371e-05	4.27726e-05	0.000850645	0.435777	4.11237	2.88689	
0.405094	4.12212	2.8842	4.06169e-05	4.27932e-05	0.000850637	0.403032	4.12457	2.89912	
0.379054	4.13351	2.89466	4.05956e-05	4.28142e-05	0.000850634	0.376207	4.12909	2.91478	
0.348085	4.13678	2.91358	4.05771e-05	4.28322e-05	0.000850625	0.344457	4.13406	2.92637	
0.319364	4.13505	2.93696	4.05576e-05	4.28521e-05	0.000850623	0.315721	4.13293	2.94022	
0.290663	4.1478	2.94395	4.0535e-05	4.28742e-05	0.000850632	0.280972	4.14034	2.95139	
0.258008	4.15167	2.96293	4.0518e-05	4.28909e-05	0.000850631	0.262944	4.15736	2.97078	
0.232131	4.16172	2.97326	4.05004e-05	4.29082e-05	0.000850633	0.229386	4.16579	2.98994	
0.1975	4.16329	2.99298	4.04866e-05	4.29227e-05	0.000850633	0.193602	4.16875	3.00509	
0.169905	4.17187	3.00343	4.04711e-05	4.29379e-05	0.000850636	0.162989	4.17536	3.02069	
0.129994	4.1785	3.01648	4.04585e-05	4.29503e-05	0.000850634	0.126693	4.17166	3.03118	
0.100499	4.18258	3.02885	4.04479e-05	4.29617e-05	0.000850633	0.10184	4.18111	3.03714	
0.0704508	4.17874	3.0532	4.04377e-05	4.29717e-05	0.00085063	0.0701549	4.17966	3.05883	
0.0434372	4.18407	3.06616	4.04261e-05	4.29827e-05	0.000850632	0.0433415	4.17875	3.07844	
0.0159002	4.18163	3.08735	4.04167e-05	4.29917e-05	0.000850633	0.00833848	4.18202	3.09922	
-0.0134914	4.18532	3.10175	4.0408e-05	4.30002e-05	0.000850641	-0.0164276	4.17775	3.12068	
-0.0436205	4.18269	3.11972	4.04012e-05	4.3007e-05	0.000850646	-0.0460062	4.17461	3.13104	
-0.0709452	4.17934	3.1392	4.03957e-05	4.30124e-05	0.000850653	-0.0758841	4.17136	3.1474	
-0.0898053	4.17748	3.15604	4.03913e-05	4.30164e-05	0.000850656	-0.101921	4.17711	3.16309	
-0.124162	4.17936	3.16866	4.0389e-05	4.30188e-05	0.000850666	-0.137518	4.17022	3.17806	
-0.159607	4.17883	3.182	4.03883e-05	4.30198e-05	0.000850672	-0.168392	4.17378	3.18751	
-0.192536	4.18197	3.19123	4.03887e-05	4.30197e-05	0.000850674	-0.198222	4.17841	3.1981	
-0.220518	4.1818	3.20303	4.03901e-05	4.30188e-05	0.000850672	-0.228457	4.17638	3.20563	
-0.250661	4.17996	3.21911	4.03921e-05	4.3017e-05	0.000850666	-0.25914	4.17325	3.22496	
-0.278567	4.16918	3.24341	4.0396e-05	4.30138e-05	0.000850661	-0.28219	4.17025	3.24063	
-0.311699	4.16574	3.2607	4.04019e-05	4.30077e-05	0.000850661	-0.304763	4.1666	3.26418	
-0.336911	4.1641	3.27431	4.04085e-05	4.30002e-05	0.000850664	-0.332168	4.16416	3.28003	
-0.363568	4.16311	3.28525	4.04163e-05	4.29922e-05	0.000850667	-0.361391	4.15933	3.29004	
-0.387417	4.15046	3.31112	4.04241e-05	4.29842e-05	0.000850661	-0.394652	4.15104	3.31016	
-0.413398	4.15029	3.32321	4.04362e-05	4.29717e-05	0.000850668	-0.425741	4.14698	3.33211	
-0.452781	4.14049	3.33922	4.04487e-05	4.29598e-05	0.000850683	-0.45997	4.1311	3.339	
-0.488758	4.13365	3.3527	4.04611e-05	4.29464e-05	0.000850666	-0.495291	4.13038	3.34863	
-0.51931	4.13338	3.3602	4.04757e-05	4.29329e-05	0.000850673	-0.523435	4.12329	3.3598	
-0.54917	4.12689	3.3732	4.04877e-05	4.29212e-05	0.000850674	-0.550979	4.11283	3.36739	
-0.579365	4.11159	3.3995	4.05009e-05	4.29085e-05	0.000850673	-0.578457	4.10769	3.39342	
-0.61044	4.10248	3.4149	4.05201e-05	4.28887e-05	0.000850675	-0.605893	4.09953	3.40599	
-0.639001	4.09813	3.42533	4.05405e-05	4.28686e-05	0.000850676	-0.633415	4.09177	3.41796	
-0.670849	4.09509	3.43232	4.05585e-05	4.28504e-05	0.000850676	-0.66824	4.08151	3.42639	
-0.699562	4.07662	3.45505	4.05741e-05	4.2835e-05	0.00085067	-0.697794	4.07029	3.4317	
-0.729594	4.05782	3.48022	4.05963e-05	4.28132e-05	0.000850668	-0.727028	4.05692	3.45033	
-0.749208	4.04665	3.4993	4.06234e-05	4.27846e-05	0.000850668	-0.750921	4.04189	3.46593	
-0.780863	4.04029	3.51072	4.06533e-05	4.2755e-05	0.00085068	-0.772881	4.02479	3.48846	
-0.803983	4.02012	3.53812	4.06795e-05	4.27288e-05	0.000850688	-0.796755	4.00412	3.50877	
-0.82499	4.01177	3.5516	4.07117e-05	4.2694e-05	0.00085066	-0.823404	3.99896	3.52085	
-0.852514	3.99161	3.57433	4.07444e-05	4.26625e-05	0.000850686	-0.845671	3.98423	3.53457	
-0.875001	3.97954	3.59077	4.07802e-05	4.26262e-05	0.000850704	-0.875392	3.97823	3.54982	
-0.903705	3.97345	3.59856	4.08158e-05	4.25911e-05	0.000850725	-0.902811	3.96752	3.56634	
-0.924713	3.95968	3.61978	4.08451e-05	4.25626e-05	0.000850734	-0.926189	3.96144	3.59392	
-0.950981	3.95254	3.6286	4.08796e-05	4.25284e-05	0.00085074	-0.951814	3.96055	3.60937	
-0.975235	3.93598	3.64784	4.09097e-05	4.24994e-05	0.000850739	-0.976063	3.95351	3.62758	
-1.00337	3.92275	3.66157	4.09437e-05	4.24657e-05	0.000850738	-1.00552	3.94166	3.64638	
-1.03088	3.91546	3.66773	4.09765e-05	4.24332e-05	0.000850741	-1.02935	3.92254	3.65778	
-1.05681	3.89495	3.68759	4.10026e-05	4.24067e-05	0.000850726	-1.05686	3.89985	3.67195	
-1.08106	3.88249	3.701	4.10362e-05	4.23736e-05	0.00085072	-1.08562	3.8806	3.6893	
-1.10885	3.86724	3.712	4.10685e-05	4.23345e-05	0.000850707	-1.11054	3.86515	3.69603	
-1.1388	3.84274	3.7346	4.10989e-05	4.23077e-05	0.000850702	-1.138	3.84593	3.72175	
-1.15451	3.83405	3.74816	4.11371e-05	4.227e-05	0.000850692	-1.15933	3.82796	3.73931	
-1.18358	3.81923	3.75907	4.11742e-05	4.22339e-05	0.000850694	-1.17922	3.81768	3.75654	
-1.21417	3.80299	3.77123	4.12085e-05	4.22008e-05	0.000850691	-1.20175	3.80824	3.7788	
-1.23007	3.78897	3.78757	4.12406e-05	4.21684e-05	0.000850682	-1.22247	3.79364	3.79162	
-1.25096	3.7667	3.80666	4.12764e-05	4.21334e-05	0.000850685	-1.24728	3.77334	3.80072	
-1.2814	3.74726	3.8171	4.13161e-05	4.20931e-05	0.00085068	-1.28034	3.75058	3.81165	
-1.30021	3.73756	3.82685	4.13522e-05	4.20576e-05	0.000850675	-1.30261	3.7356	3.82458	
-1.32239	3.72462	3.83828	4.13838e-05	4.20257e-05	0.000850667	-1.32974	3.71772	3.8429	
-1.34668	3.69774	3.85708	4.1415e-05	4.19949e-05	0.000850663	-1.34927	3.69087	3.85106	
-1.37854	3.67636	3.8663	4.14533e-05	4.19574e-05	0.000850655	-1.37881	3.66818	3.86241	
-1.39558	3.65518	3.88729	4.14859e-05	4.19247e-05	0.000850648	-1.40064	3.6477	3.88223	
-1.41952	3.62887	3.90332	4.15256e-05	4.18841e-05	0.000850644	-1.42121	3.63089	3.88759	
-1.4407	3.60718	3.91845	4.15663e-05	4.18429e-05	0.000850644	-1.45439	3.60615	3.89863	
-1.46526	3.58395	3.93185	4.16069e-05	4.18022e-05	0.000850646	-1.47413	3.57869	3.90974	
-1.49179	3.55782	3.94876	4.16457e-05	4.17633e-05	0.000850644	-1.49743	3.55725	3.9337	
-1.51819	3.53946	3.95577	4.1687e-05	4.17223e-05	0.000850645	-1.52476	3.5356	3.9439	
-1.54134	3.51957	3.96654	4.17199e-05	4.16895e-05	0.000850643	-1.54823	3.51804	3.95562	
-1.56883	3.49825	3.97824	4.17514e-05	4.16583e-05	0.000850638	-1.56282	3.50105	3.98153	
-1.58512	3.48254	3.99123	4.17831e-05	4.16272e-05	0.00085063	-1.58089	3.48447	3.99581	
-1.60175	3.46231	4.00535	4.18149e-05	4.15951e-05	0.000850623	-1.59915	3.46453	4.00394	
-1.62311	3.43669	4.02121	4.18484e-05	4.15613e-05	0.000850616	-1.62044	3.44056	4.02034	
-1.64603	3.41502	4.03275	4.1885e-05	4.15252e-05	0.000850618	-1.64496	3.42276	4.03776	
-1.67301	3.39968	4.03477	4.1919e-05	4.1491e-05	0.000850613	-1.67319	3.40887	4.04928	
-1.6927	3.38058	4.04592	4.19426e-05	4.14666e-05	0.000850593	-1.69313	3.39323	4.0633	
-1.70375	3.35766	4.06588	4.19686e-05	4.14415e-05	0.00085059	-1.7112	3.36566	4.07499	
-1.72789	3.34018	4.0725	4.20028e-05	4.14069e-05	0.000850583	-1.73143	3.34979	4.0938	
-1.74903	3.30905	4.08786	4.20311e-05	4.13786e-05	0.000850575	-1.7543	3.3225	4.10242	
-1.77907	3.28845	4.08928	4.20627e-05	4.13465e-05	0.000850566	-1.78366	3.30028	4.11516	
-1.79657	3.26434	4.10442	4.20847e-05	4.13246e-05	0.000850556	-1.80118	3.26729	4.13112	
-1.82136	3.24003	4.1142	4.21125e-05	4.12975e-05	0.000850555	-1.81983	3.23728	4.15225	
-1.83694	3.21388	4.13218	4.21383e-05	4.12708e-05	0.000850539	-1.83665	3.21658	4.17087	
-1.85348	3.19172	4.14418	4.21711e-05	4.12389e-05	0.000850546	-1.85666	3.18943	4.18095	
-1.8707	3.16413	4.15979	4.22003e-05	4.12074e-05	0.000850504	-1.87263	3.16542	4.19642	
-1.8838	3.13398	4.17871	4.22347e-05	4.1174e-05	0.000850517	-1.88561	3.13728	4.20657	
-1.90651	3.11678	4.17891	4.22717e-05	4.11367e-05	0.000850529	-1.90738	3.11892	4.2086	
-1.92093	3.09369	4.19248	4.22969e-05	4.11126e-05	0.000850534	-1.92227	3.09034	4.22066	
-1.93876	3.06679	4.20708	4.23234e-05	4.10862e-05	0.000850536	-1.9392	3.06646	4.24263	
-1.95067	3.04124	4.22281	4.23527e-05	4.10573e-05	0.000850536	-1.9531	3.03618	4.2521	
-1.96499	3.01906	4.23589	4.23831e-05	4.10262e-05	0.000850535	-1.97689	3.01443	4.26897	
-1.98599	2.99362	4.24436	4.2413e-05	4.09961e-05	0.000850537	-1.99597	2.98865	4.28717	
-2.00408	2.96517	4.25533	4.24395e-05	4.09704e-05	0.000850538	-2.00365	2.95075	4.29944	
-2.01766	2.93478	4.27155	4.2464e-05	4.09456e-05	0.000850535	-2.01302	2.92239	4.3134	
-2.03065	2.90281	4.28758	4.24917e-05	4.09176e-05	0.000850535	-2.02466	2.89206	4.32367	
-2.04478	2.87149	4.30163	4.2523e-05	4.08881e-05	0.000850576	-2.04225	2.86763	4.3339	
-2.05575	2.84236	4.31932	4.25517e-05	4.08593e-05	0.000850563	-2.04744	2.838	4.35254	
-2.06743	2.81319	4.33501	4.25813e-05	4.08287e-05	0.000850559	-2.04936	2.81252	4.36819	
-2.07554	2.78447	4.35596	4.26113e-05	4.07987e-05	0.000850558	-2.05749	2.78	4.39375	
-2.08116	2.76371	4.37249	4.26436e-05	4.07659e-05	0.000850564	-2.06401	2.75059	4.40727	
-2.07481	2.73252	4.40618	4.26735e-05	4.07346e-05	0.000850567	-2.07512	2.71911	4.42721	
-2.08612	2.70082	4.42095	4.27126e-05	4.0695e-05	0.000850592	-2.0809	2.68668	4.44575	
-2.08939	2.6629	4.44309	4.27453e-05	4.0662e-05	0.000850617	-2.0873	2.65985	4.45487	
-2.09628	2.63362	4.45984	4.27773e-05	4.06294e-05	0.000850639	-2.09131	2.63257	4.47186	
-2.10563	2.60678	4.47188	4.28059e-05	4.06008e-05	0.000850661	-2.10624	2.6048	4.48514	
-2.11283	2.57118	4.4902	4.28299e-05	4.05773e-05	0.000850676	-2.11462	2.57441	4.50617	
-2.12628	2.53695	4.5025	4.28537e-05	4.05545e-05	0.000850689	-2.12142	2.53657	4.53318	
-2.12529	2.51218	4.52333	4.28731e-05	4.05351e-05	0.000850694	-2.1246	2.50652	4.54579	
-2.13731	2.47823	4.53103	4.28931e-05	4.05147e-05	0.000850699	-2.13165	2.4737	4.55379	
-2.14403	2.45284	4.54562	4.29089e-05	4.04995e-05	0.000850701	-2.13542	2.44725	4.57602	
-2.14487	2.41478	4.56721	4.29236e-05	4.04848e-05	0.000850697	-2.14643	2.40696	4.59284	
-2.1436	2.37826	4.59146	4.29396e-05	4.04692e-05	0.000850702	-2.14126	2.37726	4.616	
-2.14344	2.35355	4.60972	4.29563e-05	4.04524e-05	0.000850708	-2.13995	2.35174	4.63126	
-2.13918	2.31637	4.63321	4.29702e-05	4.0432e-05	0.000850715	-2.13892	2.31673	4.64476	
-2.13366	2.28596	4.65733	4.29832e-05	4.04216e-05	0.000850727	-2.13304	2.28426	4.66248	
-2.13989	2.25035	4.66656	4.29992e-05	4.0411e-05	0.000850833	-2.13983	2.24872	4.67148	
-2.14046	2.21654	4.6813	4.30061e-05	4.04037e-05	0.00085081	-2.13889	2.21765	4.68073	
-2.13993	2.18812	4.69716	4.30115e-05	4.03979e-05	0.000850793	-2.14215	2.18188	4.69334	
-2.13537	2.15681	4.7198	4.30157e-05	4.03935e-05	0.000850782	-2.14122	2.15282	4.71733	
-2.14517	2.12065	4.7246	4.30186e-05	4.03901e-05	0.000850777	-2.14845	2.12352	4.73357	
-2.14859	2.09016	4.73361	4.3021e-05	4.03887e-05	0.00085077	-2.15462	2.09146	4.74066	
-2.14641	2.05952	4.75016	4.30215e-05	4.03882e-05	0.000850757	-2.15451	2.06913	4.75523	
-2.14942	2.03553	4.76192	4.30209e-05	4.03887e-05	0.000850745	-2.15724	2.03314	4.77456	
-2.15509	2.00311	4.76684	4.30197e-05	4.039e-05	0.000850733	-2.15852	1.99916	4.7799	
-2.15852	1.96791	4.774	4.30183e-05	4.03916e-05	0.000850718	-2.16644	1.97254	4.78583	
-2.15919	1.94022	4.78653	4.30167e-05	4.03936e-05	0.000850701	-2.16405	1.94742	4.80112	
-2.15489	1.91758	4.8059	4.3014e-05	4.03963e-05	0.000850683	-2.16065	1.91544	4.82292	
-2.15774	1.88773	4.81673	4.301e-05	4.04006e-05	0.00085067	-2.16645	1.88642	4.84515	
-2.15043	1.85713	4.83769	4.30045e-05	4.04055e-05	0.000850656	-2.15905	1.85715	4.86617	
-2.14542	1.82964	4.85414	4.29966e-05	4.04126e-05	0.000850648	-2.1584	1.82833	4.88046	
-2.14392	1.79924	4.86634	4.29882e-05	4.04214e-05	0.000850648	-2.15187	1.79629	4.89595	
-2.14146	1.77043	4.87908	4.29787e-05	4.04305e-05	0.000850645	-2.14599	1.77347	4.91025	
-2.14008	1.73823	4.89044	4.29689e-05	4.04402e-05	0.000850643	-2.13665	1.742	4.92719	
-2.13787	1.71471	4.90309	4.2959e-05	4.04503e-05	0.00085064	-2.13474	1.71613	4.94158	
-2.13001	1.68895	4.92127	4.29483e-05	4.04609e-05	0.000850633	-2.12194	1.6935	4.9572	
-2.1187	1.65812	4.9404	4.29348e-05	4.04741e-05	0.000850629	-2.12262	1.66657	4.96819	
-2.12279	1.62734	4.94573	4.29187e-05	4.049e-05	0.000850631	-2.11777	1.6409	4.99108	
-2.11733	1.60535	4.96221	4.2906e-05	4.05032e-05	0.000850629	-2.10657	1.60728	5.01129	
-2.10781	1.57968	4.97848	4.28906e-05	4.05185e-05	0.000850627	-2.09349	1.5832	5.01895	
-2.09443	1.55006	4.99771	4.28733e-05	4.05358e-05	0.000850625	-2.08236	1.55625	5.02841	
-2.08229	1.51975	5.01758	4.28527e-05	4.05562e-05	0.000850627	-2.07995	1.52628	5.04904	
-2.07434	1.49562	5.03243	4.2829e-05	4.05794e-05	0.000850633	-2.06209	1.50015	5.06235	
-2.05497	1.47756	5.06302	4.28063e-05	4.06027e-05	0.000850639	-2.04201	1.47496	5.08615	
-2.03928	1.44554	5.08323	4.27738e-05	4.06345e-05	0.000850654	-2.03312	1.43965	5.10494	
-2.03083	1.41669	5.09441	4.27396e-05	4.06677e-05	0.000850672	-2.02967	1.41165	5.11547	
-2.01752	1.3858	5.10947	4.27105e-05	4.0697e-05	0.000850688	-2.01401	1.38579	5.12647	
-2.01094	1.35535	5.11861	4.26817e-05	4.07258e-05	0.000850695	-2.00471	1.35539	5.14215	
-2.00002	1.32605	5.13232	4.26577e-05	4.07511e-05	0.0008507	-1.98843	1.3247	5.15825	
-1.98781	1.29108	5.14601	4.26321e-05	4.07768e-05	0.000850699	-1.98054	1.2959	5.18033	
-1.97462	1.26516	5.16178	4.2606e-05	4.0803e-05	0.000850696	-1.9721	1.27889	5.19355	
-1.9561	1.24572	5.18721	4.2578e-05	4.08314e-05	0.000850696	-1.95514	1.24884	5.21538	
-1.94554	1.22142	5.19977	4.25408e-05	4.08678e-05	0.000850695	-1.93721	1.22499	5.22821	
-1.92077	1.189	5.2229	4.25071e-05	4.09015e-05	0.000850697	-1.91701	1.19523	5.2456	
-1.89809	1.16858	5.24851	4.24679e-05	4.09409e-05	0.000850702	-1.8991	1.16867	5.26115	
-1.89551	1.14459	5.25276	4.2421e-05	4.09866e-05	0.000850713	-1.89305	1.13851	5.27714	
-1.87814	1.12077	5.27016	4.23873e-05	4.10207e-05	0.000850719	-1.87789	1.1108	5.29035	
-1.86513	1.09613	5.28237	4.23513e-05	4.10573e-05	0.000850726	-1.86478	1.08436	5.30279	
-1.85197	1.0694	5.29493	4.23175e-05	4.10911e-05	0.000850723	-1.84877	1.06879	5.32217	
-1.83879	1.04808	5.31078	4.22852e-05	4.1124e-05	0.000850722	-1.84059	1.04214	5.34397	
-1.82146	1.02441	5.3264	4.22505e-05	4.11585e-05	0.000850714	-1.82114	1.02586	5.35701	
-1.8001	1.0032	5.34427	4.22144e-05	4.11945e-05	0.000850708	-1.79571	1.0062	5.3609	
-1.77888	0.986538	5.36506	4.21752e-05	4.12334e-05	0.000850704	-1.78201	0.985507	5.36836	
-1.75139	0.965894	5.38905	4.21313e-05	4.1277e-05	0.000850705	-1.75988	0.967712	5.3792	
-1.728	0.943859	5.40727	4.20818e-05	4.13266e-05	0.000850714	-1.74866	0.945251	5.38793	
-1.71277	0.926889	5.42496	4.2033e-05	4.13755e-05	0.000850724	-1.72729	0.922825	5.41139	
-1.69699	0.896184	5.43128	4.19844e-05	4.14235e-05	0.000850733	-1.70992	0.888907	5.426	
-1.67855	0.875427	5.44744	4.19474e-05	4.14609e-05	0.000850735	-1.6868	0.870947	5.44504	
-1.66338	0.848602	5.45528	4.19099e-05	4.15e-05	0.000850735	-1.67752	0.85141	5.46014	
-1.64998	0.828867	5.46579	4.18768e-05	4.15328e-05	0.000850729	-1.65589	0.837136	5.47255	
-1.64079	0.81158	5.4778	4.18459e-05	4.15637e-05	0.000850719	-1.64329	0.822426	5.49843	
-1.62444	0.79212	5.48827	4.18148e-05	4.15948e-05	0.000850706	-1.62543	0.806625	5.50277	
-1.60056	0.777522	5.51059	4.17852e-05	4.1625e-05	0.000850697	-1.60103	0.788411	5.51802	
-1.58012	0.753221	5.51982	4.17449e-05	4.16646e-05	0.000850686	-1.5818	0.764205	5.52305	
-1.5607	0.732849	5.53423	4.17103e-05	4.16992e-05	0.000850677	-1.56032	0.742097	5.54141	
-1.53046	0.718527	5.56083	4.1675e-05	4.17352e-05	0.000850676	-1.53781	0.720165	5.55945	
-1.51293	0.703516	5.57772	4.16264e-05	4.17819e-05	0.000850664	-1.51855	0.707315	5.58161	
-1.48581	0.691728	5.59821	4.1582e-05	4.18284e-05	0.000850715	-1.49131	0.690044	5.58201	
-1.46775	0.673358	5.6097	4.15329e-05	4.1877e-05	0.000850706	-1.48143	0.670231	5.59566	
-1.44312	0.658415	5.63077	4.14906e-05	4.19193e-05	0.000850701	-1.46048	0.650418	5.61959	
-1.42165	0.640757	5.64768	4.14439e-05	4.19659e-05	0.000850708	-1.43546	0.633589	5.64691	
-1.40347	0.621338	5.66044	4.13981e-05	4.20107e-05	0.000850706	-1.41069	0.62046	5.67408	
-1.38266	0.595962	5.66598	4.13576e-05	4.20514e-05	0.000850709	-1.38391	0.594055	5.68705	
-1.36712	0.574827	5.67258	4.13265e-05	4.20828e-05	0.000850704	-1.36119	0.57909	5.70387	
-1.34453	0.563925	5.69385	4.13009e-05	4.21091e-05	0.000850695	-1.34084	0.572075	5.72695	
-1.31146	0.549503	5.71591	4.12662e-05	4.2144e-05	0.000850685	-1.30535	0.557173	5.74203	
-1.28996	0.535929	5.73095	4.12242e-05	4.21854e-05	0.000850684	-1.28789	0.538603	5.75713	
-1.25895	0.526916	5.75622	4.11902e-05	4.2225e-05	0.000850802	-1.25985	0.530225	5.77621	
-1.23963	0.508497	5.76476	4.11411e-05	4.22707e-05	0.000850758	-1.23368	0.516663	5.79222	
-1.21166	0.490091	5.77705	4.1103e-05	4.23077e-05	0.000850734	-1.19187	0.491686	5.80479	
-1.17778	0.478686	5.7969	4.10693e-05	4.23415e-05	0.000850716	-1.15598	0.482256	5.81085	
-1.14247	0.467229	5.81882	4.10317e-05	4.23787e-05	0.000850706	-1.12409	0.461846	5.82544	
-1.10906	0.456947	5.83974	4.09903e-05	4.24197e-05	0.000850712	-1.10056	0.453688	5.8388	
-1.08959	0.43241	5.83877	4.09477e-05	4.2461e-05	0.000850711	-1.08339	0.438915	5.84909	
-1.06342	0.416473	5.84759	4.09215e-05	4.24876e-05	0.000850708	-1.05426	0.419743	5.8526	
-1.03156	0.399979	5.8636	4.08984e-05	4.25111e-05	0.000850698	-1.02737	0.408867	5.87756	
-1.00314	0.390607	5.8806	4.08721e-05	4.25374e-05	0.000850688	-0.993661	0.400014	5.88758	
-0.972273	0.390563	5.90958	4.08432e-05	4.25657e-05	0.000850676	-0.965341	0.392657	5.9072	
-0.949491	0.379774	5.92377	4.08053e-05	4.2603e-05	0.00085068	-0.944047	0.38097	5.92712	
-0.924411	0.364591	5.9341	4.07721e-05	4.26362e-05	0.000850687	-0.920177	0.362917	5.94655	
-0.890509	0.351794	5.94973	4.07444e-05	4.26638e-05	0.000850686	-0.888936	0.35332	5.96506	
-0.854932	0.348397	5.97299	4.07175e-05	4.2691e-05	0.000850687	-0.855933	0.347882	5.97644	
-0.822264	0.339912	5.99103	4.06867e-05	4.27215e-05	0.000850692	-0.836017	0.336133	5.99503	
-0.791755	0.329084	6.0051	4.06572e-05	4.27507e-05	0.000850697	-0.802421	0.32641	6.01268	
-0.76519	0.322013	6.02121	4.06312e-05	4.27768e-05	0.000850702	-0.773345	0.317653	6.03026	
-0.741925	0.308844	6.02692	4.06069e-05	4.28016e-05	0.000850709	-0.739334	0.304226	6.03707	
-0.712967	0.303339	6.03962	4.05893e-05	4.28202e-05	0.000850705	-0.710068	0.3046	6.03424	
-0.687234	0.299284	6.05784	4.05716e-05	4.28378e-05	0.000850698	-0.680984	0.29241	6.05285	
-0.654577	0.279098	6.06032	4.05524e-05	4.28568e-05	0.000850692	-0.652142	0.277904	6.06991	
-0.615054	0.272152	6.07575	4.054e-05	4.28702e-05	0.000850682	-0.618122	0.27817	6.07739	
-0.589553	0.273328	6.0971	4.05257e-05	4.28848e-05	0.000850671	-0.593609	0.267613	6.09094	
-0.561169	0.266295	6.11101	4.05084e-05	4.29018e-05	0.000850665	-0.561441	0.263287	6.10883	
-0.534234	0.256595	6.12148	4.04921e-05	4.29174e-05	0.00085066	-0.530416	0.255158	6.127	
-0.502945	0.260439	6.14628	4.04787e-05	4.29308e-05	0.000850656	-0.4945	0.255662	6.14345	
-0.466875	0.248958	6.15391	4.04633e-05	4.29461e-05	0.000850656	-0.461898	0.248975	6.15554	
-0.437104	0.239773	6.16349	4.04518e-05	4.29579e-05	0.000850654	-0.430036	0.243196	6.17127	
-0.416294	0.242515	6.18475	4.04419e-05	4.29679e-05	0.000850652	-0.404638	0.247848	6.18993	
-0.384498	0.243019	6.20348	4.04304e-05	4.29785e-05	0.000850642	-0.375024	0.250572	6.20416	
-0.35567	0.244724	6.22264	4.04201e-05	4.29885e-05	0.000850646	-0.338383	0.250105	6.21891	
-0.323429	0.23891	6.23204	4.04108e-05	4.29974e-05	0.000850651	-0.313204	0.244139	6.22763	
-0.28587	0.237414	6.24653	4.04043e-05	4.30042e-05	0.000850653	-0.283185	0.239855	6.23795	
-0.249708	0.240218	6.26337	4.03994e-05	4.30098e-05	0.000850654	-0.249123	0.240199	6.24212	
-0.222459	0.237953	6.27527	4.03946e-05	4.30143e-05	0.000850655	-0.217021	0.238673	6.25258	
-0.193735	0.239575	6.29079	4.03914e-05	4.30175e-05	0.000850654	-0.1863	0.244666	6.26209	
-0.162017	0.244173	6.30907	4.03893e-05	4.30196e-05	0.000850653	-0.162714	0.250964	6.27168	
-0.129811	0.245745	6.32429	4.03883e-05	4.30204e-05	0.000850653	-0.129987	0.25221	6.28449	
-0.104917	0.243762	6.33527	4.03892e-05	4.302e-05	0.000850654	-0.104913	0.255545	6.29719	
-0.0689203	0.241915	6.34811	4.03903e-05	4.30187e-05	0.000850653	-0.0760054	0.261604	6.28941	
-0.0412157	0.248183	6.33805	4.03925e-05	4.30165e-05	0.00085065	-0.0447136	0.261597	6.27589	
-0.0148216	0.251351	6.32517	4.03937e-05	4.30162e-05	0.00085064	-0.015795	0.260815	6.26273	
0.0185049	0.26011	6.31875	4.03934e-05	4.3017e-05	0.000850622	0.0187259	0.259463	6.25126	
0.0476562	0.256148	6.29619	4.03933e-05	4.3018e-05	0.000850603	0.0468273	0.256149	6.22791	
0.0743801	0.24701	6.27078	4.0391e-05	4.30197e-05	0.000850587	0.0789368	0.255323	6.21208	
0.113541	0.249386	6.25856	4.03896e-05	4.30208e-05	0.000850579	0.118752	0.25072	6.1976	
0.140548	0.250476	6.24603	4.03885e-05	4.30211e-05	0.000850576	0.149692	0.250363	6.1852	
0.174919	0.249658	6.23092	4.03887e-05	4.30206e-05	0.000850573	0.177468	0.239237	6.16883	
0.197795	0.243486	6.21122	4.03901e-05	4.3019e-05	0.000850573	0.209358	0.240419	6.15602	
0.232903	0.237377	6.19185	4.03935e-05	4.30158e-05	0.000850577	0.236868	0.232604	6.13993	
0.262954	0.233001	6.1746	4.03978e-05	4.30107e-05	0.000850584	0.265555	0.229981	6.12334	
0.290919	0.226385	6.15645	4.04039e-05	4.30044e-05	0.000850594	0.293827	0.229615	6.11109	
0.316043	0.225046	6.14411	4.04123e-05	4.29963e-05	0.000850604	0.322026	0.2215	6.09863	
0.344057	0.224842	6.13268	4.04202e-05	4.29879e-05	0.000850611	0.350616	0.217607	6.08234	
0.372521	0.220422	6.11744	4.04288e-05	4.29795e-05	0.000850616	0.374798	0.213119	6.06713	
0.410478	0.2146	6.10225	4.04387e-05	4.29698e-05	0.00085062	0.405962	0.206543	6.05053	
0.439871	0.208329	6.08638	4.04499e-05	4.29587e-05	0.000850623	0.438174	0.201743	6.03625	
0.468748	0.205977	6.074	4.04625e-05	4.29459e-05	0.000850622	0.477673	0.191206	6.01781	
0.504541	0.192933	6.05303	4.04753e-05	4.2933e-05	0.000850621	0.51055	0.182642	6.00297	
0.533689	0.178909	6.0288	4.04915e-05	4.29165e-05	0.000850624	0.537158	0.171409	5.98158	
0.557931	0.168354	6.00894	4.05122e-05	4.28955e-05	0.000850637	0.556066	0.153578	5.96449	
0.585732	0.153245	5.98681	4.05351e-05	4.28728e-05	0.000850655	0.577575	0.149132	5.95143	
0.616432	0.146971	5.976	4.05606e-05	4.28467e-05	0.000850671	0.612667	0.147171	5.94105	
0.64287	0.131496	5.95358	4.05835e-05	4.28241e-05	0.000850681	0.634128	0.13218	5.92544	
0.672163	0.123541	5.93971	4.06101e-05	4.27969e-05	0.000850689	0.665003	0.122584	5.90696	
0.698398	0.106421	5.91608	4.06359e-05	4.27714e-05	0.000850699	0.69094	0.112761	5.88881	
0.723827	0.0950039	5.90214	4.06672e-05	4.27407e-05	0.000850713	0.715443	0.097282	5.88452	
0.746924	0.0850129	5.88789	4.06959e-05	4.27119e-05	0.000850723	0.741463	0.0898411	5.87498	
0.776393	0.0733217	5.87577	4.07246e-05	4.2684e-05	0.000850728	0.767534	0.0744087	5.86944	
0.794828	0.0705597	5.86606	4.07514e-05	4.26578e-05	0.000850729	0.796873	0.0634129	5.85398	
0.824988	0.0559906	5.85022	4.07751e-05	4.26344e-05	0.000850728	0.825132	0.0522089	5.84075	
0.851434	0.041695	5.83445	4.08013e-05	4.26079e-05	0.000850719	0.854667	0.0432896	5.83077	
0.878215	0.0263718	5.81796	4.08302e-05	4.25796e-05	0.000850713	0.885465	0.0359497	5.81927	
0.909995	0.0206603	5.81331	4.08602e-05	4.25491e-05	0.000850708	0.916552	0.0265455	5.80675	
0.943261	0.00228667	5.79827	4.08837e-05	4.25258e-05	0.000850699	0.94162	0.00986829	5.79798	
0.96098	-0.00767616	5.78113	4.09108e-05	4.24993e-05	0.00085069	0.969255	-0.00310498	5.77585	
0.995912	-0.0205417	5.77387	4.09413e-05	4.24689e-05	0.000850682	0.991324	-0.0187153	5.76899	
1.02522	-0.0312615	5.76356	4.09663e-05	4.24433e-05	0.000850669	1.01458	-0.0343779	5.75184	
1.04909	-0.0470458	5.74635	4.09912e-05	4.24189e-05	0.000850663	1.03468	-0.0490536	5.73585	
1.07122	-0.0671003	5.72372	4.10208e-05	4.23889e-05	0.000850653	1.05633	-0.0629783	5.7156	
1.09328	-0.0751295	5.7122	4.10585e-05	4.2351e-05	0.000850653	1.08894	-0.0792261	5.69279	
1.11617	-0.0942251	5.69273	4.10933e-05	4.23164e-05	0.000850649	1.11785	-0.104408	5.67579	
1.13621	-0.120755	5.66519	4.11313e-05	4.22773e-05	0.000850645	1.14058	-0.124746	5.65734	
1.15677	-0.135438	5.65085	4.11796e-05	4.22282e-05	0.000850656	1.16137	-0.135792	5.64453	
1.18032	-0.159027	5.62786	4.12179e-05	4.21834e-05	0.000850542	1.18625	-0.157679	5.61985	
1.20343	-0.180694	5.60631	4.12695e-05	4.21342e-05	0.000850607	1.20839	-0.172612	5.5921	
1.22598	-0.191539	5.59723	4.13216e-05	4.20827e-05	0.000850656	1.22872	-0.180761	5.57586	
1.25146	-0.199448	5.59333	4.13642e-05	4.20411e-05	0.000850684	1.25241	-0.197312	5.56209	
1.27215	-0.214406	5.58115	4.1396e-05	4.20107e-05	0.000850697	1.28437	-0.208677	5.55127	
1.30147	-0.238627	5.56533	4.14276e-05	4.198e-05	0.0008507	1.31147	-0.231418	5.53212	
1.32757	-0.261896	5.55091	4.14628e-05	4.1946e-05	0.000850705	1.33934	-0.252848	5.52178	
1.35351	-0.271896	5.54553	4.14988e-05	4.19105e-05	0.000850703	1.36153	-0.271913	5.50284	
1.37677	-0.297391	5.5279	4.15278e-05	4.18824e-05	0.000850692	1.38015	-0.297596	5.49182	
1.39116	-0.315902	5.50636	4.15625e-05	4.18478e-05	0.000850683	1.39216	-0.319763	5.46565	
1.41241	-0.34289	5.48717	4.16047e-05	4.18054e-05	0.000850678	1.41986	-0.344216	5.45332	
1.42794	-0.373403	5.46093	4.16492e-05	4.17599e-05	0.000850678	1.43816	-0.365846	5.43771	
1.45576	-0.397314	5.45063	4.17021e-05	4.1706e-05	0.000850686	1.46167	-0.383512	5.42523	
1.4741	-0.40883	5.43971	4.17465e-05	4.16616e-05	0.000850694	1.47008	-0.400097	5.40078	
1.49348	-0.42719	5.42485	4.17857e-05	4.16231e-05	0.000850699	1.49177	-0.421082	5.37662	
1.50921	-0.443092	5.41382	4.18244e-05	4.1584e-05	0.000850693	1.50611	-0.443875	5.37069	
1.51977	-0.465621	5.38916	4.18603e-05	4.15493e-05	0.000850698	1.52563	-0.467046	5.34435	
1.54526	-0.485315	5.38219	4.19053e-05	4.15039e-05	0.000850698	1.54309	-0.487426	5.3299	
1.56335	-0.506841	5.3678	4.1941e-05	4.1468e-05	0.00085069	1.56095	-0.515013	5.31416	
1.5773	-0.534402	5.34633	4.19771e-05	4.14319e-05	0.000850685	1.57908	-0.543085	5.29826	
1.59487	-0.558091	5.33017	4.20195e-05	4.13894e-05	0.000850686	1.59615	-0.561073	5.27845	
1.61082	-0.583782	5.31174	4.20612e-05	4.13474e-05	0.000850685	1.61433	-0.586883	5.25821	
1.62904	-0.603784	5.30169	4.21043e-05	4.13041e-05	0.000850688	1.62994	-0.611156	5.24703	
1.64652	-0.627447	5.2885	4.2141e-05	4.12676e-05	0.000850687	1.64911	-0.633655	5.23379	
1.66059	-0.651485	5.27275	4.21768e-05	4.12327e-05	0.000850686	1.66127	-0.653459	5.22157	
1.67339	-0.678207	5.2533	4.22125e-05	4.1197e-05	0.000850686	1.67883	-0.68834	5.20352	
1.68879	-0.703461	5.23675	4.22522e-05	4.11574e-05	0.000850684	1.6902	-0.716916	5.18186	
1.70971	-0.732989	5.2249	4.22907e-05	4.11183e-05	0.000850683	1.70488	-0.741734	5.1665	
1.71573	-0.763433	5.19893	4.23259e-05	4.10836e-05	0.000850683	1.71928	-0.775952	5.14938	
1.72677	-0.797987	5.17611	4.23681e-05	4.10405e-05	0.000850687	1.73024	-0.806453	5.13165	
1.74346	-0.822131	5.16586	4.24126e-05	4.0995e-05	0.000850696	1.74101	-0.833261	5.1183	
1.75871	-0.856575	5.15058	4.24493e-05	4.09583e-05	0.000850701	1.75525	-0.859841	5.10947	
1.77587	-0.878883	5.14194	4.24823e-05	4.09236e-05	0.000850668	1.77346	-0.880436	5.09407	
1.79142	-0.913948	5.12387	4.25122e-05	4.08956e-05	0.000850689	1.78739	-0.914004	5.07002	
1.80303	-0.937841	5.11053	4.25436e-05	4.08645e-05	0.000850694	1.79696	-0.935169	5.05713	
1.80816	-0.970806	5.0877	4.25729e-05	4.08354e-05	0.000850695	1.80756	-0.963931	5.04589	
1.81626	-0.992461	5.07511	4.26068e-05	4.08016e-05	0.000850702	1.81428	-0.991627	5.0417	
1.83172	-1.01796	5.06704	4.26365e-05	4.07718e-05	0.000850701	1.82078	-1.01872	5.03161	
1.83629	-1.03806	5.04938	4.26609e-05	4.0748e-05	0.0008507	1.82877	-1.0459	5.01683	
1.84835	-1.0625	5.03651	4.26869e-05	4.07217e-05	0.000850692	1.84456	-1.07178	4.99625	
1.85486	-1.10106	5.01321	4.27092e-05	4.06976e-05	0.000850648	1.85572	-1.1026	4.97535	
1.86717	-1.13791	4.99893	4.27382e-05	4.06689e-05	0.000850664	1.86605	-1.13455	4.96114	
1.87506	-1.16871	4.9841	4.27651e-05	4.06431e-05	0.000850676	1.87443	-1.16365	4.95224	
1.887	-1.19272	4.97408	4.27893e-05	4.06194e-05	0.000850687	1.88524	-1.18773	4.93548	
1.88949	-1.22131	4.95374	4.28096e-05	4.05992e-05	0.000850686	1.88819	-1.21369	4.92057	
1.89405	-1.24881	4.93726	4.28317e-05	4.05767e-05	0.000850684	1.89567	-1.24667	4.90882	
1.90365	-1.28264	4.9229	4.28531e-05	4.05553e-05	0.000850687	1.90019	-1.28311	4.88952	
1.90958	-1.31652	4.90658	4.28726e-05	4.05359e-05	0.000850688	1.90681	-1.31316	4.87554	
1.91209	-1.34203	4.888	4.28911e-05	4.05173e-05	0.000850688	1.91018	-1.34817	4.85638	
1.9105	-1.36797	4.8667	4.29095e-05	4.0499e-05	0.000850691	1.91084	-1.38411	4.84186	
1.91682	-1.40052	4.85207	4.29278e-05	4.04804e-05	0.000850697	1.92387	-1.41383	4.82374	
1.91947	-1.42866	4.83497	4.29437e-05	4.04648e-05	0.000850705	1.92678	-1.43959	4.80587	
1.93059	-1.45943	4.82648	4.2958e-05	4.04503e-05	0.000850708	1.93586	-1.46765	4.78638	
1.93557	-1.48688	4.81134	4.29691e-05	4.04395e-05	0.000850707	1.94285	-1.49588	4.76315	
1.93801	-1.51848	4.79441	4.29815e-05	4.04295e-05	0.000850748	1.94551	-1.52673	4.74398	
1.94551	-1.55519	4.78445	4.29909e-05	4.04201e-05	0.000850728	1.94804	-1.56656	4.7314	
1.95237	-1.59486	4.77444	4.29974e-05	4.04128e-05	0.000850711	1.95839	-1.59122	4.72088	
1.9537	-1.62379	4.75943	4.30031e-05	4.0407e-05	0.000850697	1.96478	-1.62366	4.70821	
1.95682	-1.65526	4.74609	4.30089e-05	4.04016e-05	0.000850685	1.96217	-1.65256	4.69348	
1.95844	-1.68425	4.73113	4.30136e-05	4.03971e-05	0.000850674	1.96311	-1.67467	4.6763	
1.95917	-1.71063	4.72019	4.30166e-05	4.03934e-05	0.000850665	1.96233	-1.69857	4.67663	
1.95993	-1.72806	4.70707	4.30195e-05	4.03908e-05	0.000850657	1.96222	-1.726	4.66566	
1.96536	-1.76391	4.69838	4.30207e-05	4.03891e-05	0.000850648	1.96621	-1.75373	4.65287	
1.96223	-1.78376	4.68207	4.30215e-05	4.03883e-05	0.000850639	1.96177	-1.77769	4.64431	
1.96284	-1.806	4.66981	4.30213e-05	4.03883e-05	0.000850631	1.96109	-1.8098	4.63438	
1.96111	-1.83228	4.65155	4.30203e-05	4.03892e-05	0.000850624	1.96443	-1.84285	4.60885	
1.96268	-1.87384	4.64081	4.3018e-05	4.03912e-05	0.00085062	1.95834	-1.87425	4.59513	
1.95437	-1.90068	4.61719	4.30152e-05	4.0394e-05	0.000850615	1.95504	-1.90255	4.57294	
1.94269	-1.92692	4.59231	4.30097e-05	4.0399e-05	0.000850617	1.94217	-1.92934	4.55739	
1.94303	-1.95602	4.58281	4.30013e-05	4.04067e-05	0.000850627	1.93486	-1.94675	4.54822	
1.92842	-1.98222	4.55683	4.29943e-05	4.04144e-05	0.000850636	1.9269	-1.97798	4.53669	
1.91832	-2.00825	4.53665	4.29823e-05	4.04256e-05	0.000850648	1.92071	-2.00752	4.52612	
1.91594	-2.0289	4.52397	4.29691e-05	4.0439e-05	0.000850663	1.91858	-2.0288	4.51367	
1.90858	-2.06609	4.50794	4.29556e-05	4.04522e-05	0.000850675	1.91015	-2.05493	4.49679	
1.90584	-2.09004	4.497	4.29412e-05	4.04666e-05	0.000850683	1.91264	-2.08742	4.48807	
1.90359	-2.11566	4.48564	4.29276e-05	4.04802e-05	0.000850684	1.90221	-2.11645	4.47323	
1.88375	-2.14276	4.45565	4.29152e-05	4.04939e-05	0.000850687	1.88688	-2.14577	4.45493	
1.87688	-2.17325	4.43998	4.28935e-05	4.05148e-05	0.000850694	1.87786	-2.17901	4.43278	
1.87812	-2.20537	4.43547	4.2872e-05	4.05358e-05	0.000850698	1.87574	-2.20733	4.41797	
1.86334	-2.22959	4.41179	4.2856e-05	4.05524e-05	0.0008507	1.87116	-2.23779	4.40052	
1.86451	-2.26025	4.40789	4.28334e-05	4.05744e-05	0.000850697	1.86295	-2.25609	4.38638	
1.85775	-2.29502	4.39666	4.2817e-05	4.05917e-05	0.000850697	1.84863	-2.28535	4.37022	
1.84425	-2.31434	4.37417	4.28e-05	4.06087e-05	0.000850685	1.83244	-2.30396	4.35393	
1.82869	-2.34024	4.3531	4.27773e-05	4.06321e-05	0.000850685	1.81813	-2.32998	4.34073	
1.81148	-2.37464	4.33406	4.27498e-05	4.06596e-05	0.000850687	1.80715	-2.36672	4.32793	
1.79939	-2.40177	4.31826	4.27201e-05	4.06892e-05	0.000850691	1.79795	-2.39668	4.31494	
1.78447	-2.42793	4.29894	4.26896e-05	4.07186e-05	0.000850692	1.7738	-2.42601	4.29856	
1.76865	-2.45028	4.28062	4.26572e-05	4.07507e-05	0.000850699	1.76595	-2.44682	4.29332	
1.75501	-2.47005	4.26172	4.26216e-05	4.07842e-05	0.000850667	1.76152	-2.47263	4.27928	
1.74847	-2.49736	4.25352	4.25872e-05	4.08197e-05	0.000850697	1.74398	-2.50766	4.26533	
1.73507	-2.53734	4.24548	4.25593e-05	4.0849e-05	0.000850707	1.72869	-2.53329	4.25518	
1.70961	-2.56247	4.21783	4.25346e-05	4.08743e-05	0.000850711	1.71834	-2.55903	4.23856	
1.69718	-2.58657	4.20458	4.24974e-05	4.09107e-05	0.000850709	1.70439	-2.57686	4.22787	
1.68042	-2.60486	4.18288	4.24644e-05	4.09452e-05	0.000850714	1.67944	-2.60753	4.20964	
1.66431	-2.6294	4.1654	4.24221e-05	4.09845e-05	0.00085068	1.66019	-2.63107	4.19085	
1.65653	-2.65696	4.15922	4.23829e-05	4.10248e-05	0.000850708	1.643	-2.66141	4.17778	
1.64297	-2.67335	4.14093	4.23518e-05	4.10559e-05	0.000850709	1.63703	-2.68055	4.16098	
1.62558	-2.70793	4.12903	4.23163e-05	4.10911e-05	0.000850707	1.61989	-2.70384	4.14179	
1.60509	-2.7325	4.10931	4.22837e-05	4.11296e-05	0.000850712	1.60207	-2.72603	4.12324	
1.58604	-2.75401	4.09073	4.22453e-05	4.1165e-05	0.000850709	1.5783	-2.7523	4.10846	
1.55859	-2.76959	4.06241	4.22043e-05	4.12047e-05	0.000850711	1.55313	-2.77633	4.09631	
1.54611	-2.78553	4.04801	4.21532e-05	4.12554e-05	0.000850722	1.54057	-2.79444	4.08309	
1.5277	-2.81241	4.03661	4.2107e-05	4.13016e-05	0.000850732	1.52494	-2.81871	4.07365	
1.50028	-2.8399	4.01559	4.20661e-05	4.13423e-05	0.000850737	1.50416	-2.84112	4.05319	
1.48584	-2.86111	4.00444	4.20206e-05	4.13877e-05	0.000850744	1.49366	-2.86239	4.04186	
1.47347	-2.88256	3.99584	4.19792e-05	4.14275e-05	0.000850709	1.47128	-2.88744	4.03206	
1.45565	-2.90684	3.98521	4.19461e-05	4.14612e-05	0.000850714	1.45982	-2.91207	4.02353	
1.43926	-2.91926	3.96549	4.19158e-05	4.14932e-05	0.000850716	1.44465	-2.93724	4.00535	
1.41359	-2.94748	3.95438	4.18778e-05	4.15318e-05	0.000850715	1.42876	-2.95476	4.00512	
1.40765	-2.96714	3.94751	4.18438e-05	4.15673e-05	0.000850743	1.41254	-2.97292	3.98169	
1.38485	-2.98632	3.92833	4.18143e-05	4.15972e-05	0.000850728	1.39673	-2.99454	3.96317	
1.36223	-3.01026	3.91519	4.17775e-05	4.16336e-05	0.000850708	1.37564	-3.0147	3.95182	
1.34418	-3.02816	3.90215	4.17409e-05	4.16695e-05	0.000850694	1.35844	-3.03439	3.94301	
1.32679	-3.06044	3.89925	4.17051e-05	4.17049e-05	0.000850682	1.33695	-3.0578	3.92793	
1.31012	-3.08285	3.88891	4.16792e-05	4.17308e-05	0.000850667	1.32392	-3.0764	3.91055	
1.29714	-3.10608	3.88179	4.1653e-05	4.17571e-05	0.000850652	1.30916	-3.09488	3.89149	
1.27034	-3.12214	3.86015	4.16293e-05	4.17806e-05	0.000850633	1.2866	-3.11381	3.87645	
1.25496	-3.13374	3.84246	4.15941e-05	4.18156e-05	0.000850624	1.26554	-3.1379	3.85531	
1.24195	-3.15488	3.83692	4.15553e-05	4.18548e-05	0.000850626	1.24294	-3.16419	3.84419	
1.21467	-3.17471	3.8221	4.15253e-05	4.18851e-05	0.000850615	1.21649	-3.17779	3.83978	
1.19264	-3.18985	3.80413	4.14923e-05	4.19182e-05	0.000850607	1.18563	-3.19245	3.82133	
1.16218	-3.20879	3.78556	4.14535e-05	4.19554e-05	0.000850595	1.16762	-3.20872	3.80879	
1.14488	-3.23064	3.77891	4.14128e-05	4.19965e-05	0.0008506	1.14711	-3.22684	3.79636	
1.11945	-3.24353	3.75666	4.13806e-05	4.20293e-05	0.000850601	1.13543	-3.24369	3.77236	
1.10206	-3.26229	3.74745	4.13393e-05	4.207e-05	0.000850604	1.10811	-3.26496	3.75723	
1.08112	-3.2785	3.73433	4.13047e-05	4.21045e-05	0.000850606	1.08132	-3.28707	3.74332	
1.06195	-3.30214	3.72725	4.12711e-05	4.21384e-05	0.000850607	1.06124	-3.3072	3.72188	
1.03052	-3.3221	3.71321	4.12438e-05	4.21663e-05	0.000850601	1.03865	-3.32222	3.71454	
1.0141	-3.33225	3.69691	4.12141e-05	4.21963e-05	0.000850595	1.02388	-3.33244	3.69479	
0.991999	-3.3466	3.68366	4.11806e-05	4.22294e-05	0.000850594	1	-3.34879	3.68415	
0.971927	-3.36404	3.675	4.11477e-05	4.22615e-05	0.000850586	0.983135	-3.36517	3.67459	
0.951992	-3.37402	3.65873	4.11196e-05	4.22896e-05	0.000850582	0.958947	-3.37606	3.66037	
0.926289	-3.39627	3.65043	4.10884e-05	4.23211e-05	0.000850584	0.93911	-3.39327	3.64421	
0.902513	-3.40182	3.62704	4.10622e-05	4.2348e-05	0.000850578	0.907878	-3.40396	3.62384	
0.86776	-3.413	3.60318	4.10258e-05	4.23832e-05	0.000850574	0.889444	-3.40918	3.60112	
0.843672	-3.42373	3.58877	4.0984e-05	4.24239e-05	0.00085058	0.862367	-3.42559	3.59276	
0.823046	-3.4445	3.58551	4.09467e-05	4.24612e-05	0.000850592	0.835806	-3.43953	3.58256	
0.800768	-3.45049	3.56568	4.09212e-05	4.2488e-05	0.000850597	0.806633	-3.44912	3.56532	
0.781767	-3.46811	3.55905	4.08896e-05	4.25191e-05	0.000850599	0.782198	-3.46199	3.54808	
0.748048	-3.48159	3.54231	4.08653e-05	4.25445e-05	0.000850606	0.744293	-3.4737	3.5325	
0.721392	-3.48753	3.52099	4.08377e-05	4.25716e-05	0.000850601	0.726204	-3.48374	3.51298	
0.697443	-3.49371	3.50294	4.0806e-05	4.26035e-05	0.000850609	0.698277	-3.49047	3.49851	
0.671564	-3.50423	3.48779	4.07743e-05	4.26351e-05	0.00085061	0.67217	-3.49711	3.47975	
0.645778	-3.50498	3.46406	4.07441e-05	4.2665e-05	0.000850618	0.642539	-3.50314	3.46348	
0.621687	-3.51233	3.44831	4.07105e-05	4.26977e-05	0.000850626	0.617609	-3.51117	3.44763	
0.592581	-3.52409	3.43523	4.06802e-05	4.27276e-05	0.000850636	0.585126	-3.52287	3.4302	
0.559356	-3.53218	3.41569	4.06539e-05	4.27539e-05	0.000850643	0.557243	-3.53658	3.40556	
0.525203	-3.54304	3.39927	4.0627e-05	4.27807e-05	0.000850652	0.520708	-3.54992	3.38053	
0.492203	-3.54459	3.37703	4.0602e-05	4.28059e-05	0.000850661	0.495191	-3.55336	3.36656	
0.466991	-3.55727	3.36655	4.05757e-05	4.28319e-05	0.000850672	0.467159	-3.56685	3.34181	
0.442685	-3.568	3.35758	4.05545e-05	4.2853e-05	0.000850675	0.441651	-3.57345	3.32921	
0.418532	-3.57547	3.3464	4.05384e-05	4.28705e-05	0.000850679	0.412178	-3.58145	3.32021	
0.385846	-3.58678	3.33508	4.05231e-05	4.28861e-05	0.000850677	0.378653	-3.58502	3.30168	
0.350857	-3.59822	3.32486	4.05092e-05	4.29003e-05	0.000850671	0.348726	-3.59563	3.28751	
0.322573	-3.60648	3.31173	4.04968e-05	4.29129e-05	0.000850663	0.323372	-3.60505	3.26761	
0.290239	-3.60708	3.29395	4.04843e-05	4.2925e-05	0.000850649	0.297982	-3.60864	3.26295	
0.263827	-3.61587	3.28373	4.04711e-05	4.29385e-05	0.000850647	0.262416	-3.60202	3.24706	
0.232596	-3.61374	3.26007	4.04604e-05	4.29497e-05	0.000850639	0.224982	-3.60192	3.22569	
0.197278	-3.61069	3.23452	4.04465e-05	4.29627e-05	0.000850636	0.196456	-3.60125	3.2001	
0.175114	-3.61604	3.22523	4.04322e-05	4.29761e-05	0.000850644	0.172383	-3.6087	3.19322	
0.137635	-3.60761	3.19574	4.04219e-05	4.29863e-05	0.00085065	0.138648	-3.60545	3.1705	
0.10441	-3.60443	3.17247	4.04113e-05	4.29967e-05	0.000850663	0.109008	-3.60308	3.14429	
0.0754668	-3.60799	3.16146	4.04023e-05	4.30054e-05	0.000850682	0.0738817	-3.60787	3.13401	
0.0415968	-3.60435	3.14163	4.0396e-05	4.30115e-05	0.000850697	0.0458423	-3.60494	3.11882	
0.00933034	-3.60498	3.12816	4.03915e-05	4.30159e-05	0.00085071	0.00936612	-3.60336	3.10778	
-0.017096	-3.59756	3.10545	4.03892e-05	4.30186e-05	0.000850719	-0.0258599	-3.59974	3.09182	
-0.0509794	-3.60068	3.09744	4.03883e-05	4.30193e-05	0.000850728	-0.0616097	-3.60695	3.08694	
-0.0853098	-3.60282	3.08538	4.03896e-05	4.30191e-05	0.000850732	-0.0967119	-3.60651	3.06869	
-0.11793	-3.60311	3.07284	4.03916e-05	4.30179e-05	0.000850731	-0.1221	-3.61009	3.05491	
-0.145378	-3.60401	3.06011	4.03937e-05	4.30156e-05	0.000850725	-0.1515	-3.60769	3.03701	
-0.174576	-3.60703	3.05228	4.03972e-05	4.30123e-05	0.000850721	-0.179831	-3.61174	3.02777	
-0.204277	-3.61157	3.04518	4.04007e-05	4.30089e-05	0.000850707	-0.20234	-3.60764	3.01398	
-0.232323	-3.60428	3.02424	4.04044e-05	4.30055e-05	0.000850693	-0.233948	-3.59881	2.99481	
-0.260932	-3.58921	2.99689	4.04105e-05	4.29992e-05	0.000850681	-0.257401	-3.59253	2.98023	
-0.291553	-3.5844	2.97952	4.04197e-05	4.29885e-05	0.000850667	-0.28837	-3.58503	2.95748	
-0.317483	-3.57732	2.96206	4.04312e-05	4.29768e-05	0.000850675	-0.313029	-3.57871	2.94435	
-0.346046	-3.5729	2.94577	4.04441e-05	4.29638e-05	0.000850684	-0.348019	-3.57004	2.92099	
-0.384723	-3.56727	2.93094	4.04587e-05	4.29497e-05	0.000850692	-0.382835	-3.56477	2.89954	
-0.411856	-3.55363	2.9077	4.0473e-05	4.29352e-05	0.000850697	-0.41349	-3.5519	2.88442	
-0.43928	-3.54644	2.89191	4.04913e-05	4.29165e-05	0.000850706	-0.440374	-3.54079	2.86898	
-0.472646	-3.53647	2.87618	4.05102e-05	4.28977e-05	0.000850715	-0.471336	-3.52934	2.85797	
-0.504568	-3.52322	2.8567	4.05304e-05	4.28782e-05	0.00085072	-0.507783	-3.51748	2.8446	
-0.532516	-3.51288	2.8393	4.05526e-05	4.28561e-05	0.000850726	-0.528134	-3.50631	2.82887	
-0.55457	-3.49898	2.81791	4.05755e-05	4.2833e-05	0.000850734	-0.551287	-3.49582	2.81633	
-0.582705	-3.4882	2.80179	4.06017e-05	4.28063e-05	0.000850741	-0.578874	-3.47901	2.80234	
-0.608591	-3.47418	2.78055	4.06293e-05	4.27797e-05	0.000850747	-0.60914	-3.46518	2.78177	
-0.635052	-3.46005	2.76078	4.06584e-05	4.27498e-05	0.000850755	-0.636107	-3.45131	2.76415	
-0.668173	-3.44421	2.74005	4.06899e-05	4.27182e-05	0.000850768	-0.664043	-3.43947	2.73737	
-0.693777	-3.42929	2.72138	4.07237e-05	4.2684e-05	0.000850777	-0.688975	-3.42803	2.72352	
-0.720228	-3.41499	2.70433	4.0759e-05	4.26491e-05	0.000850785	-0.718014	-3.40836	2.70994	
-0.745261	-3.39767	2.68294	4.07939e-05	4.26145e-05	0.000850793	-0.748581	-3.3947	2.691	
-0.776888	-3.37786	2.66449	4.08312e-05	4.25765e-05	0.0008508	-0.787815	-3.39035	2.67926	
-0.810076	-3.37297	2.66048	4.0869e-05	4.25378e-05	0.000850801	-0.817928	-3.3817	2.66192	
-0.835022	-3.36319	2.64973	4.08982e-05	4.25105e-05	0.000850812	-0.841194	-3.36813	2.65126	
-0.864325	-3.35147	2.63824	4.0925e-05	4.24841e-05	0.000850802	-0.869976	-3.35057	2.63546	
-0.89721	-3.34174	2.62936	4.09517e-05	4.24584e-05	0.000850794	-0.899661	-3.33716	2.61399	
-0.935857	-3.33273	2.62547	4.09757e-05	4.24344e-05	0.000850775	-0.935143	-3.32069	2.5969	
-0.963235	-3.31942	2.61523	4.09946e-05	4.24157e-05	0.000850752	-0.961691	-3.30467	2.59302	
-0.983468	-3.30125	2.59368	4.1015e-05	4.23955e-05	0.000850732	-0.984328	-3.29945	2.57542	
-1.00207	-3.27607	2.56684	4.10507e-05	4.2365e-05	0.000850826	-1.00409	-3.27814	2.5635	
-1.02618	-3.26877	2.55885	4.10905e-05	4.23225e-05	0.000850774	-1.03263	-3.26872	2.54597	
-1.05646	-3.25163	2.54527	4.11237e-05	4.22881e-05	0.00085074	-1.05434	-3.24907	2.52726	
-1.07917	-3.23457	2.52755	4.11509e-05	4.22539e-05	0.000850595	-1.08346	-3.23648	2.50718	
-1.10869	-3.22325	2.52183	4.119e-05	4.22166e-05	0.000850627	-1.11051	-3.22851	2.49647	
-1.13299	-3.20918	2.50921	4.12201e-05	4.21874e-05	0.000850643	-1.13539	-3.2092	2.47965	
-1.15915	-3.19334	2.49847	4.12506e-05	4.21572e-05	0.000850645	-1.15636	-3.18705	2.47059	
-1.17666	-3.17145	2.47686	4.12804e-05	4.21286e-05	0.000850651	-1.18456	-3.16104	2.45904	
-1.19924	-3.1464	2.45702	4.13185e-05	4.20903e-05	0.00085065	-1.20795	-3.14498	2.44991	
-1.22582	-3.13109	2.4475	4.13612e-05	4.20477e-05	0.000850656	-1.22719	-3.12888	2.43585	
-1.24085	-3.11035	2.42662	4.13963e-05	4.20111e-05	0.000850626	-1.24532	-3.11246	2.42386	
-1.26242	-3.09128	2.4078	4.14399e-05	4.19683e-05	0.000850639	-1.26344	-3.09203	2.39455	
-1.2821	-3.07098	2.38978	4.14853e-05	4.19232e-05	0.000850651	-1.27988	-3.07396	2.37542	
-1.30167	-3.04966	2.37387	4.15307e-05	4.18773e-05	0.000850662	-1.30075	-3.054	2.36619	
-1.31707	-3.02697	2.35498	4.15752e-05	4.18328e-05	0.000850671	-1.31517	-3.03397	2.35926	
-1.33492	-3.00331	2.33563	4.16213e-05	4.17862e-05	0.000850677	-1.33923	-3.01311	2.34412	
-1.3536	-2.98068	2.31665	4.16706e-05	4.17382e-05	0.000850689	-1.35708	-2.98971	2.32233	
-1.37687	-2.96178	2.304	4.17186e-05	4.16895e-05	0.0008507	-1.39145	-2.97251	2.29845	
-1.4046	-2.94584	2.29891	4.17614e-05	4.16459e-05	0.0008507	-1.41698	-2.95019	2.28084	
-1.42196	-2.92357	2.28227	4.17947e-05	4.16136e-05	0.000850703	-1.43001	-2.92674	2.2672	
-1.44013	-2.90707	2.27021	4.1832e-05	4.15774e-05	0.000850702	-1.43986	-2.90457	2.25072	
-1.46005	-2.88621	2.25811	4.18672e-05	4.15428e-05	0.000850697	-1.4511	-2.88721	2.23968	
-1.46651	-2.86306	2.23026	4.19001e-05	4.15092e-05	0.000850685	-1.46133	-2.85788	2.21399	
-1.48618	-2.8395	2.21629	4.19467e-05	4.14623e-05	0.000850691	-1.48488	-2.83523	2.1986	
-1.50883	-2.81374	2.20214	4.19901e-05	4.14192e-05	0.000850691	-1.50366	-2.81131	2.17664	
-1.5269	-2.7922	2.18928	4.20308e-05	4.13787e-05	0.000850691	-1.52502	-2.78758	2.1622	
-1.54146	-2.7703	2.1758	4.20685e-05	4.13413e-05	0.00085069	-1.53979	-2.76443	2.15666	
-1.55426	-2.74176	2.15428	4.21047e-05	4.13052e-05	0.000850687	-1.56405	-2.73469	2.14016	
-1.57859	-2.71395	2.1442	4.21458e-05	4.12631e-05	0.000850685	-1.57813	-2.71726	2.12456	
-1.60397	-2.69081	2.13852	4.21816e-05	4.12277e-05	0.000850687	-1.59867	-2.69005	2.10998	
-1.61756	-2.66803	2.12166	4.22096e-05	4.11999e-05	0.000850679	-1.60839	-2.66529	2.09091	
-1.63348	-2.6447	2.10873	4.22415e-05	4.11676e-05	0.000850668	-1.62752	-2.64029	2.07847	
-1.63913	-2.61736	2.08443	4.22734e-05	4.11366e-05	0.000850669	-1.63515	-2.61927	2.06524	
-1.64992	-2.59202	2.0656	4.23126e-05	4.10958e-05	0.000850658	-1.6469	-2.5846	2.04775	
-1.66745	-2.56223	2.0519	4.2354e-05	4.10549e-05	0.000850664	-1.65436	-2.55201	2.03326	
-1.67257	-2.54093	2.031	4.23903e-05	4.10176e-05	0.000850661	-1.66684	-2.526	2.01643	
-1.68577	-2.49985	2.00616	4.24297e-05	4.09779e-05	0.000850668	-1.68016	-2.4998	1.99127	
-1.69845	-2.47226	1.99269	4.24734e-05	4.09339e-05	0.000850683	-1.69559	-2.47348	1.98317	
-1.70817	-2.44476	1.97489	4.25113e-05	4.08962e-05	0.000850695	-1.71053	-2.44715	1.96711	
-1.71063	-2.41169	1.94772	4.25487e-05	4.08596e-05	0.000850706	-1.7171	-2.4221	1.94952	
-1.72033	-2.38658	1.93147	4.25894e-05	4.08173e-05	0.000850714	-1.72889	-2.40343	1.92991	
-1.73601	-2.36752	1.92484	4.26279e-05	4.07804e-05	0.000850733	-1.73817	-2.37641	1.9136	
-1.7433	-2.34351	1.91073	4.26554e-05	4.07529e-05	0.00085074	-1.75132	-2.34929	1.90803	
-1.75077	-2.31963	1.89655	4.26818e-05	4.07268e-05	0.000850741	-1.7554	-2.32912	1.89971	
-1.76299	-2.29744	1.88573	4.27072e-05	4.07019e-05	0.00085074	-1.77027	-2.30155	1.88174	
-1.779	-2.27497	1.88025	4.27302e-05	4.06797e-05	0.000850733	-1.78395	-2.2752	1.86926	
-1.78828	-2.2542	1.86877	4.27472e-05	4.06625e-05	0.000850719	-1.79637	-2.24733	1.85714	
-1.80163	-2.22956	1.85981	4.27652e-05	4.06454e-05	0.000850706	-1.80746	-2.21476	1.84264	
-1.80943	-2.19717	1.84205	4.27807e-05	4.06299e-05	0.000850693	-1.8245	-2.1839	1.82446	
-1.82106	-2.16532	1.83217	4.27994e-05	4.06107e-05	0.000850678	-1.83283	-2.15445	1.81904	
-1.83385	-2.13173	1.82003	4.28162e-05	4.05937e-05	0.000850664	-1.84485	-2.12137	1.80046	
-1.83997	-2.09733	1.79961	4.28325e-05	4.0577e-05	0.000850648	-1.84904	-2.09829	1.77529	
-1.8486	-2.0798	1.78823	4.2852e-05	4.05574e-05	0.000850644	-1.85623	-2.07524	1.75485	
-1.85131	-2.06002	1.77192	4.28693e-05	4.05403e-05	0.000850641	-1.85783	-2.05908	1.74077	
-1.85667	-2.02968	1.75604	4.28864e-05	4.05228e-05	0.000850636	-1.86204	-2.03298	1.72604	
-1.87062	-2.00242	1.75017	4.29029e-05	4.05057e-05	0.000850629	-1.86926	-1.99676	1.71071	
-1.87609	-1.96576	1.73362	4.29165e-05	4.04932e-05	0.000850627	-1.87826	-1.96987	1.69541	
-1.87924	-1.93762	1.71787	4.29303e-05	4.04798e-05	0.000850624	-1.87889	-1.94184	1.6838	
-1.88864	-1.90879	1.70847	4.2943e-05	4.04666e-05	0.000850621	-1.87442	-1.90979	1.66984	
-1.88449	-1.87936	1.68394	4.29537e-05	4.04557e-05	0.000850616	-1.87887	-1.88125	1.6517	
-1.88647	-1.84968	1.66543	4.29665e-05	4.04426e-05	0.00085062	-1.88332	-1.84284	1.6288	
-1.88692	-1.81671	1.64732	4.29783e-05	4.04304e-05	0.000850624	-1.88046	-1.81335	1.61343	
-1.89041	-1.78596	1.6333	4.29886e-05	4.04194e-05	0.000850629	-1.88614	-1.78249	1.59795	
-1.88994	-1.74803	1.61632	4.29973e-05	4.04108e-05	0.000850636	-1.88679	-1.74941	1.58848	
-1.89549	-1.71706	1.60665	4.30114e-05	4.04034e-05	0.000850776	-1.89224	-1.72008	1.57753	
-1.89614	-1.69345	1.5886	4.30146e-05	4.03983e-05	0.000850727	-1.89425	-1.69522	1.55074	
-1.899	-1.66405	1.57534	4.30175e-05	4.03939e-05	0.000850696	-1.90315	-1.66841	1.53298	
-1.89766	-1.63274	1.55836	4.30196e-05	4.03909e-05	0.000850676	-1.90281	-1.63956	1.51689	
-1.89649	-1.60397	1.53925	4.30209e-05	4.03889e-05	0.000850664	-1.90352	-1.61	1.48917	
-1.90049	-1.57112	1.53085	4.30209e-05	4.03883e-05	0.000850659	-1.90277	-1.58055	1.47991	
-1.89989	-1.54164	1.51805	4.30211e-05	4.03888e-05	0.000850655	-1.90597	-1.54983	1.47167	
-1.90929	-1.51639	1.51411	4.30199e-05	4.03903e-05	0.00085065	-1.90774	-1.51965	1.45501	
-1.91156	-1.49302	1.50445	4.3018e-05	4.0392e-05	0.00085064	-1.91141	-1.50043	1.44608	
-1.9133	-1.46074	1.4945	4.30157e-05	4.03943e-05	0.000850629	-1.9061	-1.4594	1.43543	
-1.90194	-1.4302	1.4696	4.30137e-05	4.03971e-05	0.000850617	-1.89079	-1.4282	1.41987	
-1.89019	-1.40454	1.4465	4.30082e-05	4.04023e-05	0.000850612	-1.87762	-1.39523	1.41131	
-1.87951	-1.37458	1.42306	4.29992e-05	4.04101e-05	0.000850614	-1.8641	-1.36959	1.39239	
-1.87367	-1.34489	1.40607	4.29876e-05	4.04206e-05	0.000850623	-1.86285	-1.3393	1.37567	
-1.86567	-1.31058	1.3888	4.29797e-05	4.04324e-05	0.000850724	-1.85606	-1.30293	1.36229	
-1.85866	-1.27851	1.37149	4.29648e-05	4.04457e-05	0.000850703	-1.85877	-1.27893	1.34331	
-1.85029	-1.24399	1.35473	4.2949e-05	4.04602e-05	0.00085069	-1.84719	-1.24648	1.32814	
-1.83672	-1.21239	1.33191	4.29327e-05	4.04761e-05	0.000850689	-1.83995	-1.22445	1.3102	
-1.83292	-1.183	1.32086	4.29128e-05	4.04953e-05	0.000850694	-1.83772	-1.18972	1.29722	
-1.83377	-1.16347	1.31254	4.2895e-05	4.05132e-05	0.000850698	-1.83487	-1.16411	1.28364	
-1.82636	-1.13109	1.29841	4.28798e-05	4.05289e-05	0.000850697	-1.82451	-1.14104	1.26799	
-1.81411	-1.10667	1.27783	4.28611e-05	4.05457e-05	0.00085065	-1.81141	-1.11629	1.25293	
-1.80677	-1.07739	1.26571	4.28416e-05	4.05664e-05	0.000850666	-1.8073	-1.08424	1.24356	
-1.80183	-1.05146	1.25788	4.28218e-05	4.05864e-05	0.000850674	-1.80121	-1.0586	1.24393	
-1.78375	-1.02767	1.23133	4.28049e-05	4.0604e-05	0.000850675	-1.79029	-1.02882	1.2248	
-1.77579	-0.994901	1.21928	4.27789e-05	4.06295e-05	0.000850677	-1.78239	-0.99635	1.20761	
-1.76957	-0.964562	1.21065	4.27557e-05	4.06535e-05	0.00085068	-1.7731	-0.963993	1.19866	
-1.75831	-0.932505	1.19694	4.27346e-05	4.06747e-05	0.000850677	-1.75757	-0.940968	1.18608	
-1.74159	-0.909766	1.17403	4.27126e-05	4.06969e-05	0.000850675	-1.73888	-0.908537	1.1702	
-1.73009	-0.882147	1.16129	4.2683e-05	4.07252e-05	0.000850666	-1.73529	-0.877611	1.16398	
-1.72606	-0.849648	1.15572	4.26559e-05	4.07528e-05	0.000850671	-1.72841	-0.846691	1.14747	
-1.71833	-0.822368	1.14307	4.26343e-05	4.07748e-05	0.000850665	-1.7192	-0.824208	1.12498	
-1.70374	-0.793133	1.12674	4.26123e-05	4.07978e-05	0.000850659	-1.70225	-0.789531	1.10998	
-1.68613	-0.760834	1.11053	4.25854e-05	4.08239e-05	0.000850649	-1.689	-0.759529	1.09964	
-1.66786	-0.735045	1.08908	4.25567e-05	4.08529e-05	0.00085065	-1.67203	-0.733155	1.08	
-1.66	-0.702669	1.08231	4.25217e-05	4.08872e-05	0.000850649	-1.66154	-0.700136	1.06406	
-1.64834	-0.674056	1.07143	4.24945e-05	4.09152e-05	0.000850646	-1.65237	-0.673295	1.0524	
-1.63821	-0.645141	1.06031	4.24676e-05	4.09418e-05	0.00085064	-1.6371	-0.646938	1.03199	
-1.62477	-0.622397	1.04553	4.24419e-05	4.09682e-05	0.00085064	-1.62431	-0.61258	1.02041	
-1.61217	-0.59233	1.03485	4.24135e-05	4.09969e-05	0.000850637	-1.60815	-0.587706	1.00535	
-1.59693	-0.5648	1.02075	4.23866e-05	4.10239e-05	0.000850625	-1.59543	-0.563434	0.990274	
-1.58055	-0.54239	1.00346	4.2357e-05	4.10529e-05	0.000850616	-1.57599	-0.535453	0.975748	
-1.56768	-0.518704	0.991491	4.23234e-05	4.1086e-05	0.000850612	-1.56496	-0.513165	0.964785	
-1.55538	-0.490914	0.980385	4.22916e-05	4.11177e-05	0.000850608	-1.54776	-0.486979	0.944596	
-1.5274	-0.465089	0.955979	4.22613e-05	4.11477e-05	0.000850601	-1.52853	-0.462513	0.930788	
-1.51414	-0.438242	0.94736	4.22205e-05	4.11878e-05	0.000850601	-1.51455	-0.433408	0.92165	
-1.48908	-0.414261	0.925218	4.21867e-05	4.12219e-05	0.000850604	-1.48553	-0.408534	0.905813	
-1.46301	-0.385925	0.907615	4.21451e-05	4.12633e-05	0.00085061	-1.46294	-0.38153	0.897763	
-1.44745	-0.353243	0.902992	4.21025e-05	4.1306e-05	0.00085062	-1.44292	-0.348429	0.891544	
-1.42198	-0.332943	0.879431	4.20704e-05	4.13381e-05	0.000850616	-1.41405	-0.321384	0.874268	
-1.39888	-0.307616	0.860679	4.20285e-05	4.138e-05	0.000850623	-1.3943	-0.300516	0.85185	
-1.38137	-0.279235	0.851415	4.19842e-05	4.14244e-05	0.000850633	-1.37624	-0.272756	0.837991	
-1.3673	-0.251545	0.844892	4.19464e-05	4.14614e-05	0.000850627	-1.35344	-0.247343	0.824354	
-1.3353	-0.225108	0.823252	4.19182e-05	4.14922e-05	0.000850662	-1.33573	-0.229214	0.811169	
-1.31108	-0.204277	0.803524	4.18798e-05	4.15317e-05	0.000850683	-1.31316	-0.220359	0.792923	
-1.29077	-0.188347	0.784291	4.18351e-05	4.15756e-05	0.00085067	-1.28674	-0.203643	0.775691	
-1.27029	-0.17013	0.76761	4.17881e-05	4.16218e-05	0.000850664	-1.26597	-0.178757	0.760396	
-1.25102	-0.151871	0.753259	4.17421e-05	4.16672e-05	0.000850662	-1.25557	-0.160629	0.748614	
-1.22028	-0.13881	0.725251	4.16995e-05	4.17099e-05	0.000850661	-1.22389	-0.147286	0.730848	
-1.19589	-0.11496	0.710558	4.16453e-05	4.17633e-05	0.000850673	-1.19316	-0.122742	0.71054	
-1.15862	-0.097605	0.68271	4.15971e-05	4.18115e-05	0.000850681	-1.16271	-0.102774	0.693038	
-1.13439	-0.0782412	0.665232	4.15392e-05	4.18674e-05	0.000850689	-1.13897	-0.0851857	0.669288	
-1.10789	-0.0601845	0.648495	4.14863e-05	4.19202e-05	0.000850709	-1.11546	-0.0663493	0.65678	
-1.08306	-0.0468649	0.629869	4.14374e-05	4.19698e-05	0.00085073	-1.0864	-0.0493881	0.645589	
-1.05562	-0.024051	0.615458	4.13896e-05	4.20183e-05	0.000850743	-1.0637	-0.0272199	0.623909	
-1.03015	-0.00735046	0.598758	4.13452e-05	4.20625e-05	0.00085075	-1.0321	-0.00336418	0.606646	
-1.00258	0.0198274	0.592264	4.13028e-05	4.21057e-05	0.000850756	-1.00649	0.0246885	0.597205	
-0.985095	0.0331397	0.57906	4.12692e-05	4.21396e-05	0.000850754	-0.991489	0.0471724	0.58304	
-0.965423	0.0518762	0.569495	4.12362e-05	4.21728e-05	0.000850748	-0.96835	0.0597508	0.568441	
-0.939422	0.0685012	0.555443	4.12069e-05	4.22025e-05	0.000850738	-0.940616	0.0691217	0.557404	
-0.911735	0.0802944	0.536525	4.11762e-05	4.22334e-05	0.000850727	-0.91156	0.0873623	0.546232	
-0.895032	0.099725	0.532895	4.11403e-05	4.22686e-05	0.000850714	-0.890635	0.099309	0.541175	
-0.866409	0.114255	0.514601	4.11152e-05	4.22949e-05	0.000850704	-0.86025	0.119585	0.521732	
-0.828971	0.134796	0.499616	4.10839e-05	4.23265e-05	0.000850694	-0.836116	0.13445	0.510372	
-0.807326	0.14798	0.485559	4.1051e-05	4.23585e-05	0.000850682	-0.809221	0.149416	0.493415	
-0.777854	0.164649	0.47119	4.10196e-05	4.23904e-05	0.000850677	-0.779153	0.171758	0.477064	
-0.751493	0.181988	0.458869	4.09883e-05	4.24219e-05	0.000850671	-0.751984	0.180262	0.458019	
-0.72174	0.199896	0.448498	4.09586e-05	4.24519e-05	0.000850672	-0.723897	0.188656	0.449756	
-0.69565	0.208932	0.432054	4.09314e-05	4.24785e-05	0.00085066	-0.702561	0.207085	0.442258	
-0.668396	0.220176	0.41568	4.09021e-05	4.25075e-05	0.000850652	-0.676453	0.221511	0.426739	
-0.636361	0.230291	0.395501	4.08716e-05	4.25376e-05	0.000850647	-0.649352	0.234824	0.407001	
-0.608299	0.242634	0.383238	4.08381e-05	4.25707e-05	0.000850646	-0.62023	0.252665	0.400475	
-0.58232	0.255474	0.371237	4.08086e-05	4.26003e-05	0.000850647	-0.586605	0.258235	0.387833	
-0.559491	0.269251	0.360416	4.0782e-05	4.26272e-05	0.000850648	-0.549735	0.274523	0.369565	
-0.529347	0.281402	0.345438	4.07586e-05	4.26512e-05	0.000850643	-0.51863	0.287775	0.351662	
-0.501645	0.289763	0.33048	4.07337e-05	4.26758e-05	0.000850638	-0.492273	0.300605	0.34312	
-0.462342	0.30402	0.317846	4.07095e-05	4.27003e-05	0.000850634	-0.455886	0.31138	0.335633	
-0.430553	0.319821	0.30682	4.0686e-05	4.27233e-05	0.000850629	-0.42437	0.321884	0.315248	
-0.398773	0.324759	0.286704	4.06657e-05	4.27443e-05	0.000850625	-0.388807	0.32281	0.300747	
-0.361736	0.341587	0.276171	4.06417e-05	4.27682e-05	0.000850624	-0.348077	0.332403	0.280521	
-0.325807	0.342898	0.251147	4.0621e-05	4.2789e-05	0.000850622	-0.314236	0.342261	0.262297	
-0.293512	0.350535	0.237601	4.05949e-05	4.28142e-05	0.000850626	-0.28496	0.352838	0.256128	
-0.26682	0.366549	0.231804	4.05729e-05	4.28364e-05	0.00085063	-0.256321	0.359349	0.238162	
-0.234161	0.369215	0.211716	4.05558e-05	4.28532e-05	0.000850627	-0.225128	0.370644	0.223915	
-0.202747	0.376777	0.198636	4.05367e-05	4.28721e-05	0.000850628	-0.203247	0.375404	0.213384	
-0.172064	0.377792	0.177532	4.05196e-05	4.28893e-05	0.00085063	-0.169698	0.390052	0.195441	
-0.1369	0.39219	0.170739	4.05011e-05	4.29076e-05	0.000850635	-0.130122	0.403531	0.180084	
-0.107814	0.401236	0.158972	4.04863e-05	4.29215e-05	0.000850612	-0.103315	0.40468	0.161006	
-0.0862678	0.407223	0.145407	4.04743e-05	4.29343e-05	0.000850618	-0.0715685	0.413298	0.140298	
-0.0512325	0.417628	0.135213	4.04633e-05	4.29461e-05	0.000850618	-0.0378142	0.41852	0.122922	
-0.0112776	0.430763	0.128795	4.04535e-05	4.29565e-05	0.000850615	-0.00698002	0.427293	0.110863	
0.0258639	0.430404	0.111048	4.04458e-05	4.29647e-05	0.000850608	0.0216122	0.419224	0.107437	
0.0542881	0.425437	0.0870804	4.04359e-05	4.2974e-05	0.000850602	0.0494632	0.4225	0.0908647	
0.0781227	0.42712	0.0697965	4.04248e-05	4.29843e-05	0.000850603	0.0847676	0.423623	0.0675893	
0.109497	0.428429	0.0530255	4.0415e-05	4.29935e-05	0.000850605	0.117411	0.423809	0.0494615	
0.146128	0.431747	0.0379714	4.04079e-05	4.30015e-05	0.000850635	0.149469	0.427979	0.0292903	
0.180144	0.431794	0.0215275	4.04015e-05	4.30079e-05	0.000850634	0.18498	0.432948	0.0143933	
0.209389	0.441524	0.0162772	4.03958e-05	4.3013e-05	0.000850637	0.209296	0.436174	-0.000402445	
0.241215	0.43079	-0.010373	4.03925e-05	4.30165e-05	0.000850635	0.236076	0.43718	-0.013716	
0.267342	0.434254	-0.0214782	4.03894e-05	4.30189e-05	0.000850635	0.269515	0.447125	-0.0295533	
0.294248	0.440036	-0.029498	4.03884e-05	4.30201e-05	0.000850639	0.299624	0.445012	-0.0440495	
