0.00921162	0.0669581	0.0541715	0.00090909	0.00090909	0.00179487	0.0222783	0.0248711	0.0331304	
0.0648568	0.0795185	0.0415242	0.000466711	0.000466905	0.000916628	0.0658584	0.0517843	0.0279897	
0.10669	0.0377013	0.108482	0.000329456	0.000329944	0.000640339	0.105181	0.0141871	0.107504	
0.131286	0.0313021	0.080686	0.000267716	0.000268477	0.000513536	0.126063	0.0224404	0.0582496	
0.183564	0.0419453	0.100152	0.000235439	0.000236436	0.000445526	0.187029	0.0435586	0.0819664	
0.202181	0.0433909	0.103897	0.000217237	0.000218425	0.000405995	0.193839	0.0527308	0.0868349	
0.229202	0.0380698	0.134208	0.000206533	0.000207866	0.000381939	0.216541	0.030427	0.137025	
0.257267	0.0213813	0.155026	0.000200084	0.000201521	0.000366892	0.24732	0.000316439	0.175921	
0.289531	0.0464322	0.189014	0.000196143	0.000197649	0.000357317	0.285639	0.0553002	0.204294	
0.317508	0.062234	0.197365	0.000193716	0.00019526	0.000351161	0.314871	0.083315	0.198086	
0.36546	0.0750142	0.225674	0.000192213	0.000193778	0.000347175	0.379089	0.0926675	0.23839	
0.392387	0.0762772	0.219836	0.000191283	0.00019285	0.000344583	0.403143	0.079526	0.215817	
0.415308	0.088881	0.246108	0.000190703	0.000192272	0.000342894	0.413151	0.0871622	0.246747	
0.433349	0.0932026	0.274054	0.000190347	0.000191904	0.000341791	0.418494	0.0876764	0.284004	
0.453218	0.0983776	0.295862	0.000190132	0.000191667	0.00034107	0.431229	0.0945272	0.307221	
0.462135	0.120652	0.30425	0.000190004	0.000191511	0.000340599	0.4217	0.133492	0.30409	
0.506324	0.133208	0.312654	0.000189928	0.000191408	0.000340291	0.496874	0.145953	0.303181	
0.531653	0.150173	0.324831	0.000189885	0.000191341	0.000340089	0.526368	0.171248	0.315196	
0.55893	0.168173	0.351144	0.000189862	0.000191293	0.000339958	0.558551	0.187686	0.358069	
0.578338	0.166643	0.381226	0.000189857	0.000191255	0.000339871	0.566722	0.167492	0.410323	
0.593106	0.186217	0.419535	0.000189864	0.000191219	0.000339815	0.574129	0.190765	0.453923	
0.613028	0.195033	0.454091	0.000189883	0.000191182	0.000339779	0.597528	0.192695	0.496472	
0.640512	0.203118	0.490418	0.00018991	0.000191143	0.000339756	0.631772	0.201566	0.549367	
0.65559	0.218129	0.526472	0.000189944	0.000191101	0.000339741	0.633342	0.219527	0.579327	
0.689807	0.239309	0.563084	0.000189983	0.000191056	0.000339731	0.678687	0.244827	0.616368	
0.710086	0.270485	0.590652	0.000190028	0.000191008	0.000339726	0.700683	0.28953	0.620201	
0.740943	0.293381	0.593791	0.000190073	0.000190961	0.000339722	0.73829	0.31288	0.592831	
0.763906	0.305945	0.633807	0.000190108	0.000190925	0.000339719	0.761107	0.30871	0.662724	
0.773609	0.331333	0.649789	0.000190151	0.000190882	0.000339717	0.752031	0.345044	0.658464	
0.801322	0.338629	0.660172	0.00019019	0.000190844	0.000339715	0.798377	0.329861	0.665259	
0.817022	0.346304	0.653163	0.000190223	0.000190811	0.000339714	0.808624	0.329728	0.620949	
0.856433	0.377578	0.662694	0.000190245	0.00019079	0.000339713	0.86472	0.383286	0.63515	
0.870851	0.414977	0.667804	0.000190264	0.000190772	0.000339712	0.867088	0.435478	0.630238	
0.909356	0.425744	0.664314	0.000190281	0.000190756	0.000339711	0.921261	0.430949	0.623641	
0.922299	0.448252	0.676769	0.000190291	0.000190746	0.00033971	0.912202	0.459514	0.651937	
0.936726	0.47274	0.680579	0.000190304	0.000190734	0.00033971	0.920309	0.483858	0.657021	
0.964066	0.486869	0.689212	0.000190314	0.000190723	0.000339709	0.955383	0.486666	0.672924	
0.980284	0.49937	0.692998	0.000190326	0.000190712	0.000339709	0.964039	0.493297	0.668909	
1.00934	0.525293	0.708407	0.000190336	0.000190702	0.000339709	1.00214	0.530548	0.69031	
1.03246	0.560171	0.72737	0.000190351	0.000190688	0.000339709	1.02697	0.578289	0.72476	
1.04153	0.584848	0.759355	0.00019037	0.000190668	0.000339709	1.03106	0.599058	0.777016	
1.05704	0.629097	0.787851	0.000190398	0.000190639	0.000339709	1.0489	0.654254	0.804412	
1.06062	0.661026	0.801817	0.000190432	0.000190604	0.000339709	1.04236	0.683899	0.809231	
1.06522	0.696637	0.794041	0.000190464	0.000190572	0.00033971	1.03803	0.722723	0.766123	
1.0639	0.746332	0.800174	0.000190485	0.000190552	0.00033971	1.02987	0.793401	0.76314	
1.08011	0.792895	0.808767	0.000190503	0.000190534	0.000339709	1.0582	0.850136	0.783593	
1.10269	0.831644	0.832971	0.000190519	0.000190518	0.000339709	1.10182	0.875869	0.818512	
1.14043	0.863446	0.844386	0.000190542	0.000190495	0.000339709	1.15259	0.899155	0.835484	
1.16026	0.918965	0.870034	0.000190564	0.000190473	0.000339709	1.17194	0.968241	0.860175	
1.1767	0.941574	0.89383	0.000190592	0.000190445	0.000339709	1.18371	0.962881	0.896294	
1.1818	0.974123	0.896284	0.000190623	0.000190414	0.000339709	1.17363	1.00009	0.881504	
1.20893	0.9913	0.898759	0.000190647	0.00019039	0.000339709	1.21851	0.997914	0.876083	
1.23257	1.00801	0.919443	0.000190666	0.000190371	0.000339709	1.24222	1.00655	0.909535	
1.24064	1.03601	0.933892	0.000190689	0.000190348	0.000339709	1.23397	1.04104	0.924845	
1.26249	1.04078	0.93895	0.000190712	0.000190325	0.000339709	1.26023	1.02586	0.922975	
1.28392	1.08634	0.943429	0.000190731	0.000190306	0.000339709	1.28589	1.10454	0.916631	
1.30072	1.11981	0.947877	0.000190747	0.00019029	0.000339709	1.30251	1.14322	0.957892	
1.31599	1.16148	0.942312	0.000190761	0.000190277	0.000339709	1.30999	1.19175	0.925108	
1.32789	1.19856	0.949173	0.000190768	0.00019027	0.000339709	1.31691	1.22965	0.934522	
1.3675	1.20994	0.960061	0.000190776	0.000190262	0.000339708	1.38019	1.21067	0.944472	
1.37706	1.24056	0.965111	0.000190787	0.000190252	0.000339708	1.37846	1.24788	0.947095	
1.39871	1.28405	0.969148	0.000190797	0.000190242	0.000339708	1.39857	1.30996	0.941153	
1.43136	1.32949	0.967548	0.000190806	0.000190233	0.000339708	1.44126	1.36582	0.925811	
1.44224	1.37961	0.993676	0.000190811	0.000190227	0.000339708	1.44767	1.42528	0.979328	
1.45017	1.42449	0.996038	0.000190826	0.000190212	0.000339708	1.44454	1.47687	0.971575	
1.4736	1.45924	1.0157	0.000190839	0.0001902	0.000339708	1.47599	1.50686	1.00159	
1.47441	1.50708	1.02051	0.000190856	0.000190182	0.000339708	1.46397	1.54991	0.992037	
1.488	1.54783	1.02584	0.000190871	0.000190167	0.000339708	1.48191	1.58767	0.996887	
1.49917	1.58492	1.03595	0.000190884	0.000190154	0.000339708	1.48457	1.6191	1.00357	
1.50403	1.63818	1.06443	0.000190897	0.000190141	0.000339708	1.48223	1.68558	1.06142	
1.50245	1.68711	1.07248	0.000190918	0.000190119	0.000339709	1.4692	1.73357	1.05565	
1.52072	1.71199	1.07859	0.000190937	0.0001901	0.000339709	1.50538	1.73664	1.05465	
1.5265	1.75788	1.08994	0.000190954	0.000190084	0.000339709	1.50886	1.78472	1.06206	
1.52287	1.79788	1.11638	0.00019097	0.000190068	0.000339709	1.49401	1.82816	1.10607	
1.53072	1.82509	1.14937	0.000190991	0.000190046	0.000339709	1.51557	1.83843	1.15856	
1.53095	1.85315	1.17241	0.000191019	0.000190018	0.000339709	1.51504	1.85861	1.18484	
1.53898	1.89965	1.2016	0.000191047	0.00018999	0.00033971	1.53153	1.9182	1.21576	
1.54283	1.95949	1.21982	0.000191077	0.000189959	0.00033971	1.53566	2.00765	1.22888	
1.54637	1.9885	1.23876	0.000191104	0.000189931	0.00033971	1.53436	2.01896	1.24321	
1.56687	2.03357	1.25372	0.00019113	0.000189905	0.000339711	1.56913	2.07384	1.25473	
1.55735	2.07025	1.27452	0.000191154	0.000189882	0.000339711	1.53669	2.10155	1.2853	
1.55178	2.09514	1.29856	0.000191176	0.00018986	0.000339711	1.52377	2.11527	1.31232	
1.55033	2.15577	1.32245	0.000191198	0.000189837	0.000339711	1.52732	2.20027	1.34161	
1.56558	2.18711	1.33792	0.00019122	0.000189816	0.000339711	1.55117	2.21772	1.33939	
1.5584	2.22383	1.34666	0.000191239	0.000189797	0.000339711	1.53448	2.24683	1.34412	
1.55174	2.2623	1.3625	0.000191255	0.000189781	0.000339711	1.52019	2.28705	1.35348	
1.55578	2.30179	1.37978	0.000191269	0.000189767	0.00033971	1.53177	2.33345	1.37921	
1.55973	2.3166	1.39687	0.000191283	0.000189754	0.00033971	1.54646	2.31583	1.39279	
1.5806	2.33796	1.38733	0.000191295	0.000189741	0.00033971	1.58832	2.32104	1.36665	
1.59198	2.36655	1.38739	0.000191303	0.000189734	0.00033971	1.60908	2.35703	1.35937	
1.58542	2.38542	1.38857	0.000191308	0.000189729	0.000339709	1.58425	2.36631	1.35605	
1.58761	2.41851	1.39457	0.000191312	0.000189726	0.000339709	1.58467	2.41132	1.36773	
1.57846	2.45116	1.41639	0.000191316	0.000189722	0.000339709	1.55554	2.45323	1.41661	
1.58806	2.47085	1.43425	0.000191322	0.000189716	0.000339709	1.57639	2.45544	1.43033	
1.59159	2.50564	1.43435	0.000191329	0.000189709	0.000339709	1.58706	2.50486	1.40401	
1.59815	2.51609	1.46398	0.000191334	0.000189705	0.000339709	1.59402	2.4888	1.46405	
1.59547	2.55471	1.46773	0.00019134	0.000189697	0.000339709	1.58896	2.54443	1.45699	
1.58235	2.59249	1.50407	0.000191346	0.000189692	0.000339709	1.56674	2.5925	1.51022	
1.58924	2.63085	1.51033	0.000191353	0.000189685	0.000339709	1.58371	2.6381	1.50693	
1.58316	2.66825	1.53827	0.000191358	0.000189679	0.000339709	1.57789	2.67722	1.54114	
1.5808	2.69362	1.55026	0.000191363	0.000189674	0.000339709	1.57721	2.69335	1.55239	
1.56658	2.7203	1.55498	0.000191367	0.000189669	0.00033971	1.54492	2.718	1.54429	
1.57296	2.73653	1.56009	0.00019137	0.000189667	0.00033971	1.56865	2.71906	1.55072	
1.57479	2.77717	1.57199	0.000191372	0.000189665	0.000339709	1.57494	2.78231	1.55939	
1.5724	2.83065	1.58941	0.000191374	0.000189664	0.000339709	1.56303	2.85327	1.5808	
1.55566	2.87734	1.63529	0.000191375	0.000189663	0.000339709	1.54118	2.90449	1.66639	
1.52974	2.92736	1.66806	0.000191374	0.000189663	0.000339709	1.4998	2.96086	1.70021	
1.51454	2.94944	1.68885	0.000191371	0.000189665	0.00033971	1.48844	2.96196	1.71264	
1.50916	3.00894	1.72763	0.000191366	0.000189669	0.00033971	1.49667	3.0448	1.76636	
1.51937	3.05027	1.74067	0.000191358	0.000189676	0.000339711	1.52868	3.08836	1.76692	
1.5011	3.08861	1.75524	0.00019135	0.000189684	0.000339711	1.48834	3.11549	1.76656	
1.50288	3.13153	1.76602	0.000191341	0.000189693	0.000339711	1.50148	3.1642	1.77236	
1.51091	3.16114	1.77673	0.000191333	0.000189702	0.000339711	1.51928	3.18182	1.77984	
1.50745	3.20453	1.78119	0.000191325	0.00018971	0.000339711	1.5151	3.22973	1.77436	
1.51559	3.2463	1.78236	0.000191319	0.000189717	0.00033971	1.53314	3.26815	1.76026	
1.50755	3.28481	1.77972	0.000191314	0.000189723	0.00033971	1.51167	3.30796	1.74012	
1.51104	3.31119	1.79656	0.000191311	0.000189727	0.00033971	1.51384	3.32138	1.77523	
1.51498	3.33686	1.79062	0.000191305	0.000189733	0.000339709	1.5282	3.34125	1.75378	
1.50494	3.34991	1.79583	0.000191302	0.000189736	0.000339709	1.50815	3.32998	1.75257	
1.48717	3.362	1.8077	0.000191299	0.000189739	0.000339709	1.47256	3.33256	1.77081	
1.47191	3.38569	1.79606	0.000191295	0.000189744	0.000339709	1.45984	3.36273	1.74439	
1.44915	3.42013	1.7918	0.000191294	0.000189745	0.000339708	1.42137	3.41644	1.73434	
1.44423	3.4358	1.81035	0.000191294	0.000189745	0.000339708	1.43439	3.41738	1.77232	
1.43604	3.47633	1.8256	0.00019129	0.000189748	0.000339708	1.43065	3.46862	1.80391	
1.41614	3.51704	1.8573	0.000191284	0.000189754	0.000339708	1.39975	3.52303	1.85315	
1.40365	3.56204	1.88941	0.000191272	0.000189765	0.000339708	1.39398	3.58611	1.90413	
1.36252	3.60014	1.9248	0.000191255	0.000189782	0.000339709	1.32857	3.62483	1.95799	
1.33377	3.63766	1.962	0.000191232	0.000189804	0.00033971	1.29789	3.66614	2.00206	
1.3168	3.66612	1.99032	0.000191203	0.000189831	0.00033971	1.28937	3.68395	2.02984	
1.28496	3.70437	2.03431	0.000191172	0.000189862	0.000339711	1.24956	3.72415	2.09454	
1.25166	3.72593	2.07673	0.000191133	0.000189899	0.000339712	1.21044	3.73042	2.13542	
1.22874	3.74744	2.0854	0.000191088	0.000189942	0.000339713	1.20327	3.74416	2.12092	
1.22074	3.77478	2.08649	0.000191052	0.000189979	0.000339713	1.20533	3.77757	2.09863	
1.21103	3.80135	2.11107	0.000191025	0.000190008	0.000339713	1.21442	3.80117	2.11722	
1.19664	3.81225	2.13317	0.000190995	0.000190038	0.000339713	1.1991	3.79934	2.14665	
1.18907	3.85009	2.1405	0.000190965	0.000190069	0.000339712	1.20413	3.85943	2.13903	
1.17607	3.88818	2.16131	0.000190939	0.000190095	0.000339712	1.19108	3.90884	2.15942	
1.165	3.92502	2.17693	0.000190912	0.000190123	0.000339711	1.17678	3.95017	2.17688	
1.17905	3.95252	2.19708	0.000190886	0.00019015	0.000339711	1.22635	3.96773	2.20246	
1.18668	3.97927	2.21788	0.000190858	0.000190178	0.000339711	1.23644	3.98778	2.23055	
1.17833	4.0149	2.25268	0.000190828	0.000190208	0.00033971	1.22336	4.03375	2.28199	
1.17594	4.05047	2.28326	0.000190791	0.000190245	0.000339711	1.21908	4.07161	2.31487	
1.16983	4.06215	2.28813	0.000190749	0.000190286	0.000339711	1.21336	4.0605	2.29412	
1.15394	4.09142	2.30843	0.000190716	0.000190319	0.000339711	1.19101	4.09168	2.31803	
1.14375	4.12389	2.34698	0.000190683	0.000190353	0.000339711	1.17877	4.13218	2.38302	
1.11264	4.16196	2.38882	0.000190641	0.000190394	0.000339711	1.12611	4.19097	2.43014	
1.08237	4.19217	2.40691	0.00019059	0.000190444	0.000339711	1.07724	4.21343	2.43216	
1.06002	4.21872	2.4502	0.000190544	0.000190489	0.000339712	1.05621	4.2368	2.50084	
1.03516	4.25414	2.47078	0.000190491	0.000190542	0.000339712	1.03345	4.28322	2.51509	
1.00074	4.27266	2.49732	0.000190442	0.00019059	0.000339713	0.986577	4.28655	2.5305	
0.969153	4.30522	2.50568	0.000190395	0.000190637	0.000339713	0.952252	4.33035	2.52487	
0.96389	4.32302	2.51081	0.000190357	0.000190676	0.000339713	0.974677	4.34179	2.50924	
0.935151	4.32669	2.5408	0.000190327	0.000190707	0.000339712	0.938323	4.32654	2.56083	
0.915041	4.32479	2.59132	0.000190293	0.000190742	0.000339712	0.920056	4.31212	2.63647	
0.891147	4.33706	2.62727	0.000190246	0.000190788	0.000339712	0.897963	4.32645	2.68477	
0.887285	4.3415	2.6421	0.000190197	0.000190836	0.000339712	0.909137	4.32419	2.68038	
0.87136	4.35755	2.66078	0.000190155	0.000190878	0.000339712	0.897131	4.34211	2.68792	
0.868562	4.37857	2.67494	0.000190117	0.000190916	0.000339712	0.907933	4.38094	2.69723	
0.853869	4.4003	2.70034	0.000190085	0.000190949	0.000339712	0.885849	4.40131	2.72488	
0.808889	4.41493	2.69808	0.000190052	0.000190982	0.000339712	0.813112	4.41076	2.69717	
0.783476	4.43323	2.71135	0.000190029	0.000191006	0.000339711	0.78495	4.43796	2.70719	
0.739725	4.45361	2.73548	0.000190009	0.000191027	0.000339711	0.728017	4.46621	2.74297	
0.708388	4.47753	2.73937	0.000189985	0.000191051	0.000339711	0.694835	4.4871	2.73037	
0.662273	4.51285	2.77314	0.000189967	0.000191069	0.00033971	0.629748	4.53926	2.8021	
0.616483	4.53427	2.76363	0.000189943	0.000191093	0.00033971	0.574872	4.55977	2.75434	
0.573261	4.55735	2.78033	0.000189928	0.000191108	0.00033971	0.539277	4.58555	2.77609	
0.542388	4.56199	2.7859	0.000189913	0.000191124	0.00033971	0.522006	4.56709	2.75704	
0.506057	4.58411	2.8152	0.0001899	0.000191137	0.000339709	0.482888	4.60295	2.82124	
0.484594	4.61456	2.83027	0.000189882	0.000191155	0.000339709	0.474857	4.64986	2.83887	
0.446111	4.61423	2.85468	0.000189864	0.000191173	0.000339709	0.431144	4.62422	2.86468	
0.430557	4.62891	2.87039	0.000189845	0.000191192	0.000339709	0.433287	4.64404	2.87398	
0.3908	4.6565	2.88271	0.000189827	0.000191209	0.00033971	0.375994	4.68438	2.88727	
0.360249	4.66983	2.89464	0.000189811	0.000191225	0.00033971	0.354184	4.69408	2.88867	
0.322158	4.67634	2.91567	0.000189797	0.00019124	0.00033971	0.307245	4.6948	2.92817	
0.293512	4.69116	2.90871	0.000189782	0.000191254	0.00033971	0.283791	4.71061	2.89337	
0.261537	4.70693	2.9341	0.000189773	0.000191264	0.000339709	0.250514	4.72525	2.93566	
0.23324	4.71701	2.94098	0.000189762	0.000191276	0.000339709	0.22967	4.73578	2.93414	
0.19285	4.71877	2.95442	0.000189752	0.000191285	0.000339709	0.181365	4.7319	2.93489	
0.148074	4.73002	2.95674	0.000189743	0.000191295	0.000339709	0.126864	4.74785	2.94053	
0.10722	4.76278	2.95895	0.000189736	0.000191302	0.000339709	0.0873359	4.80093	2.94023	
0.0660261	4.77868	2.96651	0.00018973	0.000191308	0.000339709	0.0430997	4.81088	2.95287	
0.00304629	4.77253	2.91677	0.000189725	0.000191313	0.000339709	-0.0419818	4.77737	2.95269	
-0.0303499	4.77696	2.92078	0.00018973	0.000191308	0.000339709	-0.0648959	4.77894	2.93026	
-0.0622628	4.78088	2.93197	0.000189733	0.000191305	0.000339709	-0.0878976	4.78362	2.9314	
-0.0892397	4.79543	2.95113	0.000189734	0.000191304	0.000339709	-0.104223	4.80601	2.94717	
-0.125513	4.8117	2.94898	0.000189731	0.000191307	0.000339708	-0.145702	4.82502	2.93127	
-0.172328	4.83533	2.96648	0.000189729	0.000191309	0.000339708	-0.198397	4.85835	2.95482	
-0.196436	4.84132	2.98129	0.000189725	0.000191314	0.000339708	-0.209936	4.85475	2.96574	
-0.2186	4.85763	3.00352	0.000189719	0.000191319	0.000339708	-0.223957	4.87365	3.01078	
-0.241851	4.86249	3.02677	0.000189712	0.000191326	0.000339708	-0.227762	4.87117	3.04324	
-0.274905	4.87705	3.04173	0.000189703	0.000191334	0.000339709	-0.276064	4.89716	3.04372	
-0.298443	4.87954	3.06254	0.000189696	0.000191342	0.000339709	-0.294506	4.88676	3.06217	
-0.333096	4.87895	3.06783	0.000189688	0.000191349	0.000339709	-0.336925	4.88034	3.05933	
-0.361608	4.86128	3.0838	0.000189683	0.000191354	0.000339709	-0.36398	4.84533	3.06829	
-0.403544	4.86723	3.08482	0.000189678	0.000191359	0.000339709	-0.420514	4.85452	3.06321	
-0.412	4.89143	3.10604	0.000189674	0.000191363	0.000339709	-0.393621	4.91327	3.10121	
-0.445897	4.90535	3.12989	0.000189671	0.000191367	0.000339709	-0.443444	4.93105	3.13803	
-0.490896	4.90512	3.14867	0.000189667	0.00019137	0.000339709	-0.503894	4.92334	3.15381	
-0.52421	4.91547	3.16228	0.000189665	0.000191372	0.000339709	-0.538323	4.93551	3.17196	
-0.575083	4.90395	3.17184	0.000189663	0.000191374	0.000339709	-0.600683	4.89823	3.16333	
-0.598854	4.91821	3.16043	0.000189663	0.000191374	0.000339709	-0.606011	4.92815	3.13098	
-0.634693	4.90606	3.18752	0.000189662	0.000191375	0.000339709	-0.645194	4.90571	3.18099	
-0.658564	4.89776	3.21482	0.000189663	0.000191375	0.000339709	-0.659847	4.88765	3.22014	
-0.697751	4.89444	3.2442	0.000189664	0.000191373	0.000339709	-0.714911	4.89215	3.26544	
-0.718492	4.87863	3.27872	0.000189667	0.00019137	0.000339709	-0.718808	4.86094	3.31426	
-0.746907	4.86197	3.29168	0.000189673	0.000191363	0.00033971	-0.746301	4.83706	3.30499	
-0.774715	4.84352	3.31343	0.000189679	0.000191356	0.00033971	-0.775303	4.81442	3.3271	
-0.789329	4.84562	3.33049	0.000189687	0.000191348	0.00033971	-0.785098	4.83833	3.3457	
-0.830388	4.82543	3.35463	0.000189696	0.00019134	0.000339711	-0.842323	4.80123	3.36056	
-0.864752	4.82642	3.36102	0.000189707	0.000191329	0.000339711	-0.876049	4.81784	3.34646	
-0.895821	4.8353	3.35857	0.000189716	0.000191319	0.000339711	-0.904731	4.84158	3.3384	
-0.925437	4.83182	3.3546	0.000189723	0.000191313	0.00033971	-0.935558	4.83408	3.31427	
-0.95739	4.82448	3.37091	0.000189728	0.000191309	0.00033971	-0.968811	4.8229	3.35191	
-0.971537	4.81335	3.38752	0.000189734	0.000191303	0.000339709	-0.964134	4.81412	3.37041	
-0.984079	4.80369	3.41805	0.000189742	0.000191296	0.000339709	-0.957175	4.80393	3.43021	
-1.00092	4.79884	3.43631	0.000189754	0.000191283	0.000339709	-0.974161	4.80147	3.44965	
-1.02231	4.79107	3.44113	0.000189768	0.000191269	0.000339709	-1.00031	4.78896	3.43851	
-1.05131	4.76922	3.47199	0.00018978	0.000191257	0.000339709	-1.04684	4.76103	3.48033	
-1.07883	4.76133	3.50478	0.000189796	0.00019124	0.000339709	-1.08266	4.75593	3.53177	
-1.12138	4.7262	3.50435	0.000189818	0.000191218	0.00033971	-1.13412	4.69383	3.50427	
-1.16717	4.72183	3.50782	0.000189834	0.000191202	0.00033971	-1.1915	4.70886	3.49114	
-1.19726	4.71036	3.51361	0.000189848	0.000191189	0.00033971	-1.21365	4.69396	3.48607	
-1.22483	4.69025	3.50795	0.00018986	0.000191177	0.00033971	-1.23322	4.66414	3.46227	
-1.25025	4.67532	3.53968	0.000189866	0.000191171	0.000339709	-1.25294	4.66252	3.53505	
-1.27591	4.65958	3.55228	0.000189881	0.000191157	0.000339709	-1.27261	4.64762	3.53734	
-1.30042	4.64821	3.55629	0.000189896	0.000191142	0.000339709	-1.29316	4.63646	3.53644	
-1.34235	4.63385	3.55118	0.000189908	0.000191129	0.000339709	-1.35048	4.61457	3.51706	
-1.37452	4.61074	3.53889	0.000189916	0.000191122	0.000339709	-1.38218	4.58971	3.48128	
-1.40608	4.5809	3.5542	0.000189917	0.000191121	0.000339709	-1.41289	4.55592	3.51531	
-1.42149	4.5504	3.56943	0.000189923	0.000191115	0.000339708	-1.41752	4.51562	3.53342	
-1.43496	4.51628	3.59992	0.000189932	0.000191106	0.000339708	-1.41307	4.46669	3.5879	
-1.44634	4.46711	3.62874	0.000189949	0.000191088	0.000339709	-1.41857	4.40169	3.63069	
-1.4616	4.45589	3.64481	0.000189973	0.000191064	0.000339709	-1.43834	4.41545	3.63037	
-1.47117	4.42329	3.65657	0.000189997	0.00019104	0.000339709	-1.43699	4.38339	3.6387	
-1.49381	4.4139	3.66764	0.000190019	0.000191018	0.000339709	-1.47334	4.39636	3.65498	
-1.51577	4.40134	3.68237	0.00019004	0.000190997	0.000339709	-1.49889	4.3876	3.67795	
-1.52568	4.39621	3.72685	0.000190061	0.000190975	0.000339709	-1.50502	4.40344	3.75887	
-1.54245	4.41031	3.75018	0.000190095	0.000190941	0.00033971	-1.52274	4.44683	3.77621	
-1.55562	4.41156	3.78032	0.000190129	0.000190906	0.00033971	-1.53433	4.4613	3.80802	
-1.58199	4.40565	3.80868	0.000190168	0.000190867	0.000339711	-1.57249	4.4535	3.84292	
-1.59795	4.38746	3.81761	0.000190209	0.000190825	0.000339711	-1.58331	4.41121	3.83908	
-1.62179	4.35215	3.83625	0.000190244	0.00019079	0.000339711	-1.61336	4.35275	3.84972	
-1.64819	4.32432	3.86171	0.000190278	0.000190757	0.000339711	-1.65046	4.31299	3.87705	
-1.67063	4.30409	3.85792	0.000190314	0.00019072	0.000339711	-1.66927	4.29372	3.84874	
-1.69872	4.27002	3.89619	0.00019034	0.000190696	0.000339711	-1.70183	4.25723	3.91985	
-1.70832	4.24635	3.92428	0.000190375	0.00019066	0.000339711	-1.70447	4.22857	3.94829	
-1.71899	4.23757	3.94891	0.000190414	0.000190621	0.000339711	-1.70083	4.23972	3.97496	
-1.73437	4.23317	3.99215	0.000190453	0.000190581	0.000339711	-1.7112	4.25659	4.02797	
-1.73978	4.22343	4.01056	0.000190502	0.000190532	0.000339711	-1.71333	4.24953	4.03156	
-1.75511	4.19859	4.01823	0.000190547	0.000190487	0.000339712	-1.73681	4.21555	4.01564	
-1.79546	4.16819	4.02112	0.000190584	0.00019045	0.000339712	-1.80251	4.17072	4.00936	
-1.81145	4.15797	4.02728	0.000190612	0.000190423	0.000339711	-1.81569	4.16602	4.01351	
-1.83878	4.14212	4.04431	0.000190635	0.0001904	0.000339711	-1.85419	4.14828	4.0459	
-1.85293	4.10126	4.0451	0.000190659	0.000190377	0.00033971	-1.8559	4.08744	4.02508	
-1.89182	4.06867	4.04618	0.000190677	0.000190359	0.00033971	-1.90859	4.04862	4.02093	
-1.90948	4.04022	4.06633	0.000190691	0.000190346	0.00033971	-1.92423	4.02214	4.0612	
-1.92827	4.01899	4.05884	0.000190709	0.000190328	0.000339709	-1.9346	4.01532	4.02568	
-1.97245	3.98466	4.05677	0.00019072	0.000190318	0.000339709	-2.00903	3.97036	4.01995	
-1.99363	3.94243	4.05745	0.000190726	0.000190312	0.000339709	-2.01789	3.91319	4.01459	
-2.02154	3.9093	4.08797	0.000190731	0.000190308	0.000339709	-2.04572	3.88725	4.07651	
-2.06024	3.88185	4.08937	0.000190747	0.000190291	0.000339708	-2.09465	3.86168	4.06639	
-2.09134	3.86408	4.09227	0.00019076	0.000190278	0.000339708	-2.12573	3.85761	4.06418	
-2.10456	3.84902	4.12289	0.000190771	0.000190267	0.000339708	-2.114	3.85765	4.13634	
-2.11791	3.84135	4.1385	0.000190792	0.000190246	0.000339708	-2.12062	3.86113	4.14758	
-2.13106	3.82731	4.14308	0.000190814	0.000190224	0.000339709	-2.12948	3.84911	4.12657	
-2.15244	3.80232	4.15556	0.000190832	0.000190205	0.000339709	-2.15486	3.81819	4.1489	
-2.18255	3.79187	4.16991	0.000190851	0.000190187	0.000339709	-2.19761	3.81917	4.17659	
-2.22632	3.79562	4.17623	0.000190871	0.000190167	0.000339709	-2.2601	3.84074	4.17334	
-2.25311	3.79754	4.18725	0.000190888	0.00019015	0.000339709	-2.28282	3.85477	4.1832	
-2.27073	3.77412	4.19171	0.000190904	0.000190133	0.000339709	-2.29762	3.81063	4.18089	
-2.29827	3.77565	4.20831	0.000190918	0.00019012	0.000339709	-2.32468	3.82575	4.21587	
-2.33223	3.74883	4.20608	0.000190935	0.000190103	0.000339709	-2.36617	3.78518	4.19742	
-2.38678	3.73522	4.20896	0.000190946	0.000190092	0.000339709	-2.44141	3.77086	4.20057	
-2.41373	3.69668	4.224	0.000190956	0.000190082	0.000339709	-2.45936	3.70402	4.22064	
-2.44435	3.66023	4.25431	0.000190968	0.00019007	0.000339708	-2.48431	3.65308	4.26773	
-2.46769	3.64181	4.2794	0.000190988	0.000190049	0.000339709	-2.50159	3.64941	4.30168	
-2.49759	3.61441	4.28183	0.000191012	0.000190025	0.000339709	-2.5362	3.61475	4.2909	
-2.51975	3.5905	4.30076	0.000191031	0.000190006	0.000339709	-2.55225	3.59657	4.3084	
-2.53339	3.55748	4.30922	0.000191051	0.000189986	0.000339709	-2.55499	3.5588	4.29799	
-2.57064	3.55199	4.29041	0.000191069	0.000189968	0.000339709	-2.60304	3.57053	4.24507	
-2.5913	3.52511	4.28643	0.000191076	0.000189962	0.000339709	-2.61857	3.5323	4.24467	
-2.61666	3.50506	4.30911	0.000191079	0.000189959	0.000339709	-2.64584	3.51824	4.29614	
-2.6348	3.47338	4.30927	0.000191089	0.000189949	0.000339709	-2.65955	3.47325	4.28218	
-2.67486	3.46026	4.32333	0.000191096	0.000189942	0.000339709	-2.72408	3.47148	4.30697	
-2.71202	3.43926	4.33711	0.000191106	0.000189933	0.000339708	-2.76673	3.45047	4.33875	
-2.72511	3.3907	4.34716	0.000191117	0.000189921	0.000339708	-2.75436	3.37002	4.33947	
-2.73707	3.35745	4.35352	0.000191129	0.000189909	0.000339708	-2.75203	3.33772	4.349	
-2.75226	3.31927	4.36101	0.000191139	0.000189899	0.000339708	-2.76262	3.29631	4.33923	
-2.78167	3.29389	4.35824	0.000191149	0.000189889	0.000339708	-2.80449	3.28494	4.32922	
-2.78383	3.25989	4.38079	0.000191156	0.000189882	0.000339708	-2.78638	3.2484	4.3633	
-2.77701	3.23495	4.39403	0.000191167	0.000189871	0.000339708	-2.75371	3.23313	4.38171	
-2.77805	3.19615	4.43049	0.000191179	0.000189859	0.000339708	-2.75352	3.18346	4.45201	
-2.77546	3.16722	4.44953	0.000191197	0.000189841	0.000339709	-2.74694	3.14989	4.45926	
-2.77649	3.12909	4.48293	0.000191215	0.000189822	0.000339709	-2.76488	3.10663	4.50016	
-2.77539	3.08773	4.51282	0.000191235	0.000189801	0.00033971	-2.75797	3.05922	4.53367	
-2.77292	3.05486	4.52081	0.000191256	0.000189779	0.00033971	-2.75587	3.04018	4.51789	
-2.76693	3.02643	4.53985	0.000191273	0.000189762	0.00033971	-2.74363	3.01931	4.5433	
-2.78636	2.99977	4.54958	0.000191289	0.000189746	0.000339711	-2.78732	2.99653	4.54927	
-2.79428	2.96384	4.58025	0.000191302	0.000189734	0.00033971	-2.80025	2.96116	4.59589	
-2.80229	2.91159	4.629	0.000191315	0.000189721	0.00033971	-2.80702	2.88929	4.67377	
-2.79806	2.87831	4.64767	0.000191329	0.000189705	0.000339711	-2.79738	2.85663	4.67625	
-2.80853	2.8355	4.64956	0.000191341	0.000189693	0.000339711	-2.80879	2.81062	4.65459	
-2.80912	2.81014	4.68296	0.00019135	0.000189685	0.000339711	-2.8057	2.79642	4.7075	
-2.82411	2.7508	4.70265	0.000191358	0.000189677	0.000339711	-2.84033	2.71391	4.73203	
-2.80377	2.7111	4.74447	0.000191364	0.000189671	0.000339711	-2.79624	2.68433	4.78975	
-2.78996	2.68786	4.76819	0.000191367	0.000189666	0.000339712	-2.77309	2.676	4.80614	
-2.77367	2.64101	4.79134	0.000191369	0.000189664	0.000339712	-2.75307	2.62075	4.81324	
-2.74527	2.60105	4.81653	0.000191369	0.000189665	0.000339712	-2.71078	2.57826	4.8425	
-2.74954	2.55161	4.82098	0.000191366	0.000189667	0.000339712	-2.73319	2.52081	4.82609	
-2.73824	2.51123	4.825	0.000191364	0.00018967	0.000339712	-2.71902	2.48559	4.81097	
-2.7362	2.464	4.83562	0.000191362	0.000189673	0.000339711	-2.72752	2.42699	4.81342	
-2.72384	2.42904	4.86855	0.000191359	0.000189677	0.000339711	-2.71705	2.40179	4.87555	
-2.73757	2.39273	4.88507	0.000191353	0.000189683	0.000339711	-2.74881	2.37562	4.89704	
-2.75687	2.3535	4.7874	0.000191346	0.00018969	0.00033971	-2.77713	2.33587	4.87058	
-2.75734	2.33627	4.81794	0.000191351	0.000189685	0.00033971	-2.77608	2.34432	4.88332	
-2.7662	2.29655	4.85233	0.000191353	0.000189684	0.00033971	-2.79092	2.28486	4.92099	
-2.7763	2.25471	4.85862	0.000191351	0.000189686	0.00033971	-2.80036	2.23541	4.88543	
-2.80128	2.22616	4.8611	0.000191348	0.000189689	0.00033971	-2.8446	2.22233	4.8529	
-2.80615	2.20649	4.87072	0.000191346	0.000189692	0.000339709	-2.83946	2.21646	4.86943	
-2.80412	2.177	4.90494	0.000191343	0.000189695	0.000339709	-2.83107	2.17642	4.92007	
-2.82479	2.14973	4.93975	0.000191335	0.000189702	0.000339709	-2.87013	2.15102	4.97293	
-2.81505	2.12183	4.97524	0.000191323	0.000189714	0.000339709	-2.84537	2.12434	5.01943	
-2.81958	2.09644	4.99298	0.000191306	0.000189729	0.00033971	-2.8559	2.09987	5.03073	
-2.81417	2.06296	5.01612	0.000191289	0.000189746	0.00033971	-2.83903	2.05914	5.04832	
-2.80871	2.04921	5.03741	0.000191271	0.000189764	0.000339711	-2.82709	2.064	5.05961	
-2.79567	2.01775	5.06814	0.000191251	0.000189783	0.000339711	-2.7998	2.02558	5.08478	
-2.79805	2.00131	5.08796	0.000191228	0.000189806	0.000339711	-2.81116	2.01473	5.0966	
-2.77568	1.99241	5.11244	0.000191205	0.000189829	0.000339711	-2.77017	2.01963	5.11483	
-2.78473	1.97154	5.01848	0.00019118	0.000189854	0.000339711	-2.79792	2.00281	5.10882	
-2.78706	1.95534	5.06784	0.000191189	0.000189846	0.000339711	-2.8	1.9918	5.16516	
-2.77289	1.92641	5.10997	0.000191183	0.000189852	0.000339711	-2.77221	1.94109	5.20747	
-2.75227	1.91353	5.12729	0.000191166	0.00018987	0.000339711	-2.73687	1.93753	5.184	
-2.73222	1.89374	5.13995	0.000191147	0.000189889	0.00033971	-2.7129	1.91898	5.17	
-2.73026	1.86708	5.17544	0.000191129	0.000189907	0.00033971	-2.73399	1.88485	5.21447	
-2.70079	1.85015	5.19819	0.000191103	0.000189933	0.00033971	-2.68008	1.86939	5.22065	
-2.65701	1.83937	5.24121	0.000191075	0.000189961	0.00033971	-2.61677	1.85809	5.28174	
-2.63659	1.80018	5.27592	0.000191037	0.000189997	0.000339711	-2.61089	1.79612	5.31657	
-2.63516	1.77388	5.28576	0.000190995	0.000190038	0.000339712	-2.6337	1.77003	5.30815	
-2.60943	1.75088	5.29608	0.00019096	0.000190074	0.000339712	-2.59756	1.75383	5.30221	
-2.5994	1.71868	5.31367	0.000190929	0.000190105	0.000339712	-2.59462	1.71431	5.32079	
-2.57447	1.68482	5.33536	0.0001909	0.000190135	0.000339711	-2.55871	1.67271	5.34152	
-2.56617	1.65084	5.36578	0.000190869	0.000190166	0.000339711	-2.56614	1.63983	5.3936	
-2.55988	1.64608	5.38511	0.000190833	0.000190201	0.000339711	-2.57251	1.66506	5.39932	
-2.5343	1.62105	5.42098	0.000190798	0.000190237	0.000339711	-2.53821	1.62467	5.45005	
-2.50979	1.6051	5.43487	0.000190756	0.000190278	0.000339711	-2.50082	1.61459	5.45371	
-2.4721	1.57309	5.4585	0.000190719	0.000190316	0.000339711	-2.45372	1.57426	5.48121	
-2.4385	1.55179	5.48171	0.000190681	0.000190354	0.000339711	-2.41963	1.54908	5.49909	
-2.44085	1.52075	5.49738	0.000190642	0.000190392	0.000339711	-2.44609	1.50521	5.51926	
-2.4222	1.49312	5.51292	0.000190607	0.000190428	0.000339711	-2.42885	1.4727	5.5249	
-2.41111	1.46699	5.5218	0.000190574	0.000190462	0.000339711	-2.42339	1.44554	5.52653	
-2.39454	1.4641	5.55124	0.000190546	0.00019049	0.000339711	-2.405	1.47144	5.56447	
-2.39586	1.44377	5.58633	0.000190512	0.000190524	0.000339711	-2.42714	1.44145	5.61506	
-2.375	1.44309	5.60258	0.000190471	0.000190564	0.000339711	-2.39495	1.4623	5.61979	
-2.33857	1.43811	5.59327	0.000190433	0.000190602	0.000339711	-2.33456	1.46525	5.57659	
-2.32422	1.43399	5.58646	0.00019041	0.000190626	0.000339711	-2.3337	1.46178	5.55211	
-2.29042	1.43441	5.58293	0.000190396	0.00019064	0.00033971	-2.29231	1.47146	5.54531	
-2.28107	1.42446	5.57473	0.000190389	0.000190648	0.00033971	-2.30654	1.45681	5.5275	
-2.25622	1.41692	5.59901	0.000190387	0.00019065	0.000339709	-2.27174	1.44113	5.58681	
-2.24006	1.37535	5.60607	0.000190376	0.000190662	0.000339709	-2.25833	1.36746	5.59973	
-2.21099	1.36783	5.63142	0.000190364	0.000190674	0.000339709	-2.21777	1.37197	5.63589	
-2.21314	1.35505	5.64604	0.000190345	0.000190693	0.000339709	-2.24746	1.36762	5.65142	
-2.1946	1.35742	5.6576	0.000190323	0.000190715	0.000339709	-2.2171	1.38827	5.65287	
-2.19675	1.36355	5.69466	0.000190302	0.000190735	0.000339709	-2.23299	1.40553	5.72488	
-2.18915	1.36591	5.68705	0.000190271	0.000190766	0.000339709	-2.22426	1.41646	5.68404	
-2.16338	1.36697	5.70671	0.00019025	0.000190787	0.000339709	-2.18418	1.41392	5.70033	
-2.14909	1.3481	5.69414	0.000190228	0.00019081	0.000339709	-2.17111	1.38039	5.66313	
-2.13018	1.33333	5.71363	0.000190216	0.000190822	0.000339709	-2.14798	1.35581	5.6957	
-2.10397	1.31943	5.72991	0.0001902	0.000190838	0.000339709	-2.12105	1.33091	5.72663	
-2.08972	1.32447	5.76496	0.000190181	0.000190856	0.000339709	-2.11162	1.34993	5.77911	
-2.05669	1.3214	5.74981	0.000190153	0.000190884	0.000339709	-2.06384	1.34583	5.71768	
-2.06282	1.3104	5.75725	0.000190139	0.000190899	0.000339709	-2.10331	1.32747	5.7256	
-2.04697	1.3002	5.78945	0.000190125	0.000190912	0.000339709	-2.08898	1.30775	5.78737	
-2.02387	1.29407	5.83166	0.000190103	0.000190934	0.000339709	-2.05567	1.30167	5.86688	
-2.00166	1.29538	5.88665	0.00019007	0.000190966	0.000339709	-2.02508	1.31288	5.94566	
-1.97435	1.26412	5.90978	0.000190026	0.000191008	0.00033971	-1.98596	1.25703	5.95001	
-1.95741	1.25509	5.93718	0.000189985	0.000191048	0.000339711	-1.96805	1.25655	5.97455	
-1.94337	1.26987	5.98451	0.000189947	0.000191085	0.000339712	-1.96313	1.29419	6.03187	
-1.89318	1.26863	6.01369	0.000189906	0.000191125	0.000339713	-1.88431	1.29139	6.04725	
-1.88357	1.25859	6.02857	0.000189868	0.000191162	0.000339713	-1.89615	1.2689	6.06279	
-1.85065	1.27171	6.06337	0.000189838	0.000191193	0.000339714	-1.85646	1.29556	6.09919	
-1.82563	1.27102	6.09191	0.000189808	0.000191223	0.000339714	-1.82723	1.29506	6.11947	
-1.76304	1.24325	6.10326	0.000189782	0.00019125	0.000339714	-1.72137	1.23634	6.12172	
-1.70431	1.24651	6.10381	0.000189761	0.000191271	0.000339713	-1.64574	1.25329	6.08992	
-1.65065	1.22804	6.11752	0.000189747	0.000191287	0.000339713	-1.59061	1.21393	6.10274	
-1.61593	1.23336	6.12778	0.000189735	0.0001913	0.000339712	-1.57787	1.23389	6.10916	
-1.60542	1.21861	6.12614	0.000189725	0.000191311	0.000339711	-1.59759	1.21937	6.09949	
-1.57182	1.1952	6.10864	0.000189718	0.000191318	0.000339711	-1.5586	1.18132	6.05432	
-1.53949	1.1883	6.13448	0.000189716	0.000191321	0.00033971	-1.53121	1.18269	6.12148	
-1.49502	1.18834	6.13776	0.000189711	0.000191327	0.00033971	-1.47109	1.1927	6.1104	
-1.45901	1.19851	6.1652	0.000189707	0.000191331	0.000339709	-1.43837	1.20843	6.14963	
-1.44318	1.19554	6.18655	0.0001897	0.000191337	0.000339709	-1.44149	1.20109	6.19037	
-1.42468	1.17503	6.20925	0.000189693	0.000191344	0.000339709	-1.43273	1.16058	6.22858	
-1.38774	1.17024	6.23887	0.000189686	0.000191351	0.000339709	-1.38824	1.16049	6.26195	
-1.34466	1.17832	6.25204	0.000189679	0.000191358	0.00033971	-1.33585	1.17946	6.258	
-1.32955	1.17249	6.27546	0.000189673	0.000191363	0.00033971	-1.349	1.16534	6.2918	
-1.28972	1.1681	6.2973	0.000189669	0.000191367	0.00033971	-1.29499	1.15964	6.32066	
-1.2598	1.16693	6.3252	0.000189666	0.00019137	0.00033971	-1.26418	1.15709	6.34921	
-1.2214	1.1506	6.32486	0.000189664	0.000191372	0.00033971	-1.20957	1.12965	6.32131	
-1.18902	1.16378	6.29484	0.000189663	0.000191373	0.00033971	-1.17875	1.16897	6.2429	
-1.15913	1.15576	6.31111	0.000189663	0.000191374	0.00033971	-1.14873	1.14392	6.27684	
-1.12698	1.13144	6.32235	0.000189663	0.000191375	0.00033971	-1.12055	1.10568	6.30259	
-1.08048	1.1405	6.31718	0.000189663	0.000191375	0.000339709	-1.0672	1.13914	6.27823	
-1.05982	1.13323	6.32111	0.000189663	0.000191375	0.000339709	-1.06132	1.117	6.28563	
-1.02404	1.13395	6.33374	0.000189663	0.000191375	0.000339709	-1.0178	1.12406	6.31577	
-0.990824	1.12539	6.35372	0.000189664	0.000191375	0.000339709	-0.980463	1.1105	6.34739	
-0.944875	1.14044	6.375	0.000189665	0.000191373	0.000339709	-0.919318	1.13811	6.36995	
-0.901449	1.13412	6.38558	0.000189668	0.00019137	0.000339709	-0.875048	1.12825	6.3697	
-0.862281	1.12872	6.39687	0.00018967	0.000191367	0.000339709	-0.834692	1.1211	6.38854	
-0.841745	1.14437	6.29667	0.000189674	0.000191364	0.000339709	-0.826794	1.16402	6.42271	
-0.810184	1.16393	6.33854	0.000189669	0.000191367	0.000339709	-0.798358	1.19561	6.43368	
-0.76538	1.17868	6.37293	0.000189668	0.000191369	0.000339709	-0.735232	1.20956	6.4474	
-0.741454	1.17655	6.38726	0.00018967	0.000191367	0.000339709	-0.729281	1.19439	6.42949	
-0.706796	1.17697	6.40105	0.000189672	0.000191365	0.000339709	-0.699279	1.18575	6.41999	
-0.663658	1.18662	6.39486	0.000189675	0.000191362	0.000339709	-0.649221	1.19829	6.37824	
-0.627668	1.19066	6.40355	0.000189677	0.00019136	0.000339709	-0.608787	1.19968	6.36948	
-0.593809	1.21105	6.39975	0.00018968	0.000191358	0.000339709	-0.575245	1.2366	6.35568	
-0.574417	1.23531	6.39697	0.000189681	0.000191357	0.000339709	-0.577164	1.27322	6.34235	
-0.537855	1.24862	6.40053	0.000189682	0.000191356	0.000339708	-0.533654	1.2829	6.34592	
-0.520445	1.26295	6.40082	0.000189683	0.000191356	0.000339708	-0.528194	1.30116	6.34883	
-0.491531	1.28323	6.4204	0.000189684	0.000191355	0.000339708	-0.50367	1.33114	6.37169	
-0.461395	1.2954	6.40109	0.000189686	0.000191352	0.000339708	-0.467365	1.33284	6.36439	
-0.436425	1.30407	6.38662	0.000189686	0.000191353	0.000339708	-0.442834	1.33247	6.35907	
-0.396147	1.31401	6.37861	0.000189684	0.000191354	0.000339708	-0.390425	1.33108	6.36252	
-0.369552	1.3121	6.34196	0.000189682	0.000191356	0.000339708	-0.369877	1.32174	6.30382	
-0.336461	1.31279	6.31935	0.000189678	0.00019136	0.000339708	-0.329174	1.32649	6.28445	
-0.279339	1.31107	6.30014	0.000189673	0.000191364	0.000339709	-0.250024	1.31425	6.27218	
-0.243365	1.31805	6.28829	0.000189669	0.000191368	0.000339709	-0.214812	1.32489	6.27081	
-0.211185	1.30139	6.2613	0.000189666	0.000191371	0.000339709	-0.195147	1.28381	6.24864	
-0.177363	1.30697	6.24645	0.000189664	0.000191373	0.00033971	-0.154803	1.30566	6.24511	
-0.146876	1.29546	6.22727	0.000189663	0.000191373	0.00033971	-0.135991	1.28459	6.22438	
-0.117409	1.29527	6.20904	0.000189663	0.000191373	0.00033971	-0.111044	1.29108	6.20108	
-0.0904732	1.3013	6.20063	0.000189664	0.000191372	0.00033971	-0.0878287	1.31053	6.20048	
-0.065847	1.29543	6.19224	0.000189666	0.00019137	0.00033971	-0.0646809	1.29325	6.19878	
-0.0395301	1.29867	6.17803	0.000189668	0.000191368	0.00033971	-0.0392613	1.29873	6.177	
-0.0227174	1.30059	6.16711	0.000189671	0.000191366	0.00033971	-0.0353448	1.30299	6.16091	
0.012453	1.29789	6.14371	0.000189675	0.000191363	0.000339709	0.00368258	1.29861	6.13751	
0.0477462	1.30001	6.13428	0.000189679	0.000191358	0.000339709	0.0483728	1.30478	6.1263	
0.10035	1.29226	6.1123	0.000189685	0.000191353	0.000339709	0.129728	1.28417	6.09326	
0.146491	1.28298	6.09084	0.000189691	0.000191346	0.000339709	0.178703	1.27505	6.07915	
0.1767	1.26669	6.05761	0.0001897	0.000191337	0.000339709	0.197038	1.25438	6.03065	
0.185717	1.23704	6.02878	0.000189711	0.000191325	0.00033971	0.177701	1.20257	6.00471	
0.197625	1.23237	6.01388	0.000189726	0.000191309	0.00033971	0.171861	1.21893	5.99988	
0.23847	1.24126	6.0094	0.000189741	0.000191294	0.00033971	0.234095	1.24936	6.00909	
0.251228	1.22114	5.99614	0.000189754	0.000191282	0.00033971	0.229186	1.21676	5.9909	
0.281785	1.20818	5.85599	0.000189766	0.00019127	0.00033971	0.271698	1.21263	5.95765	
0.30351	1.19758	5.85576	0.00018981	0.000191219	0.000339713	0.290359	1.20899	5.92616	
0.321941	1.17982	5.87862	0.000189848	0.00019118	0.000339714	0.302594	1.17887	5.96726	
0.34169	1.17921	5.89134	0.000189871	0.000191159	0.000339715	0.323022	1.19044	5.98084	
0.365094	1.16381	5.91352	0.000189884	0.000191149	0.000339714	0.344387	1.164	6.0154	
0.39019	1.16131	5.91669	0.000189886	0.000191148	0.000339713	0.382614	1.16136	5.99797	
0.42039	1.15481	5.92043	0.000189886	0.00019115	0.000339712	0.416271	1.15928	5.99224	
0.453213	1.15546	5.93501	0.000189884	0.000191153	0.000339711	0.457054	1.17018	6.00355	
0.49045	1.16105	5.94099	0.000189878	0.000191159	0.00033971	0.504848	1.19059	6.00689	
0.532847	1.16976	5.95169	0.000189872	0.000191166	0.00033971	0.55487	1.20238	6.00488	
0.565118	1.15849	5.96046	0.000189864	0.000191174	0.000339709	0.575809	1.17963	6.0225	
0.593938	1.15647	5.93763	0.000189855	0.000191183	0.000339709	0.610247	1.17696	5.97015	
0.619921	1.14959	5.9469	0.000189855	0.000191183	0.000339709	0.618159	1.16258	5.99782	
0.644065	1.14237	5.93257	0.000189853	0.000191185	0.000339709	0.632715	1.14963	5.97155	
0.658263	1.13555	5.92559	0.000189856	0.000191183	0.000339708	0.632618	1.14304	5.95136	
0.673004	1.12825	5.90342	0.00018986	0.000191179	0.000339708	0.641276	1.14165	5.90884	
0.710688	1.12202	5.86791	0.00018987	0.000191169	0.000339708	0.705536	1.13008	5.85292	
0.745327	1.09215	5.84937	0.000189888	0.00019115	0.000339709	0.752642	1.07542	5.82745	
0.766969	1.06525	5.82091	0.000189908	0.000191129	0.000339709	0.770105	1.04624	5.79438	
0.783976	1.06421	5.80669	0.000189933	0.000191103	0.000339709	0.779085	1.06459	5.79088	
0.810423	1.03774	5.7674	0.000189958	0.000191078	0.00033971	0.809467	1.03052	5.72515	
0.830851	1.02555	5.71824	0.00018999	0.000191045	0.00033971	0.827475	1.03222	5.64339	
0.84737	1.03641	5.68612	0.000190033	0.000191	0.000339711	0.837681	1.06883	5.6219	
0.872187	1.03573	5.6611	0.000190079	0.000190953	0.000339712	0.865768	1.06503	5.61333	
0.914495	1.04478	5.65168	0.000190124	0.000190908	0.000339713	0.936111	1.08835	5.62023	
0.954472	1.02614	5.622	0.000190162	0.00019087	0.000339713	0.983559	1.05651	5.58347	
0.997421	1.00904	5.61123	0.000190203	0.00019083	0.000339713	1.03601	1.03243	5.59289	
1.0295	1.002	5.58864	0.000190238	0.000190796	0.000339712	1.06151	1.02144	5.55725	
1.05273	0.9744	5.57911	0.000190274	0.00019076	0.000339712	1.07053	0.978782	5.56308	
1.05412	0.954031	5.53248	0.000190304	0.00019073	0.000339712	1.04796	0.954885	5.4896	
1.09026	0.92574	5.51624	0.000190347	0.000190687	0.000339712	1.1047	0.920737	5.4886	
1.10649	0.900487	5.49433	0.000190386	0.000190648	0.000339712	1.11601	0.901836	5.4704	
1.13964	0.887726	5.48291	0.000190425	0.000190609	0.000339711	1.15456	0.903817	5.46857	
1.13596	0.884812	5.43703	0.000190459	0.000190575	0.000339711	1.11944	0.912352	5.4041	
1.15756	0.872453	5.39404	0.000190504	0.00019053	0.000339711	1.15165	0.900097	5.34113	
1.16456	0.859347	5.38653	0.000190557	0.000190476	0.000339712	1.14869	0.879951	5.37359	
1.17764	0.840786	5.34172	0.0001906	0.000190433	0.000339712	1.17289	0.859056	5.29924	
1.19587	0.830589	5.32242	0.000190651	0.000190382	0.000339713	1.18821	0.853085	5.28711	
1.21224	0.804978	5.2983	0.000190697	0.000190336	0.000339713	1.20693	0.812365	5.26821	
1.22812	0.773479	5.27155	0.000190741	0.000190292	0.000339713	1.22847	0.770279	5.24848	
1.24433	0.764175	5.2433	0.000190784	0.000190248	0.000339713	1.24618	0.779312	5.20833	
1.26289	0.73989	5.2113	0.000190828	0.000190205	0.000339713	1.27083	0.750495	5.16586	
1.27896	0.721712	5.19666	0.000190872	0.000190161	0.000339713	1.28418	0.730326	5.17089	
1.30296	0.706265	5.18329	0.00019091	0.000190123	0.000339713	1.31677	0.719893	5.16511	
1.31196	0.697761	5.16934	0.000190943	0.00019009	0.000339712	1.31606	0.723773	5.16468	
1.33048	0.656801	5.14157	0.000190972	0.000190062	0.000339712	1.34373	0.653624	5.13368	
1.33824	0.626005	5.11312	0.000191003	0.000190032	0.000339712	1.3422	0.615704	5.08381	
1.356	0.600968	5.09706	0.000191035	0.000189999	0.000339711	1.3586	0.597371	5.06689	
1.36649	0.555729	5.06713	0.000191064	0.000189971	0.000339711	1.37518	0.533167	5.04081	
1.37245	0.513564	5.04083	0.000191094	0.00018994	0.000339711	1.3762	0.488275	5.01148	
1.38036	0.483869	5.01795	0.000191124	0.00018991	0.000339711	1.37788	0.462558	5.00513	
1.39634	0.451327	5.01475	0.000191152	0.000189882	0.000339711	1.39846	0.438714	5.02249	
1.42355	0.43872	5.00391	0.000191173	0.000189861	0.000339711	1.44045	0.44528	5.00538	
1.44318	0.394882	4.96832	0.000191192	0.000189844	0.000339711	1.46281	0.3881	4.94296	
1.45351	0.381581	4.95505	0.000191213	0.000189822	0.000339711	1.465	0.393362	4.93904	
1.46232	0.350777	4.94233	0.000191232	0.000189803	0.000339711	1.47404	0.361514	4.94373	
1.46481	0.327634	4.94993	0.000191248	0.000189787	0.00033971	1.46551	0.335548	4.98535	
1.46886	0.304389	4.95176	0.000191259	0.000189778	0.00033971	1.4577	0.313081	4.99606	
1.47053	0.284502	4.94775	0.000191266	0.000189771	0.00033971	1.45902	0.290772	4.98223	
1.49273	0.266296	4.93189	0.000191271	0.000189766	0.000339709	1.50078	0.2755	4.938	
1.50614	0.230918	4.90639	0.000191279	0.000189759	0.000339709	1.5212	0.236204	4.89209	
1.52257	0.192185	4.89522	0.000191288	0.000189749	0.000339709	1.53914	0.191884	4.8812	
1.52935	0.160086	4.7972	0.000191298	0.00018974	0.000339709	1.54914	0.162198	4.89818	
1.54786	0.143586	4.79687	0.000191316	0.000189718	0.00033971	1.57299	0.157863	4.87396	
1.54651	0.12344	4.79229	0.00019133	0.000189703	0.000339711	1.55947	0.144616	4.85943	
1.55499	0.0897729	4.79906	0.000191341	0.000189693	0.000339712	1.57022	0.0968963	4.86144	
1.55985	0.0433876	4.78873	0.000191348	0.000189687	0.000339711	1.56804	0.0323797	4.82391	
1.56821	0.00788726	4.78423	0.000191354	0.000189682	0.000339711	1.578	-3.74963e-05	4.81425	
1.56802	-0.0340187	4.76414	0.000191358	0.000189678	0.00033971	1.57358	-0.0567413	4.7775	
1.55999	-0.0794227	4.74814	0.000191363	0.000189674	0.00033971	1.55747	-0.117754	4.76501	
1.58187	-0.116003	4.73409	0.000191366	0.000189671	0.00033971	1.60454	-0.147532	4.73365	
1.58443	-0.140585	4.71181	0.000191369	0.000189668	0.000339709	1.60307	-0.157376	4.70363	
1.60416	-0.168791	4.68684	0.000191372	0.000189665	0.000339709	1.634	-0.1784	4.66509	
1.61893	-0.194514	4.64925	0.000191373	0.000189663	0.00033971	1.6563	-0.19998	4.60696	
1.62013	-0.226757	4.52826	0.000191373	0.000189663	0.00033971	1.6588	-0.234253	4.57017	
1.62858	-0.281529	4.52592	0.000191359	0.00018967	0.000339713	1.66239	-0.312834	4.56783	
1.65492	-0.309124	4.53128	0.000191348	0.00018968	0.000339715	1.70669	-0.316014	4.57629	
1.67428	-0.345702	4.53452	0.00019134	0.000189689	0.000339715	1.73307	-0.35787	4.57347	
1.67574	-0.376278	4.52838	0.000191335	0.000189696	0.000339714	1.71658	-0.38212	4.55991	
1.6821	-0.389762	4.5156	0.000191331	0.000189702	0.000339713	1.71953	-0.372609	4.53347	
1.68623	-0.402454	4.5363	0.000191325	0.000189709	0.000339712	1.71569	-0.371913	4.59878	
1.69066	-0.415897	4.54243	0.000191325	0.000189711	0.000339711	1.71708	-0.389054	4.60488	
1.7069	-0.438604	4.54675	0.000191325	0.000189711	0.000339711	1.74062	-0.407761	4.60144	
1.70362	-0.445473	4.55926	0.000191327	0.000189711	0.00033971	1.7241	-0.407804	4.62017	
1.70903	-0.469365	4.56921	0.00019133	0.000189708	0.000339709	1.72812	-0.448524	4.63174	
1.72136	-0.499004	4.54251	0.000191333	0.000189705	0.000339709	1.7539	-0.494049	4.5616	
1.71824	-0.535199	4.53283	0.000191332	0.000189706	0.000339709	1.73458	-0.531447	4.55332	
1.71425	-0.558933	4.50198	0.00019133	0.000189709	0.000339709	1.73087	-0.553668	4.50062	
1.68785	-0.578558	4.48183	0.000191322	0.000189715	0.000339709	1.68131	-0.568451	4.48276	
1.6764	-0.578279	4.47825	0.000191313	0.000189725	0.000339709	1.66119	-0.536934	4.49832	
1.65641	-0.602323	4.47071	0.000191305	0.000189732	0.000339709	1.63962	-0.574324	4.50146	
1.6423	-0.624758	4.472	0.000191298	0.00018974	0.000339709	1.62862	-0.60369	4.50965	
1.64171	-0.627308	4.46893	0.000191293	0.000189745	0.000339709	1.63959	-0.592342	4.50806	
1.62753	-0.646017	4.45437	0.000191288	0.00018975	0.000339709	1.62105	-0.605389	4.48318	
1.64119	-0.673037	4.46666	0.000191282	0.000189756	0.000339709	1.65852	-0.650416	4.50107	
1.63104	-0.6956	4.45634	0.00019128	0.000189759	0.000339708	1.63354	-0.678683	4.48694	
1.59974	-0.720294	4.43484	0.000191276	0.000189762	0.000339708	1.586	-0.708808	4.45463	
1.58483	-0.756092	4.4064	0.000191269	0.00018977	0.000339708	1.57148	-0.758822	4.4022	
1.59094	-0.784973	4.39177	0.000191256	0.000189782	0.000339709	1.59294	-0.784823	4.38816	
1.58764	-0.814401	4.36407	0.000191242	0.000189795	0.000339709	1.60385	-0.821941	4.36032	
1.58681	-0.82125	4.34577	0.000191224	0.000189813	0.000339709	1.59844	-0.799163	4.34984	
1.5694	-0.850319	4.32642	0.000191205	0.000189831	0.000339709	1.56439	-0.831387	4.32875	
1.54358	-0.849977	4.30693	0.000191185	0.000189851	0.00033971	1.52273	-0.811246	4.30701	
1.51858	-0.86561	4.29381	0.000191164	0.000189872	0.00033971	1.49212	-0.828549	4.30147	
1.49943	-0.9097	4.28168	0.000191144	0.000189892	0.00033971	1.47972	-0.899726	4.29795	
1.48809	-0.940807	4.27512	0.000191125	0.000189911	0.00033971	1.47784	-0.93786	4.2935	
1.44458	-0.971104	4.25742	0.000191109	0.000189928	0.00033971	1.40329	-0.973545	4.27125	
1.43332	-0.982277	4.26621	0.000191091	0.000189946	0.00033971	1.41146	-0.967571	4.3074	
1.43372	-0.999941	4.26306	0.000191081	0.000189957	0.000339709	1.43825	-0.987234	4.29742	
1.41314	-1.0413	4.2584	0.000191073	0.000189965	0.000339709	1.40158	-1.05343	4.28791	
1.39393	-1.07303	4.25985	0.000191065	0.000189973	0.000339709	1.37771	-1.07375	4.29835	
1.37909	-1.09769	4.24616	0.00019106	0.000189978	0.000339709	1.38001	-1.09533	4.27485	
1.36561	-1.10439	4.24706	0.000191052	0.000189987	0.000339708	1.36598	-1.07848	4.28239	
1.32191	-1.13044	4.14588	0.000191046	0.000189992	0.000339708	1.29893	-1.12619	4.25049	
1.29106	-1.14813	4.13685	0.000191002	0.000190033	0.000339709	1.26175	-1.1394	4.21563	
1.26908	-1.18233	4.1439	0.000190965	0.00019007	0.00033971	1.23629	-1.18732	4.21075	
1.27098	-1.18905	4.13808	0.00019094	0.000190095	0.000339711	1.26817	-1.18046	4.18633	
1.25192	-1.21115	4.12339	0.000190919	0.000190116	0.000339711	1.24603	-1.19516	4.14937	
1.22934	-1.22631	4.10236	0.000190899	0.000190138	0.00033971	1.222	-1.20532	4.1158	
1.19465	-1.24907	4.08799	0.000190874	0.000190162	0.00033971	1.16982	-1.23672	4.10194	
1.15103	-1.26556	4.08128	0.000190851	0.000190186	0.00033971	1.11223	-1.25801	4.10186	
1.13988	-1.26922	4.07491	0.00019083	0.000190207	0.00033971	1.11876	-1.25092	4.09618	
1.12379	-1.29022	4.07942	0.000190812	0.000190225	0.000339709	1.11151	-1.27548	4.11032	
1.09303	-1.30858	4.05841	0.000190801	0.000190236	0.000339709	1.08014	-1.29186	4.06673	
1.09128	-1.32261	4.05326	0.000190785	0.000190253	0.000339709	1.1012	-1.3037	4.07094	
1.06974	-1.3452	4.05514	0.00019077	0.000190268	0.000339709	1.06467	-1.3354	4.08318	
1.06894	-1.37039	4.05969	0.00019076	0.000190278	0.000339709	1.08387	-1.36619	4.10203	
1.06385	-1.39193	4.04814	0.000190755	0.000190283	0.000339709	1.08606	-1.40072	4.07041	
1.05567	-1.40706	4.0711	0.000190746	0.000190292	0.000339708	1.08593	-1.39851	4.13278	
1.05575	-1.41648	4.04898	0.00019075	0.000190288	0.000339708	1.08577	-1.40051	4.07362	
1.05033	-1.43285	4.02881	0.000190744	0.000190295	0.000339708	1.08882	-1.42101	4.04017	
1.03552	-1.44992	4.02446	0.00019073	0.000190308	0.000339708	1.06686	-1.43551	4.04427	
3.2247e+10	-2.57294e+10	7.74086e+11	0.000190718	0.000190321	0.000339708	1.0656	-1.44893	4.06173	
2.42951e+10	-1.80036e+10	6.27151e+11	0.000189983	0.000189951	0.000340113	1.04433	-1.48201	4.0463	
2.07726e+10	-1.37082e+10	5.083e+11	0.000189924	0.000189797	0.0003404	1.06633	-1.49252	4.01885	
1.9054e+10	-1.02088e+10	4.12051e+11	0.000190115	0.000189761	0.000340493	1.08095	-1.50375	3.98256	
1.6413e+10	-6.2446e+09	3.33905e+11	0.000189916	0.000189956	0.000340544	1.05795	-1.51857	3.96735	
1.35749e+10	-5.20203e+09	2.70591e+11	0.000189796	0.000189736	0.000340697	1.04354	-1.56037	3.92017	
1.12826e+10	-5.20816e+09	2.19319e+11	0.000189776	0.000189904	0.000340723	1.02257	-1.61452	3.92553	
9.97651e+09	-4.89753e+09	1.77836e+11	0.000189991	0.000189871	0.000340671	0.98365	-1.60696	3.96597	
8.72391e+09	-3.69792e+09	1.44162e+11	0.000189999	0.00018973	0.000340695	0.924165	-1.606	3.93294	
7.42815e+09	-3.34957e+09	1.16881e+11	0.000189906	0.000189804	0.000340714	0.929521	-1.61446	3.93078	
6.49268e+09	-3.11894e+09	9.48038e+10	0.000190077	0.000189898	0.000340627	0.923581	-1.63355	3.92928	
5.23939e+09	-2.44532e+09	7.68174e+10	0.00018977	0.000189714	0.000340762	0.962596	-1.64773	3.86711	
4.12798e+09	-2.19423e+09	6.22454e+10	0.000189723	0.000189833	0.000340806	0.924774	-1.68543	3.85143	
3.03789e+09	-1.93214e+09	5.0411e+10	0.000189864	0.000189822	0.000340781	0.890628	-1.72876	3.84214	
2.42574e+09	-1.74895e+09	4.0859e+10	0.000189711	0.000189937	0.000340783	0.890796	-1.76376	3.79342	
1.93068e+09	-1.64651e+09	3.31271e+10	0.000189692	0.000190228	0.000340684	0.879354	-1.77484	3.81853	
1.62056e+09	-1.35588e+09	2.68539e+10	0.000189776	0.000189801	0.000340758	0.907873	-1.76362	3.77864	
1.26936e+09	-1.17672e+09	2.1764e+10	0.00018969	0.000189917	0.000340786	0.891928	-1.78436	3.78647	
9.36812e+08	-1.03594e+09	1.76359e+10	0.000189796	0.000190016	0.000340725	0.911794	-1.80684	3.79999	
7.5376e+08	-8.30892e+08	1.42896e+10	0.000189694	0.000189751	0.000340829	0.896266	-1.80355	3.78909	
5.75835e+08	-7.07764e+08	1.15797e+10	0.000189705	0.000189866	0.000340835	0.903224	-1.83328	3.76801	
4.75187e+08	-6.15371e+08	9.38973e+09	0.000189711	0.000189997	0.000340789	0.854365	-1.83215	3.72485	
3.55578e+08	-5.30944e+08	7.61076e+09	0.000189734	0.000190005	0.000340754	0.869793	-1.80547	3.66943	
2.64808e+08	-4.15897e+08	6.16344e+09	0.000189736	0.000189749	0.000340829	0.84294	-1.83604	3.6892	
2.05725e+08	-3.0483e+08	4.98951e+09	0.000189685	0.000189902	0.00034083	0.819497	-1.85593	3.69937	
1.59492e+08	-2.10346e+08	4.03836e+09	0.000189679	0.000190183	0.00034073	0.783892	-1.85581	3.67262	
1.18531e+08	-1.36864e+08	3.26845e+09	0.000189714	0.00019041	0.000340582	0.772493	-1.87367	3.64588	
8.0342e+07	-8.56206e+07	2.64567e+09	0.000189877	0.000190397	0.000340451	0.694799	-1.88741	3.62787	
4.97625e+07	-6.28492e+07	2.14261e+09	0.000190028	0.000189882	0.000340516	0.716219	-1.8945	3.58918	
2.71531e+07	-4.12013e+07	1.73511e+09	0.000190125	0.000189971	0.00034048	0.689315	-1.88684	3.57693	
1.8902e+07	-2.3071e+07	1.4054e+09	0.000189787	0.000190129	0.000340527	0.672059	-1.88042	3.54225	
9.92483e+06	-1.68761e+07	1.13849e+09	0.000189883	0.000189788	0.000340641	0.637828	-1.87263	3.52063	
6.99529e+06	-1.64047e+07	9.22435e+08	0.000189731	0.000189823	0.000340743	0.627495	-1.87644	3.50115	
3.25357e+06	-1.17422e+07	7.47206e+08	0.000189776	0.000189742	0.000340809	0.580149	-1.90022	3.47342	
-611247	-1.05013e+07	6.05343e+08	0.000189919	0.000189733	0.000340794	0.556136	-1.93572	3.40795	
-2.45018e+06	-6.74951e+06	4.90354e+08	0.000189844	0.000189772	0.000340801	0.489558	-1.971	3.34039	
-4.62127e+06	-3.86852e+06	3.9726e+08	0.000190078	0.000189801	0.000340708	0.478193	-1.95872	3.33077	
-3.76361e+06	-1.6261e+06	3.21814e+08	0.000189746	0.000189855	0.000340763	0.454752	-1.99817	3.26474	
-2.47233e+06	-1.57409e+06	2.60693e+08	0.000189744	0.000189715	0.000340843	0.444321	-2.00501	3.2623	
-779656	-1.12779e+06	2.11168e+08	0.000189947	0.000189693	0.000340818	0.414541	-2.02056	3.27873	
-754500	-1.01771e+06	1.71065e+08	0.000189725	0.000189684	0.00034089	0.364934	-2.01589	3.24524	
-162498	-503770	1.38567e+08	0.000189777	0.000189711	0.000340898	0.333553	-2.04795	3.2346	
-404125	-171329	1.12247e+08	0.000189744	0.000189707	0.000340916	0.325183	-2.07591	3.19392	
-109258	189926	9.09251e+07	0.000189733	0.000189777	0.000340905	0.316949	-2.07654	3.23308	
-280182	454916	7.36584e+07	0.000189741	0.000189821	0.00034088	0.258322	-2.02837	3.21342	
-494466	724190	5.96806e+07	0.000189852	0.000189993	0.000340763	0.190631	-2.01434	3.16504	
-670594	593522	4.83552e+07	0.000189967	0.000189726	0.000340759	0.167436	-1.99919	3.09458	
-597484	322062	3.9172e+07	0.000189746	0.000189815	0.000340804	0.166668	-2.02607	3.1221	
-369079	214414	3.17294e+07	0.000189788	0.000189715	0.000340848	0.117912	-2.00162	3.06668	
-352244	169306	2.57044e+07	0.000189743	0.000189689	0.000340897	0.0897269	-1.98329	2.99295	
-248142	204393	2.08224e+07	0.000189709	0.00018977	0.000340906	0.0345823	-2.00228	3.00266	
-167359	123379	1.68659e+07	0.000189706	0.000189726	0.000340927	0.0146092	-1.98469	2.98667	
-55983.4	72361.1	1.3661e+07	0.000189928	0.000189709	0.000340863	-0.0472504	-1.9756	2.99241	
-52247.2	59045.2	1.10663e+07	0.000189711	0.000189678	0.000340922	-0.10297	-1.95819	2.97241	
-65601.5	82672.7	8.96512e+06	0.000189749	0.000189801	0.000340893	-0.161298	-1.99636	3.01042	
-94031.8	69998.4	7.26336e+06	0.000189957	0.000189689	0.000340842	-0.216616	-1.99841	2.9784	
-79355.9	78171	5.88454e+06	0.000189722	0.000189797	0.000340863	-0.223697	-2.02218	2.96975	
-43908.5	72506.5	4.76679e+06	0.000189822	0.000189728	0.000340863	-0.250833	-2.01803	2.93957	
-42050.6	66088.4	3.86183e+06	0.00018973	0.000189725	0.000340897	-0.272746	-2.04771	2.95474	
-45207	45306	3.1284e+06	0.000189807	0.000189721	0.000340888	-0.265961	-2.03871	2.94608	
-49132	41100.5	2.53485e+06	0.000189919	0.000189714	0.000340845	-0.304593	-2.00795	2.90927	
-36930.2	37815	2.05352e+06	0.000189722	0.000189731	0.000340889	-0.302857	-1.99166	2.89646	
-33819.2	37630.9	1.66399e+06	0.000189757	0.000189851	0.000340854	-0.338716	-1.97104	2.84083	
-23353.4	35591.3	1.34812e+06	0.000189743	0.000189846	0.000340844	-0.343348	-1.95807	2.83566	
-19893.6	34920.1	1.09256e+06	0.000189701	0.000190012	0.000340793	-0.399638	-1.93514	2.77687	
-18864.7	27953.6	885218	0.000189779	0.000189733	0.00034084	-0.455208	-1.93089	2.72809	
-19758.7	21969.3	717345	0.000190051	0.000189706	0.000340774	-0.490281	-1.89061	2.71246	
-17964.4	14693.9	581122	0.000189857	0.000189861	0.000340754	-0.506978	-1.86081	2.69514	
-15305.6	12348.2	470876	0.000189765	0.000189722	0.000340829	-0.544326	-1.8311	2.70103	
-11000.9	9765.1	381378	0.000189773	0.00018969	0.000340876	-0.60945	-1.80109	2.6946	
-7090.04	6790.96	308820	0.000189916	0.000189753	0.000340825	-0.595085	-1.77627	2.67573	
-3646.15	4801.51	250087	0.000190206	0.000189725	0.000340702	-0.595095	-1.7565	2.67365	
-2143.4	4373.33	202609	0.000189871	0.000189745	0.000340755	-0.617697	-1.70707	2.66391	
-583.11	3626.85	164133	0.000190109	0.000189691	0.000340714	-0.654155	-1.67419	2.61977	
-63.0907	3527.16	133001	0.000189835	0.000189872	0.000340727	-0.674638	-1.64279	2.59106	
-286.636	2935.67	107755	0.000189774	0.000189713	0.000340814	-0.700444	-1.62322	2.51431	
-742.035	2423.49	87304.6	0.000189992	0.000189697	0.000340785	-0.711561	-1.60738	2.50538	
-937.682	1661.93	70721.9	0.000189929	0.000189783	0.000340761	-0.743755	-1.55236	2.49777	
-1181.32	1195.31	57305.1	0.000190205	0.000189722	0.00034067	-0.784243	-1.52881	2.46218	
-1034.67	1048.51	46434.1	0.00018981	0.000189722	0.000340769	-0.868345	-1.55327	2.46422	
-704.067	851.851	37613	0.000189811	0.000189683	0.000340833	-0.907932	-1.55802	2.437	
-367.182	728.346	30467.6	0.00019003	0.000189699	0.000340779	-0.914148	-1.53995	2.4447	
-145.248	503.327	24677.1	0.000190019	0.000189742	0.000340741	-0.948666	-1.50363	2.42554	
-33.9122	450.14	19993.5	0.000189883	0.000189733	0.000340774	-0.988422	-1.48954	2.37662	
46.3668	317.001	16195.9	0.0001899	0.000189726	0.000340788	-1.05757	-1.462	2.35071	
26.0507	264.156	13121	0.000189736	0.000189688	0.000340869	-1.08309	-1.43831	2.39391	
62.3978	222.567	10630.3	0.000189831	0.000189687	0.000340876	-1.09038	-1.46968	2.36528	
40.9056	158.476	8610.78	0.000189714	0.000189704	0.000340917	-1.08417	-1.42273	2.36642	
37.8656	145.882	6976.43	0.000189696	0.000189743	0.00034093	-1.12254	-1.43639	2.33816	
54.6689	138.777	5653.24	0.000189837	0.000189818	0.000340858	-1.12789	-1.4008	2.30377	
35.3804	122.887	4580.48	0.000189718	0.00018976	0.000340887	-1.17085	-1.40186	2.26213	
24.4544	87.177	3710.32	0.000189692	0.000189745	0.000340916	-1.2043	-1.42751	2.26964	
16.0583	77.1074	3006.31	0.000189686	0.00018975	0.000340932	-1.22811	-1.39824	2.24507	
12.934	75.8577	2436.61	0.000189673	0.000189996	0.000340854	-1.23345	-1.35637	2.26118	
1.77496	64.8979	1974.55	0.000189807	0.000189775	0.000340846	-1.27595	-1.2967	2.26428	
4.06113	54.2239	1600.18	0.000189712	0.000189737	0.000340891	-1.29568	-1.28783	2.28003	
-0.77478	46.8027	1296.96	0.000189746	0.000189778	0.000340886	-1.29598	-1.28016	2.26993	
-0.47422	43.0424	1051.56	0.000189684	0.00018998	0.000340833	-1.29195	-1.2723	2.27072	
2.49554	39.5154	852.797	0.000189785	0.000190083	0.00034073	-1.28899	-1.24586	2.18074	
0.283508	34.3949	691.596	0.00018972	0.000189947	0.000340751	-1.27853	-1.23277	2.14411	
0.319872	26.4786	560.619	0.000189684	0.000189751	0.000340846	-1.29106	-1.21173	2.15933	
2.19486	20.156	454.529	0.000189862	0.000189727	0.000340838	-1.27293	-1.19161	2.18663	
3.97539	16.3195	368.725	0.000190077	0.000189717	0.000340759	-1.30405	-1.16857	2.17088	
2.95598	13.5024	299.168	0.000189737	0.000189751	0.000340831	-1.30556	-1.13421	2.12031	
1.34818	11.6806	242.829	0.00018977	0.000189904	0.000340799	-1.39027	-1.13208	2.05879	
-0.300323	10.1681	197.205	0.000189931	0.00019	0.000340689	-1.43205	-1.10598	2.03012	
-0.616516	8.98332	160.279	0.00018972	0.000190155	0.000340652	-1.41288	-1.07562	2.02225	
-0.85949	8.05098	130.342	0.0001897	0.000190436	0.000340538	-1.3793	-1.05283	1.99951	
-1.45842	6.73995	106.07	0.000189874	0.000190111	0.000340533	-1.35393	-1.05516	2.00523	
-1.91916	5.16035	86.2874	0.000190007	0.000189804	0.000340594	-1.32492	-0.999157	1.93424	
-2.38835	3.90927	70.2842	0.000190299	0.000189755	0.000340536	-1.36319	-0.977857	1.91718	
-2.24195	2.84811	57.2702	0.000189797	0.00018973	0.000340699	-1.37917	-0.951416	1.86576	
-1.95852	1.8851	46.7067	0.000189778	0.000189838	0.000340751	-1.40912	-0.927361	1.85371	
-1.7454	1.36017	38.2014	0.000189799	0.000189721	0.000340813	-1.40779	-0.907295	1.88823	
-1.54641	0.826483	31.2792	0.000189851	0.000189764	0.000340811	-1.45525	-0.855212	1.86537	
-1.45324	0.308155	25.6563	0.000189746	0.000190018	0.000340755	-1.4536	-0.86544	1.84725	
-1.37976	-0.0703102	21.1134	0.0001898	0.000190238	0.000340626	-1.48545	-0.828179	1.83445	
-1.31555	-0.243086	17.4296	0.000189965	0.000189814	0.000340655	-1.465	-0.804066	1.79809	
-1.36537	-0.408306	14.4448	0.000189727	0.000189773	0.000340772	-1.49274	-0.779979	1.79654	
-1.34239	-0.468608	12.0351	0.000189816	0.000189714	0.000340821	-1.46493	-0.776556	1.79079	
-1.3413	-0.55321	10.0684	0.000189702	0.000189815	0.000340851	-1.45908	-0.706231	1.76274	
-1.39199	-0.572287	8.48026	0.000189741	0.000189709	0.000340891	-1.43348	-0.647257	1.75044	
-1.40118	-0.55063	7.18186	0.000189716	0.000189777	0.000340897	-1.43432	-0.621936	1.72586	
-1.37474	-0.541129	6.10988	0.000189865	0.000189693	0.000340876	-1.44088	-0.596612	1.65761	
-1.36554	-0.569946	5.26419	0.000189742	0.000189869	0.000340847	-1.4593	-0.572054	1.67876	
-1.3859	-0.60264	4.56468	0.000189736	0.000189939	0.000340808	-1.47702	-0.54792	1.65823	
-1.40735	-0.617917	3.99043	0.000189972	0.000189784	0.000340758	-1.45476	-0.531094	1.62965	
-1.44753	-0.62891	3.51894	0.000190133	0.000189717	0.000340698	-1.45999	-0.546876	1.59052	
-1.48037	-0.61051	3.13435	0.00019007	0.000189886	0.000340627	-1.45432	-0.522215	1.56865	
-1.50811	-0.579726	2.84397	0.000189892	0.000190177	0.000340549	-1.46946	-0.497836	1.60305	
-1.50859	-0.559925	2.61044	0.000189756	0.000190435	0.000340463	-1.44138	-0.508297	1.62304	
-1.52571	-0.526067	2.4009	0.000189733	0.000190582	0.000340373	-1.46868	-0.482413	1.59249	
-1.54081	-0.495904	2.2405	0.000189825	0.000190602	0.000340285	-1.49173	-0.463433	1.59064	
-1.54961	-0.465659	2.11236	0.000189998	0.000190531	0.000340201	-1.5102	-0.437415	1.59076	
-1.55722	-0.42489	2.00428	0.000190209	0.000190413	0.000340122	-1.5238	-0.38856	1.57835	
-1.57515	-0.383322	1.90126	0.000190426	0.000190277	0.000340051	-1.56868	-0.348846	1.5467	
-1.58067	-0.346297	1.84812	0.00019063	0.000190139	0.00033999	-1.57191	-0.31682	1.58189	
-1.59351	-0.300509	1.77391	0.000190802	0.000190026	0.000339936	-1.59534	-0.266923	1.54814	
-1.58757	-0.275339	1.69262	0.000190946	0.000189928	0.00033989	-1.58158	-0.267425	1.47988	
-1.5879	-0.262928	1.62835	0.000191064	0.000189843	0.000339854	-1.58428	-0.268951	1.43638	
-1.57418	-0.268879	1.58012	0.000191156	0.000189778	0.000339825	-1.56095	-0.305501	1.42621	
-1.56599	-0.253665	1.5345	0.000191223	0.000189732	0.000339801	-1.55234	-0.293008	1.41263	
-1.56948	-0.218064	1.49735	0.00019127	0.000189702	0.000339782	-1.56044	-0.230715	1.39586	
-1.57493	-0.194344	1.46506	0.000191302	0.000189685	0.000339767	-1.57912	-0.215167	1.37933	
-1.56385	-0.172819	1.44261	0.000191321	0.000189677	0.000339755	-1.558	-0.194333	1.38207	
-1.54305	-0.142469	1.41436	0.000191331	0.000189676	0.000339745	-1.51336	-0.153754	1.37251	
-1.53288	-0.118228	1.38171	0.000191334	0.00018968	0.000339737	-1.51483	-0.130826	1.34105	
-1.52639	-0.0728073	1.33951	0.000191331	0.000189688	0.000339731	-1.51805	-0.0593735	1.28466	
-1.50587	-0.0416474	1.30758	0.00019132	0.000189702	0.000339726	-1.48674	-0.0328712	1.26773	
-1.50527	-0.0092184	1.28429	0.000191304	0.00018972	0.000339723	-1.49965	0.000168539	1.25026	
-1.49511	0.0318002	1.27445	0.000191287	0.00018974	0.000339721	-1.48941	0.0440082	1.26418	
-1.49884	0.0624278	1.26594	0.000191271	0.000189758	0.000339718	-1.50481	0.0693137	1.2704	
-1.49427	0.0780985	1.22441	0.000191257	0.000189774	0.000339716	-1.50491	0.0724321	1.19364	
-1.5082	0.0979567	1.19926	0.000191236	0.000189796	0.000339715	-1.54108	0.0844893	1.16421	
-1.50407	0.121837	1.17551	0.000191212	0.00018982	0.000339714	-1.53312	0.106428	1.1435	
-1.50057	0.145192	1.12074	0.000191187	0.000189846	0.000339713	-1.53227	0.131763	1.06185	
-1.49916	0.170856	1.10821	0.000191149	0.000189882	0.000339714	-1.52609	0.155743	1.07695	
-1.50481	0.197917	1.10315	0.000191117	0.000189915	0.000339713	-1.54128	0.186319	1.09736	
-1.51393	0.222046	1.08999	0.000191091	0.000189942	0.000339713	-1.55118	0.214673	1.07366	
-1.52656	0.221466	1.08966	0.000191068	0.000189966	0.000339712	-1.57232	0.188493	1.09045	
-1.52142	0.268615	1.08592	0.00019105	0.000189985	0.000339712	-1.55061	0.271028	1.09825	
-1.48605	0.29905	1.07145	0.000191037	0.000189999	0.000339711	-1.48099	0.305079	1.08027	
-1.45044	0.331876	1.07476	0.000191021	0.000190015	0.00033971	-1.42381	0.347989	1.09901	
-1.41048	0.351395	1.05625	0.000191011	0.000190026	0.00033971	-1.36667	0.354936	1.06347	
-1.39761	0.379098	1.03979	0.000190997	0.00019004	0.000339709	-1.37234	0.384974	1.03948	
-1.3757	0.423016	1.02999	0.00019098	0.000190057	0.000339709	-1.35231	0.4453	1.03299	
-1.37582	0.441674	1.01134	0.000190964	0.000190074	0.000339709	-1.38126	0.444521	0.997122	
-1.34912	0.477434	0.996314	0.000190944	0.000190093	0.000339709	-1.34106	0.48571	0.98124	
-1.32776	0.490202	0.972239	0.000190923	0.000190114	0.000339709	-1.32423	0.475409	0.950833	
-1.32342	0.526743	0.96147	0.000190898	0.000190139	0.000339709	-1.33411	0.528353	0.946399	
-1.32333	0.540732	0.946803	0.000190874	0.000190163	0.000339709	-1.34272	0.536458	0.938872	
-1.30557	0.55342	0.927594	0.000190851	0.000190186	0.000339709	-1.31572	0.532309	0.920465	
-1.27886	0.563835	0.908455	0.000190825	0.000190212	0.000339709	-1.27693	0.536903	0.905109	
-1.2732	0.591965	0.904702	0.000190797	0.000190239	0.000339709	-1.28455	0.578118	0.919623	
-1.26833	0.607571	0.924444	0.000190775	0.000190262	0.000339709	-1.28403	0.588253	0.985101	
-1.24694	0.629546	0.90817	0.000190768	0.000190269	0.000339709	-1.26105	0.620037	0.948498	
-1.23659	0.663235	0.894788	0.000190756	0.000190282	0.000339709	-1.25488	0.665521	0.921998	
-1.22655	0.698728	0.901425	0.000190742	0.000190296	0.000339709	-1.24352	0.710858	0.938717	
-1.20121	0.716566	0.900462	0.000190734	0.000190304	0.000339709	-1.20287	0.710608	0.936383	
-1.16441	0.748032	0.888258	0.000190728	0.00019031	0.000339708	-1.14814	0.757745	0.916767	
-1.16141	0.78132	0.899144	0.000190719	0.00019032	0.000339708	-1.17017	0.797961	0.947743	
-1.15911	0.817826	0.892277	0.000190716	0.000190322	0.000339708	-1.17747	0.839059	0.924852	
-1.15253	0.834169	0.867612	0.000190712	0.000190327	0.000339708	-1.17489	0.838825	0.870643	
-1.12804	0.876184	0.855875	0.000190698	0.000190341	0.000339708	-1.13562	0.899574	0.855635	
-1.10837	0.912974	0.848547	0.000190682	0.000190356	0.000339708	-1.11641	0.937785	0.865042	
-1.07973	0.938851	0.821912	0.000190666	0.000190372	0.000339708	-1.0803	0.958842	0.825722	
-1.06957	0.981884	0.803177	0.000190643	0.000190395	0.000339708	-1.07806	1.01349	0.805795	
-1.06363	1.01241	0.796065	0.000190617	0.000190421	0.000339709	-1.08405	1.03817	0.808302	
-1.04712	1.04073	0.769079	0.000190594	0.000190443	0.000339709	-1.06134	1.06135	0.764968	
-1.0357	1.08375	0.763598	0.000190565	0.000190472	0.000339709	-1.05265	1.1249	0.767867	
-1.01804	1.11208	0.749202	0.000190541	0.000190496	0.000339709	-1.02872	1.14228	0.752552	
-1.00666	1.13685	0.737528	0.000190517	0.00019052	0.000339709	-1.0235	1.15753	0.737168	
-0.981634	1.16603	0.724468	0.000190494	0.000190543	0.000339709	-0.986458	1.19208	0.724646	
-0.975825	1.18428	0.722041	0.000190471	0.000190566	0.000339709	-0.992743	1.19927	0.730796	
-0.958737	1.21051	0.692539	0.000190453	0.000190584	0.000339709	-0.969815	1.22688	0.688616	
-0.93004	1.23328	0.673218	0.000190427	0.00019061	0.000339709	-0.938493	1.24674	0.679859	
-0.919343	1.26725	0.672848	0.000190399	0.000190638	0.000339709	-0.9347	1.29065	0.695559	
-0.871635	1.29218	0.657205	0.000190378	0.000190659	0.000339709	-0.857601	1.31472	0.676179	
-0.83343	1.32501	0.663745	0.000190356	0.000190681	0.000339709	-0.813908	1.35038	0.697583	
-0.805216	1.37493	0.674225	0.000190343	0.000190695	0.000339709	-0.784373	1.41756	0.728575	
-0.75325	1.40878	0.661624	0.000190338	0.0001907	0.000339709	-0.712175	1.45594	0.701655	
-0.719111	1.4313	0.635173	0.00019033	0.000190709	0.000339709	-0.686763	1.46465	0.647798	
-0.693987	1.46938	0.6264	0.000190312	0.000190726	0.000339709	-0.671283	1.50852	0.638777	
-0.663037	1.50391	0.622122	0.000190295	0.000190743	0.000339709	-0.633637	1.54188	0.630916	
-0.634794	1.52247	0.609417	0.00019028	0.000190758	0.000339709	-0.622607	1.54022	0.625421	
-0.601343	1.51506	0.587149	0.000190264	0.000190774	0.000339709	-0.588831	1.49369	0.59342	
-0.561774	1.51661	0.563369	0.000190242	0.000190795	0.000339709	-0.537259	1.48733	0.566726	
-0.53386	1.53614	0.54695	0.000190216	0.000190821	0.000339709	-0.515189	1.52272	0.550183	
-0.531463	1.54407	0.5431	0.00019019	0.000190847	0.000339709	-0.545964	1.52574	0.552037	
-0.482178	1.53774	0.51869	0.00019017	0.000190868	0.000339709	-0.47219	1.50631	0.522552	
-0.433774	1.55892	0.494162	0.000190145	0.000190892	0.000339709	-0.404489	1.54374	0.479745	
-0.377314	1.57085	0.471595	0.000190117	0.00019092	0.000339709	-0.339557	1.55958	0.451643	
-0.339477	1.57871	0.436136	0.000190087	0.000190949	0.00033971	-0.309305	1.56483	0.39081	
-0.303583	1.58959	0.41872	0.000190053	0.000190983	0.00033971	-0.281639	1.57737	0.388864	
-0.258301	1.59494	0.40913	0.000190021	0.000191014	0.00033971	-0.227566	1.58201	0.393815	
-0.22438	1.61523	0.375423	0.000189995	0.000191041	0.00033971	-0.20614	1.61398	0.343826	
-0.174614	1.63938	0.349788	0.000189964	0.000191071	0.000339711	-0.141844	1.65555	0.316972	
-0.135732	1.6818	0.345812	0.000189934	0.0001911	0.000339711	-0.108564	1.71931	0.331088	
-0.126363	1.70931	0.328958	0.000189912	0.000191124	0.000339711	-0.128903	1.75695	0.320463	
-0.104231	1.71883	0.312503	0.00018989	0.000191145	0.000339711	-0.109896	1.74683	0.307563	
-0.070703	1.7182	0.304318	0.00018987	0.000191166	0.00033971	-0.0691234	1.72223	0.313324	
-0.0328186	1.73176	0.300684	0.000189854	0.000191182	0.00033971	-0.0227085	1.74326	0.318374	
-0.017319	1.73699	0.309495	0.000189841	0.000191196	0.00033971	-0.0176178	1.73458	0.355454	
0.0219419	1.7563	0.295909	0.000189834	0.000191203	0.00033971	0.033723	1.76897	0.317183	
0.0535282	1.7704	0.295022	0.000189826	0.000191211	0.000339709	0.0529076	1.7779	0.321248	
0.0825434	1.78065	0.274904	0.00018982	0.000191218	0.000339709	0.0849432	1.78892	0.295995	
0.121594	1.80998	0.267275	0.000189811	0.000191227	0.000339709	0.131755	1.83808	0.273919	
0.154029	1.81231	0.241177	0.000189802	0.000191236	0.000339709	0.163215	1.82001	0.237733	
0.189131	1.81366	0.239638	0.00018979	0.000191248	0.000339709	0.198232	1.80287	0.25802	
0.207198	1.8318	0.251367	0.00018978	0.000191257	0.000339709	0.19901	1.83729	0.282313	
0.233429	1.84396	0.240539	0.000189776	0.000191262	0.000339709	0.222826	1.85353	0.264595	
0.26366	1.85371	0.218566	0.000189771	0.000191267	0.000339709	0.250745	1.86583	0.224776	
0.295898	1.87646	0.223848	0.000189763	0.000191275	0.000339708	0.287803	1.90215	0.254163	
0.337624	1.87462	0.217116	0.000189758	0.000191281	0.000339708	0.34665	1.87926	0.251517	
0.386861	1.89383	0.199741	0.000189753	0.000191286	0.000339708	0.420912	1.91129	0.219396	
0.429572	1.90882	0.186312	0.000189746	0.000191292	0.000339708	0.465751	1.92982	0.189191	
0.460324	1.92318	0.189409	0.000189738	0.0001913	0.000339708	0.486237	1.94787	0.208016	
0.516845	1.93691	0.192522	0.000189734	0.000191305	0.000339708	0.556013	1.95745	0.23237	
0.562097	1.95007	0.1705	0.000189731	0.000191308	0.000339708	0.601058	1.96745	0.189163	
0.615739	1.9381	0.154724	0.000189725	0.000191313	0.000339708	0.665516	1.93147	0.176776	
0.684922	1.94665	0.123763	0.000189718	0.00019132	0.000339708	0.755057	1.94026	0.134404	
0.74154	1.95052	0.103592	0.000189709	0.000191329	0.000339709	0.809698	1.95199	0.102519	
0.78581	1.96124	0.108467	0.0001897	0.000191337	0.000339709	0.841043	1.96897	0.133775	
0.823665	1.96762	0.090533	0.000189694	0.000191343	0.000339709	0.868875	1.96756	0.10324	
0.867342	1.97884	0.075273	0.000189688	0.000191349	0.000339709	0.908849	1.9916	0.0921831	
0.889239	1.98076	0.0741725	0.000189683	0.000191354	0.000339709	0.9021	1.98492	0.100589	
0.931812	1.99993	0.0572564	0.000189679	0.000191358	0.000339709	0.952964	2.02915	0.0701763	
0.990971	2.02697	0.0427772	0.000189675	0.000191362	0.000339709	1.03331	2.06928	0.053305	
1.02247	2.02758	0.0227282	0.000189672	0.000191366	0.000339709	1.04982	2.04989	0.0169428	
1.05797	2.04051	-0.00679741	0.000189668	0.000191369	0.000339709	1.09042	2.06932	-0.0279524	
1.10385	2.05011	-0.0283235	0.000189665	0.000191371	0.000339709	1.14052	2.07359	-0.0553994	
1.1468	2.06987	-0.038186	0.000189663	0.000191373	0.00033971	1.17575	2.09724	-0.0549934	
1.1832	2.04901	-0.0336123	0.000189663	0.000191374	0.00033971	1.19962	2.039	-0.00936959	
1.21226	2.04409	-0.0494365	0.000189663	0.000191374	0.00033971	1.2198	2.03902	-0.0326058	
1.25335	2.03719	-0.084271	0.000189663	0.000191374	0.000339709	1.27676	2.03009	-0.0909509	
1.29355	2.02885	-0.109356	0.000189665	0.000191372	0.000339709	1.32011	2.01822	-0.122334	
1.33552	2.03019	-0.138019	0.000189668	0.000191368	0.00033971	1.36029	2.02791	-0.164419	
1.38395	2.0344	-0.157015	0.000189674	0.000191362	0.00033971	1.41734	2.04333	-0.17888	
1.40695	2.04176	-0.174005	0.000189681	0.000191354	0.00033971	1.41863	2.05187	-0.19281	
1.43279	2.03631	-0.190209	0.000189689	0.000191347	0.00033971	1.43208	2.05119	-0.198977	
1.46849	2.05703	-0.209047	0.000189698	0.000191338	0.00033971	1.47858	2.09671	-0.218363	
1.49817	2.05709	-0.228567	0.000189707	0.000191328	0.00033971	1.50848	2.08412	-0.230724	
