0.00921162	0.0669581	0.0541714	0.00090909	0.00090909	0.00179487	0.0222783	0.0248711	0.0331304	
0.0648568	0.0795185	0.0415242	0.000466711	0.000466905	0.000916628	0.0658584	0.0517843	0.0279897	
0.10669	0.0377013	0.108482	0.000329456	0.000329944	0.000640339	0.105181	0.0141871	0.107504	
0.131286	0.0313021	0.0806862	0.000267716	0.000268477	0.000513536	0.126063	0.0224404	0.0582496	
0.183635	0.0410601	0.078823	0.000235439	0.000236436	0.000445526	0.187029	0.0435586	0.0819664	
0.202256	0.0424476	0.0872448	0.000217236	0.000218426	0.000405995	0.193839	0.0527308	0.0868349	
0.229291	0.0371327	0.121124	0.00020653	0.000207869	0.000381939	0.216541	0.030427	0.137025	
0.257559	0.0184947	0.105437	0.00020008	0.000201524	0.000366891	0.24732	0.000316439	0.175921	
0.289885	0.0435351	0.149399	0.000196135	0.000197657	0.000357317	0.285639	0.0553002	0.204294	
0.317884	0.0594439	0.165584	0.000193704	0.000195272	0.00035116	0.314871	0.083315	0.198086	
0.365868	0.0724127	0.200175	0.000192199	0.000193792	0.000347174	0.379089	0.0926675	0.23839	
0.392761	0.0738894	0.199292	0.000191267	0.000192866	0.000344583	0.403143	0.079526	0.215817	
0.415684	0.0867309	0.229538	0.000190688	0.000192287	0.000342893	0.413151	0.0871622	0.246747	
0.433721	0.0912912	0.260668	0.000190332	0.000191919	0.000341791	0.418494	0.0876764	0.284004	
0.453572	0.0966958	0.285049	0.000190117	0.000191681	0.00034107	0.431229	0.0945272	0.307221	
0.462458	0.119182	0.295504	0.00018999	0.000191524	0.000340599	0.4217	0.133492	0.30409	
0.506612	0.131936	0.305623	0.000189916	0.00019142	0.000340291	0.496874	0.145953	0.303181	
0.53191	0.149078	0.319161	0.000189874	0.000191351	0.00034009	0.526368	0.171248	0.315196	
0.559164	0.167238	0.346575	0.000189853	0.000191302	0.000339958	0.558551	0.187686	0.358069	
0.578551	0.165847	0.377535	0.000189848	0.000191263	0.000339872	0.566722	0.167492	0.410323	
0.593302	0.185545	0.416555	0.000189856	0.000191226	0.000339816	0.574129	0.190765	0.453923	
0.613206	0.194467	0.451688	0.000189876	0.000191188	0.00033978	0.597528	0.192695	0.496472	
0.640672	0.202644	0.488482	0.000189904	0.000191148	0.000339756	0.631772	0.201566	0.549367	
0.655733	0.217732	0.524911	0.000189939	0.000191105	0.000339741	0.633342	0.219527	0.579327	
0.689933	0.238979	0.56183	0.000189979	0.00019106	0.000339732	0.678687	0.244827	0.616368	
0.710197	0.270211	0.589643	0.000190024	0.000191011	0.000339726	0.700683	0.28953	0.620201	
0.741038	0.293154	0.592981	0.00019007	0.000190964	0.000339722	0.73829	0.31288	0.592831	
0.763989	0.305758	0.633155	0.000190106	0.000190928	0.000339719	0.761107	0.30871	0.662724	
0.776803	0.326439	0.542592	0.000190149	0.000190884	0.000339717	0.752031	0.345044	0.658464	
0.804678	0.333569	0.573433	0.000190144	0.00019089	0.000339715	0.798377	0.329861	0.665259	
0.820335	0.341327	0.582945	0.000190151	0.000190884	0.000339714	0.808624	0.329728	0.620949	
0.859606	0.372885	0.606045	0.00019016	0.000190876	0.000339712	0.86472	0.383286	0.63515	
0.876809	0.406138	0.520342	0.000190176	0.000190861	0.000339711	0.867088	0.435478	0.630238	
0.915138	0.417083	0.545129	0.000190153	0.000190883	0.000339711	0.921261	0.430949	0.623641	
0.927826	0.440102	0.580357	0.000190144	0.000190892	0.00033971	0.912202	0.459514	0.651937	
0.941866	0.465244	0.60263	0.000190152	0.000190885	0.00033971	0.920309	0.483858	0.657021	
0.972107	0.475	0.511705	0.000190168	0.000190869	0.00033971	0.955383	0.486666	0.672924	
0.988005	0.488006	0.549368	0.000190143	0.000190894	0.00033971	0.964039	0.493297	0.668909	
1.01665	0.514799	0.592429	0.000190139	0.000190899	0.00033971	1.00214	0.530548	0.69031	
1.03929	0.550715	0.633777	0.000190153	0.000190884	0.000339709	1.02697	0.578289	0.72476	
1.05209	0.570222	0.541694	0.000190181	0.000190855	0.00033971	1.03106	0.599058	0.777016	
1.0674	0.61538	0.612008	0.000190165	0.000190871	0.00033971	1.0489	0.654254	0.804412	
1.0705	0.648482	0.659591	0.000190181	0.000190855	0.00033971	1.04236	0.683899	0.809231	
1.07781	0.680297	0.564556	0.000190214	0.000190822	0.00033971	1.03803	0.722723	0.766123	
1.07591	0.731086	0.614679	0.000190199	0.000190837	0.00033971	1.02987	0.793401	0.76314	
1.09133	0.779049	0.65909	0.000190208	0.000190829	0.00033971	1.0582	0.850136	0.783593	
1.1131	0.819381	0.71227	0.000190233	0.000190803	0.00033971	1.10182	0.875869	0.818512	
1.14985	0.852681	0.747205	0.000190275	0.000190759	0.000339711	1.15259	0.899155	0.835484	
1.16877	0.909693	0.79187	0.000190323	0.00019071	0.000339711	1.17194	0.968241	0.860175	
1.18431	0.933628	0.830732	0.000190379	0.000190653	0.000339712	1.18371	0.962881	0.896294	
1.19367	0.961851	0.703627	0.000190438	0.000190592	0.000339713	1.17363	1.00009	0.881504	
1.2202	0.979801	0.743037	0.000190427	0.000190605	0.000339713	1.21851	0.997914	0.876083	
1.24313	0.997603	0.793588	0.000190434	0.0001906	0.000339713	1.24222	1.00655	0.909535	
1.25035	1.02675	0.832177	0.000190461	0.000190574	0.000339712	1.23397	1.04104	0.924845	
1.27125	1.03261	0.856676	0.000190498	0.000190536	0.000339712	1.26023	1.02586	0.922975	
1.29171	1.07921	0.877205	0.000190537	0.000190497	0.000339712	1.28589	1.10454	0.916631	
1.30758	1.11363	0.894493	0.000190576	0.000190458	0.000339712	1.30251	1.14322	0.957892	
1.32194	1.15613	0.899337	0.000190612	0.000190422	0.000339712	1.30999	1.19175	0.925108	
1.33305	1.19399	0.914556	0.000190642	0.000190394	0.000339711	1.31691	1.22965	0.934522	
1.37195	1.20605	0.932173	0.000190669	0.000190366	0.000339711	1.38019	1.21067	0.944472	
1.38088	1.23725	0.942635	0.000190697	0.000190338	0.000339711	1.37846	1.24788	0.947095	
1.40196	1.28126	0.951102	0.000190723	0.000190314	0.00033971	1.39857	1.30996	0.941153	
1.4341	1.32713	0.953088	0.000190745	0.000190292	0.00033971	1.44126	1.36582	0.925811	
1.45217	1.37209	0.805385	0.000190762	0.000190276	0.00033971	1.44767	1.42528	0.979328	
1.45998	1.41694	0.843826	0.000190707	0.000190326	0.000339711	1.44454	1.47687	0.971575	
1.48305	1.45211	0.892759	0.000190682	0.000190351	0.000339712	1.47599	1.50686	1.00159	
1.4899	1.49503	0.759328	0.000190686	0.000190349	0.000339711	1.46397	1.54991	0.992037	
1.50959	1.53021	0.648208	0.000190628	0.000190404	0.000339712	1.48191	1.58767	0.996887	
1.52015	1.56775	0.730696	0.00019053	0.000190493	0.000339716	1.48457	1.6191	1.00357	
1.53114	1.61505	0.625749	0.000190497	0.000190529	0.000339717	1.48223	1.68558	1.06142	
1.52863	1.6653	0.717987	0.000190426	0.000190599	0.000339717	1.4692	1.73357	1.05565	
1.54546	1.69212	0.791621	0.000190415	0.000190613	0.000339717	1.50538	1.73664	1.05465	
1.54949	1.7403	0.858371	0.000190441	0.000190588	0.000339716	1.50886	1.78472	1.06206	
1.54403	1.78273	0.929352	0.000190492	0.000190536	0.000339716	1.49401	1.82816	1.10607	
1.54996	1.81228	0.998297	0.000190562	0.000190463	0.000339717	1.51557	1.83843	1.15856	
1.55662	1.83558	0.846064	0.000190645	0.000190376	0.000339719	1.51504	1.85861	1.18484	
1.56333	1.88397	0.938166	0.000190645	0.00019038	0.000339719	1.53153	1.9182	1.21576	
1.56542	1.94586	1.00707	0.000190682	0.000190346	0.000339718	1.53566	2.00765	1.22888	
1.56702	1.97683	1.06686	0.000190737	0.00019029	0.000339717	1.53436	2.01896	1.24321	
1.59481	2.01745	0.903139	0.000190802	0.000190223	0.000339718	1.56913	2.07384	1.25473	
1.59351	2.04891	0.768597	0.000190785	0.000190243	0.000339717	1.53669	2.10155	1.2853	
1.58662	2.07545	0.888681	0.000190705	0.000190315	0.00033972	1.52377	2.11527	1.31232	
1.58325	2.13861	0.991987	0.0001907	0.000190325	0.000339719	1.52732	2.20027	1.34161	
1.6055	2.16533	0.848234	0.00019074	0.000190285	0.000339719	1.55117	2.21772	1.33939	
1.59621	2.20433	0.950837	0.000190711	0.000190317	0.000339718	1.53448	2.24683	1.34412	
1.58696	2.24557	1.04275	0.000190733	0.000190297	0.000339716	1.52019	2.28705	1.35348	
1.58799	2.28776	1.12178	0.000190787	0.000190241	0.000339716	1.53177	2.33345	1.37921	
1.58879	2.30498	1.18811	0.000190857	0.000190166	0.000339718	1.54646	2.31583	1.39279	
1.60631	2.32805	1.21875	0.000190933	0.000190086	0.00033972	1.58832	2.32104	1.36665	
1.61453	2.3582	1.25138	0.000191	0.000190019	0.000339722	1.60908	2.35703	1.35937	
1.60506	2.37841	1.27859	0.00019106	0.00018996	0.000339722	1.58425	2.36631	1.35605	
1.60459	2.41268	1.30593	0.00019111	0.000189912	0.000339722	1.58467	2.41132	1.36773	
1.59309	2.44644	1.34492	0.000191154	0.00018987	0.000339721	1.55554	2.45323	1.41661	
1.60059	2.46701	1.37656	0.000191194	0.000189831	0.00033972	1.57639	2.45544	1.43033	
1.60224	2.50246	1.38792	0.000191229	0.000189798	0.000339719	1.58706	2.50486	1.40401	
1.60722	2.51356	1.42645	0.000191256	0.000189772	0.000339717	1.59402	2.4888	1.46405	
1.60312	2.55264	1.43707	0.000191281	0.000189748	0.000339716	1.58896	2.54443	1.45699	
1.60279	2.58842	1.21262	0.000191301	0.00018973	0.000339715	1.56674	2.5925	1.51022	
1.60923	2.62681	1.27426	0.000191267	0.000189756	0.000339718	1.58371	2.6381	1.50693	
1.60215	2.66481	1.34704	0.000191257	0.000189769	0.000339718	1.57789	2.67722	1.54114	
1.59842	2.69076	1.39595	0.000191266	0.000189763	0.000339717	1.57721	2.69335	1.55239	
1.58261	2.71795	1.43056	0.000191281	0.000189749	0.000339716	1.54492	2.718	1.54429	
1.58733	2.73459	1.45942	0.000191298	0.000189732	0.000339715	1.56865	2.71906	1.55072	
1.60131	2.77336	1.22802	0.000191315	0.000189717	0.000339714	1.57494	2.78231	1.55939	
1.59793	2.82708	1.31132	0.000191281	0.000189743	0.000339717	1.56303	2.85327	1.5808	
1.59522	2.871	1.1083	0.000191276	0.000189752	0.000339717	1.54118	2.90449	1.66639	
1.58283	2.91704	0.948156	0.000191211	0.000189805	0.000339721	1.4998	2.96086	1.70021	
1.56613	2.94008	1.10567	0.000191094	0.000189902	0.00033973	1.48844	2.96196	1.71264	
1.55807	3.00239	1.25717	0.000191071	0.000189934	0.000339732	1.49667	3.0448	1.76636	
1.56459	3.046	1.36058	0.000191104	0.000189906	0.000339731	1.52868	3.08836	1.76692	
1.54212	3.08632	1.44808	0.000191154	0.000189854	0.000339731	1.48834	3.11549	1.76656	
1.53949	3.13064	1.51809	0.000191207	0.000189797	0.000339733	1.50148	3.1642	1.77236	
1.54322	3.1612	1.57607	0.000191253	0.000189748	0.000339735	1.51928	3.18182	1.77984	
1.53565	3.20515	1.61924	0.000191289	0.000189712	0.000339736	1.5151	3.22973	1.77436	
1.54	3.24718	1.65146	0.000191314	0.000189689	0.000339735	1.53314	3.26815	1.76026	
1.54369	3.28569	1.38777	0.000191331	0.000189677	0.000339734	1.51167	3.30796	1.74012	
1.5449	3.3123	1.47925	0.00019133	0.000189677	0.000339733	1.51384	3.32138	1.77523	
1.56124	3.33697	1.24559	0.00019134	0.000189676	0.00033973	1.5282	3.34125	1.75378	
1.56413	3.34746	1.06071	0.000191304	0.000189701	0.000339732	1.50815	3.32998	1.75257	
1.54386	3.35967	1.212	0.000191212	0.000189768	0.000339742	1.47256	3.33256	1.77081	
1.52489	3.38412	1.31379	0.000191196	0.000189798	0.000339742	1.45984	3.36273	1.74439	
1.49763	3.41964	1.40189	0.000191211	0.000189793	0.000339739	1.42137	3.41644	1.73434	
1.48795	3.43671	1.49439	0.000191241	0.000189768	0.000339735	1.43439	3.41738	1.77232	
1.47484	3.47826	1.57051	0.000191275	0.000189734	0.000339733	1.43065	3.46862	1.80391	
1.45017	3.51998	1.6514	0.000191303	0.000189704	0.000339733	1.39975	3.52303	1.85315	
1.43318	3.56563	1.72335	0.000191322	0.000189682	0.000339734	1.39398	3.58611	1.90413	
1.38793	3.60416	1.79076	0.000191328	0.000189674	0.000339735	1.32857	3.62483	1.95799	
1.35548	3.64186	1.85376	0.000191321	0.00018968	0.000339736	1.29789	3.66614	2.00206	
1.33527	3.67023	1.90269	0.000191301	0.0001897	0.000339736	1.28937	3.68395	2.02984	
1.30053	3.7084	1.9635	0.000191272	0.000189731	0.000339736	1.24956	3.72415	2.09454	
1.26475	3.72978	2.01928	0.000191232	0.000189772	0.000339735	1.21044	3.73042	2.13542	
1.25727	3.75717	1.68636	0.000191183	0.000189824	0.000339734	1.20327	3.74416	2.12092	
1.24839	3.7842	1.76337	0.000191223	0.000189777	0.000339736	1.20533	3.77757	2.09863	
1.23683	3.81078	1.84945	0.000191247	0.000189762	0.000339734	1.21442	3.80117	2.11722	
1.22012	3.8216	1.92102	0.000191249	0.000189768	0.00033973	1.1991	3.79934	2.14665	
1.21008	3.85898	1.96878	0.00019123	0.00018979	0.000339726	1.20413	3.85943	2.13903	
1.19458	3.89657	2.02246	0.0001912	0.000189822	0.000339724	1.19108	3.90884	2.15942	
1.18114	3.93276	2.06458	0.000191159	0.000189863	0.000339722	1.17678	3.95017	2.17688	
1.19304	3.9596	2.10583	0.000191112	0.00018991	0.000339722	1.22635	3.96773	2.20246	
1.1987	3.98565	2.14373	0.000191061	0.000189962	0.000339721	1.23644	3.98778	2.23055	
1.18854	4.02068	2.19254	0.000191007	0.000190016	0.00033972	1.22336	4.03375	2.28199	
1.18458	4.05563	2.23438	0.000190947	0.000190077	0.00033972	1.21908	4.07161	2.31487	
1.17717	4.06666	2.24821	0.000190883	0.00019014	0.00033972	1.21336	4.0605	2.29412	
1.16011	4.09536	2.27574	0.000190831	0.000190195	0.000339719	1.19101	4.09168	2.31803	
1.1489	4.12735	2.32025	0.00019078	0.000190247	0.000339718	1.17877	4.13218	2.38302	
1.11691	4.165	2.36696	0.000190722	0.000190305	0.000339718	1.12611	4.19097	2.43014	
1.08592	4.19479	2.38895	0.000190658	0.000190369	0.000339717	1.07724	4.21343	2.43216	
1.07987	4.23707	1.99614	0.000190601	0.000190427	0.000339717	1.05621	4.2368	2.50084	
1.07364	4.28581	1.67615	0.000190713	0.000190286	0.000339727	1.03345	4.28322	2.51509	
1.04011	4.30339	1.85428	0.000190873	0.000190057	0.000339758	0.986577	4.28655	2.5305	
1.02704	4.34371	1.56261	0.000190975	0.000189972	0.000339767	0.952252	4.33035	2.52487	
1.02016	4.36058	1.74757	0.000191086	0.000189842	0.00033978	0.974677	4.34179	2.50924	
0.986955	4.36462	1.9232	0.000191157	0.000189797	0.000339776	0.938323	4.32654	2.56083	
0.960798	4.36308	2.09117	0.000191169	0.000189803	0.000339768	0.920056	4.31212	2.63647	
0.953442	4.38286	1.75807	0.000191115	0.000189858	0.000339764	0.897963	4.32645	2.68477	
0.944532	4.38683	1.93807	0.000191166	0.000189816	0.000339758	0.909137	4.32419	2.68038	
0.922114	4.40204	2.09154	0.000191166	0.000189831	0.00033975	0.897131	4.34211	2.68792	
0.912686	4.42112	2.21453	0.00019111	0.000189888	0.000339745	0.907933	4.38094	2.69723	
0.891386	4.4403	2.32849	0.000191013	0.000189979	0.000339745	0.885849	4.40131	2.72488	
0.840821	4.45127	2.39865	0.000190885	0.000190098	0.000339748	0.813112	4.41076	2.69717	
0.810333	4.46591	2.46991	0.000190756	0.000190224	0.00033975	0.78495	4.43796	2.70719	
0.761985	4.48272	2.54133	0.000190629	0.000190353	0.000339751	0.728017	4.46621	2.74297	
0.727004	4.50298	2.58321	0.000190502	0.000190481	0.000339751	0.694835	4.4871	2.73037	
0.677472	4.53508	2.64794	0.000190393	0.000190596	0.000339749	0.629748	4.53926	2.8021	
0.642753	4.57281	2.2121	0.000190287	0.000190706	0.000339746	0.574872	4.55977	2.75434	
0.614552	4.61245	1.86174	0.000190387	0.00019059	0.000339751	0.539277	4.58555	2.77609	
0.583484	4.61437	2.04299	0.000190582	0.000190326	0.000339779	0.522006	4.56709	2.75704	
0.543483	4.63462	2.21549	0.000190701	0.00019023	0.000339785	0.482888	4.60295	2.82124	
0.517453	4.66241	2.34616	0.000190725	0.000190232	0.000339778	0.474857	4.64986	2.83887	
0.49413	4.67477	1.97423	0.000190679	0.000190293	0.000339769	0.431144	4.62422	2.86468	
0.474558	4.68715	2.15825	0.000190787	0.000190184	0.000339765	0.433287	4.64404	2.87398	
0.429258	4.71188	2.30856	0.000190809	0.00019018	0.000339756	0.375994	4.68438	2.88727	
0.393008	4.72157	2.43114	0.000190756	0.00019024	0.000339749	0.354184	4.69408	2.88867	
0.349339	4.72394	2.54182	0.000190654	0.00019034	0.000339746	0.307245	4.6948	2.92817	
0.333747	4.75198	2.12892	0.000190523	0.000190465	0.000339747	0.283791	4.71061	2.89337	
0.297667	4.76466	2.30426	0.000190605	0.000190379	0.000339749	0.250514	4.72525	2.93566	
0.26457	4.77104	2.43218	0.000190606	0.000190392	0.000339745	0.22967	4.73578	2.93414	
0.219171	4.76857	2.54381	0.000190547	0.000190457	0.00033974	0.181365	4.7319	2.93489	
0.170071	4.77499	2.62594	0.000190449	0.000190554	0.000339738	0.126864	4.74785	2.94053	
0.125502	4.80278	2.69297	0.000190339	0.000190661	0.000339738	0.0873359	4.80093	2.94023	
0.0954488	4.83603	2.25169	0.000190231	0.000190768	0.000339739	0.0430997	4.81088	2.95287	
0.046184	4.84351	1.90154	0.000190329	0.000190653	0.000339745	-0.0419818	4.77737	2.95269	
0.0118055	4.84378	2.09976	0.000190526	0.000190386	0.000339774	-0.0648959	4.77894	2.93026	
-0.0242414	4.84417	2.26814	0.000190639	0.000190297	0.00033978	-0.0878976	4.78362	2.9314	
-0.0566165	4.85475	2.41484	0.000190656	0.000190304	0.000339774	-0.104223	4.80601	2.94717	
-0.0785017	4.8829	2.02672	0.000190596	0.000190376	0.000339767	-0.145702	4.82502	2.93127	
-0.129982	4.90292	2.22253	0.000190706	0.000190265	0.000339764	-0.198397	4.85835	2.95482	
-0.160007	4.90505	2.37972	0.000190721	0.000190267	0.000339756	-0.209936	4.85475	2.96574	
-0.188407	4.91681	2.51747	0.000190658	0.000190337	0.00033975	-0.223957	4.87365	3.01078	
-0.21741	4.91654	2.63391	0.00019054	0.000190449	0.000339748	-0.227762	4.87117	3.04324	
-0.255254	4.92549	2.72495	0.000190398	0.000190583	0.00033975	-0.276064	4.89716	3.04372	
-0.267813	4.94518	2.28552	0.000190257	0.000190719	0.000339753	-0.294506	4.88676	3.06217	
-0.305448	4.94073	2.43983	0.000190334	0.000190638	0.000339756	-0.336925	4.88034	3.05933	
-0.338284	4.91888	2.57578	0.000190343	0.000190646	0.000339752	-0.36398	4.84533	3.06829	
-0.384197	4.9198	2.67508	0.000190291	0.000190707	0.000339746	-0.420514	4.85452	3.06321	
-0.396567	4.93892	2.77455	0.000190209	0.000190792	0.000339742	-0.393621	4.91327	3.10121	
-0.433945	4.94764	2.86261	0.000190109	0.000190889	0.000339741	-0.443444	4.93105	3.13803	
-0.470199	4.96803	2.39754	0.000190008	0.000190987	0.000339741	-0.503894	4.92334	3.15381	
-0.505394	4.97494	2.55531	0.000190094	0.000190883	0.000339748	-0.538323	4.93551	3.17196	
-0.559396	4.95927	2.68212	0.000190118	0.000190874	0.000339746	-0.600683	4.89823	3.16333	
-0.585742	4.96868	2.76466	0.000190086	0.000190916	0.000339742	-0.606011	4.92815	3.13098	
-0.624805	4.95162	2.86801	0.00019003	0.000190976	0.000339738	-0.645194	4.90571	3.18099	
-0.651415	4.93837	2.95658	0.000189955	0.00019105	0.000339736	-0.659847	4.88765	3.22014	
-0.692869	4.93017	3.03608	0.000189877	0.000191124	0.000339737	-0.714911	4.89215	3.26544	
-0.715453	4.90982	3.11051	0.000189808	0.00019119	0.000339738	-0.718808	4.86094	3.31426	
-0.744984	4.88894	3.15595	0.000189752	0.000191244	0.00033974	-0.746301	4.83706	3.30499	
-0.773686	4.86668	3.20394	0.000189714	0.000191284	0.00033974	-0.775303	4.81442	3.3271	
-0.787634	4.8954	2.6727	0.000189691	0.000191311	0.000339738	-0.785098	4.83833	3.3457	
-0.82261	4.90258	2.25218	0.000189723	0.000191237	0.000339753	-0.842323	4.80123	3.36056	
-0.842608	4.92638	1.90881	0.000189879	0.000190972	0.0003398	-0.876049	4.81784	3.34646	
-0.853249	4.95145	1.62303	0.000190144	0.000190593	0.000339867	-0.904731	4.84158	3.3384	
-0.881971	4.94418	1.95023	0.000190434	0.000190224	0.00033993	-0.935558	4.83408	3.31427	
-0.920273	4.93451	2.2349	0.00019063	0.000190111	0.000339933	-0.968811	4.8229	3.35191	
-0.94299	4.91894	2.46712	0.000190673	0.000190135	0.00033991	-0.964134	4.81412	3.37041	
-0.96468	4.90263	2.67244	0.000190585	0.000190253	0.000339887	-0.957175	4.80393	3.43021	
-0.968976	4.91099	2.2455	0.000190413	0.000190431	0.000339874	-0.974161	4.80147	3.44965	
-0.975828	4.91762	1.90036	0.000190478	0.000190412	0.00033985	-1.00031	4.78896	3.43851	
-0.98783	4.90801	1.62675	0.000190647	0.000190231	0.000339842	-1.04684	4.76103	3.48033	
-1.02475	4.89608	2.01188	0.000190831	0.000190008	0.000339852	-1.08266	4.75593	3.53177	
-1.07903	4.85629	2.29694	0.000190903	0.000189986	0.000339839	-1.13412	4.69383	3.50427	
-1.1369	4.84448	2.53362	0.000190833	0.00019007	0.000339827	-1.1915	4.70886	3.49114	
-1.15444	4.84224	2.13939	0.000190655	0.000190235	0.000339825	-1.21365	4.69396	3.48607	
-1.19129	4.81465	2.39627	0.000190704	0.000190221	0.000339812	-1.23322	4.66414	3.46227	
-1.22841	4.79135	2.64069	0.000190634	0.000190313	0.000339796	-1.25294	4.66252	3.53505	
-1.26341	4.76528	2.82555	0.00019046	0.000190477	0.000339792	-1.27261	4.64762	3.53734	
-1.29473	4.74261	2.96902	0.000190253	0.000190665	0.000339797	-1.29316	4.63646	3.53644	
-1.32864	4.74405	2.48976	0.000190062	0.000190842	0.000339804	-1.35048	4.61457	3.51706	
-1.36471	4.71246	2.68117	0.000190096	0.000190829	0.0003398	-1.38218	4.58971	3.48128	
-1.40185	4.67347	2.86134	0.000190065	0.00019089	0.000339788	-1.41289	4.55592	3.51531	
-1.42207	4.63339	3.00883	0.00018998	0.000190986	0.000339777	-1.41752	4.51562	3.53342	
-1.43972	4.5896	3.1464	0.000189879	0.000191085	0.000339772	-1.41307	4.46669	3.5879	
-1.45398	4.53105	3.26198	0.000189788	0.000191168	0.000339772	-1.41857	4.40169	3.63069	
-1.47056	4.5111	3.34832	0.000189726	0.000191224	0.000339774	-1.43834	4.41545	3.63037	
-1.48058	4.4706	3.4169	0.000189699	0.000191251	0.000339775	-1.43699	4.38339	3.6387	
-1.50308	4.45418	3.47425	0.000189701	0.000191255	0.000339774	-1.47334	4.39636	3.65498	
-1.53097	4.46755	2.8994	0.000189723	0.000191242	0.00033977	-1.49889	4.3876	3.67795	
-1.54082	4.45867	3.09306	0.00018968	0.000191252	0.00033978	-1.50502	4.40344	3.75887	
-1.55849	4.46763	3.23719	0.000189672	0.000191284	0.000339776	-1.52274	4.44683	3.77621	
-1.57264	4.46298	3.36509	0.00018967	0.000191306	0.000339766	-1.53433	4.4613	3.80802	
-1.59938	4.45091	3.47325	0.000189679	0.000191305	0.000339759	-1.57249	4.4535	3.84292	
-1.61475	4.42694	3.5465	0.000189708	0.000191277	0.000339755	-1.58331	4.41121	3.83908	
-1.63772	4.38616	3.6177	0.000189754	0.000191232	0.000339752	-1.61336	4.35275	3.84972	
-1.66306	4.35333	3.68559	0.000189816	0.000191173	0.00033975	-1.65046	4.31299	3.87705	
-1.68389	4.32887	3.71587	0.00018989	0.000191101	0.000339748	-1.66927	4.29372	3.84874	
-1.7108	4.29085	3.78192	0.000189961	0.000191035	0.000339745	-1.70183	4.25723	3.91985	
-1.71914	4.26383	3.83204	0.000190043	0.000190957	0.000339741	-1.70447	4.22857	3.94829	
-1.72855	4.2522	3.87436	0.000190126	0.000190878	0.000339739	-1.70083	4.23972	3.97496	
-1.74284	4.24531	3.93193	0.000190208	0.0001908	0.000339736	-1.7112	4.25659	4.02797	
-1.77028	4.2612	3.28013	0.000190295	0.000190715	0.000339733	-1.71333	4.24953	4.03156	
-1.78389	4.23707	3.4273	0.000190073	0.000190859	0.00033976	-1.73681	4.21555	4.01564	
-1.82315	4.20491	3.54415	0.000189986	0.000190958	0.00033977	-1.80251	4.17072	4.00936	
-1.83797	4.19176	3.64132	0.000189964	0.000191004	0.000339766	-1.81569	4.16602	4.01351	
-1.86389	4.17229	3.73256	0.000189981	0.000191004	0.000339758	-1.85419	4.14828	4.0459	
-1.89302	4.15912	3.11941	0.000190031	0.000190963	0.000339751	-1.8559	4.08744	4.02508	
-1.93999	4.15817	2.62073	0.000189866	0.000191066	0.00033977	-1.90859	4.04862	4.02093	
-1.95357	4.12831	2.91315	0.000189737	0.000191041	0.000339836	-1.92423	4.02214	4.0612	
-1.97181	4.10246	3.12604	0.000189716	0.000191106	0.000339854	-1.9346	4.01532	4.02568	
-2.0159	4.06091	3.30496	0.000189696	0.000191179	0.000339844	-2.00903	3.97036	4.01995	
-2.03619	4.01044	3.45063	0.000189682	0.000191224	0.000339828	-2.01789	3.91319	4.01459	
-2.06312	3.96833	3.59871	0.000189693	0.000191227	0.000339815	-2.04572	3.88725	4.07651	
-2.09888	3.93274	3.69549	0.000189743	0.00019118	0.000339807	-2.09465	3.86168	4.06639	
-2.1265	3.90762	3.77474	0.000189824	0.000191105	0.0003398	-2.12573	3.85761	4.06418	
-2.13661	3.88567	3.86631	0.000189926	0.000191013	0.000339794	-2.114	3.85765	4.13634	
-2.16581	3.90318	3.22695	0.000190045	0.000190901	0.000339787	-2.12062	3.86113	4.14758	
-2.17608	3.88606	3.40554	0.000189903	0.000191007	0.000339797	-2.12948	3.84911	4.12657	
-2.20785	3.8902	2.85279	0.000189866	0.000191073	0.000339792	-2.15486	3.81819	4.1489	
-2.23509	3.87589	3.11664	0.000189739	0.000191119	0.000339818	-2.19761	3.81917	4.17659	
-2.27824	3.87286	3.32547	0.000189708	0.000191189	0.000339818	-2.2601	3.84074	4.17334	
-2.30816	3.90296	2.78985	0.000189702	0.000191228	0.000339805	-2.28282	3.85477	4.1832	
-2.32495	3.8728	3.06157	0.000189684	0.000191218	0.000339809	-2.29762	3.81063	4.18089	
-2.35376	3.86497	3.29439	0.000189679	0.000191258	0.000339798	-2.32468	3.82575	4.21587	
-2.38716	3.82781	3.46891	0.00018967	0.000191282	0.000339787	-2.36617	3.78518	4.19742	
-2.44432	3.84027	2.90514	0.000189686	0.000191263	0.000339783	-2.44141	3.77086	4.20057	
-2.47092	3.79306	3.17126	0.000189668	0.000191269	0.000339785	-2.45936	3.70402	4.22064	
-2.50276	3.74558	3.40514	0.000189665	0.000191297	0.000339777	-2.48431	3.65308	4.26773	
-2.5297	3.75389	2.85763	0.000189676	0.000191289	0.000339771	-2.50159	3.64941	4.30168	
-2.55934	3.71739	3.1335	0.000189666	0.000191278	0.000339776	-2.5362	3.61475	4.2909	
-2.58182	3.72032	2.63991	0.000189665	0.000191303	0.00033977	-2.55225	3.59657	4.3084	
-2.59666	3.67747	2.96613	0.000189708	0.000191217	0.000339782	-2.55499	3.5588	4.29799	
-2.62828	3.69654	2.50262	0.000189711	0.000191242	0.000339778	-2.60304	3.57053	4.24507	
-2.65104	3.65923	2.8409	0.000189811	0.000191111	0.000339788	-2.61857	3.5323	4.24467	
-2.68197	3.62591	3.14108	0.000189815	0.000191135	0.000339783	-2.64584	3.51824	4.29614	
-2.70245	3.57983	3.36565	0.000189748	0.000191195	0.000339782	-2.65955	3.47325	4.28218	
-2.74055	3.58921	2.82815	0.000189694	0.000191222	0.000339792	-2.72408	3.47148	4.30697	
-2.77394	3.59361	2.38851	0.000189706	0.000191223	0.000339793	-2.76673	3.45047	4.33875	
-2.78916	3.53372	2.77171	0.000189819	0.00019104	0.000339818	-2.75436	3.37002	4.33947	
-2.80641	3.48714	3.0794	0.000189841	0.000191061	0.000339816	-2.75203	3.33772	4.349	
-2.8252	3.43355	3.33118	0.000189776	0.000191137	0.000339811	-2.76262	3.29631	4.33923	
-2.85099	3.42945	2.79859	0.000189707	0.000191186	0.000339816	-2.80449	3.28494	4.32922	
-2.84904	3.41975	2.3724	0.000189724	0.000191189	0.000339811	-2.78638	3.2484	4.3633	
-2.84525	3.38283	2.76622	0.000189847	0.000191008	0.000339829	-2.75371	3.23313	4.38171	
-2.85429	3.32899	3.11318	0.000189864	0.000191036	0.000339823	-2.75352	3.18346	4.45201	
-2.84664	3.32063	2.62735	0.000189782	0.00019112	0.000339819	-2.74694	3.14989	4.45926	
-2.85481	3.26756	3.00851	0.000189839	0.000191081	0.00033981	-2.76488	3.10663	4.50016	
-2.86043	3.20886	3.32014	0.000189791	0.000191148	0.000339798	-2.75797	3.05922	4.53367	
-2.85975	3.15839	3.55581	0.000189714	0.000191196	0.000339803	-2.75587	3.04018	4.51789	
-2.8523	3.11269	3.75894	0.000189696	0.000191175	0.00033982	-2.74363	3.01931	4.5433	
-2.86683	3.07061	3.91959	0.000189763	0.000191074	0.000339841	-2.78732	2.99653	4.54927	
-2.86872	3.02067	4.07226	0.000189903	0.000190919	0.000339857	-2.80025	2.96116	4.59589	
-2.87001	2.95596	4.22059	0.000190094	0.000190727	0.000339866	-2.80702	2.88929	4.67377	
-2.85808	2.91329	4.31824	0.000190311	0.000190514	0.000339869	-2.79738	2.85663	4.67625	
-2.86075	2.86332	4.38468	0.000190522	0.000190323	0.000339864	-2.80879	2.81062	4.65459	
-2.85446	2.83171	4.46934	0.000190706	0.000190166	0.000339851	-2.8057	2.79642	4.7075	
-2.86294	2.76758	4.53112	0.000190866	0.000190031	0.000339835	-2.84033	2.71391	4.73203	
-2.837	2.72379	4.60643	0.000190998	0.000189924	0.000339818	-2.79624	2.68433	4.78975	
-2.85938	2.70793	3.83991	0.000191103	0.000189837	0.000339803	-2.77309	2.676	4.80614	
-2.87656	2.67967	3.22494	0.000190896	0.000189966	0.000339823	-2.75307	2.62075	4.81324	
-2.84338	2.64282	3.54872	0.00019041	0.000190241	0.000339911	-2.71078	2.57826	4.8425	
-2.86632	2.62155	2.98542	0.000190254	0.000190458	0.000339934	-2.73319	2.52081	4.82609	
-2.8512	2.57886	3.33993	0.000189967	0.000190686	0.000339968	-2.71902	2.48559	4.81097	
-2.84759	2.52315	3.63583	0.000189883	0.00019086	0.000339952	-2.72752	2.42699	4.81342	
-2.83243	2.47635	3.89822	0.000189897	0.000190911	0.000339921	-2.71705	2.40179	4.87555	
-2.86008	2.46571	3.26821	0.000190004	0.000190825	0.000339897	-2.74881	2.37562	4.89704	
-2.87003	2.41836	3.58076	0.000189892	0.000190956	0.000339878	-2.77713	2.33587	4.87058	
-2.8661	2.38937	3.84128	0.000189907	0.000190992	0.000339849	-2.77608	2.34432	4.88332	
-2.86865	2.33733	4.06449	0.000190006	0.000190907	0.000339829	-2.79092	2.28486	4.92099	
-2.86994	2.28573	4.22365	0.000190174	0.000190726	0.000339823	-2.80036	2.23541	4.88543	
-2.88513	2.24949	4.34906	0.000190374	0.000190514	0.000339824	-2.8446	2.22233	4.8529	
-2.88025	2.22359	4.45647	0.000190576	0.000190309	0.000339826	-2.83946	2.21646	4.86943	
-2.86898	2.18852	4.57039	0.000190763	0.000190128	0.000339824	-2.83107	2.17642	4.92007	
-2.88092	2.15701	4.66969	0.000190924	0.000189975	0.000339821	-2.87013	2.15102	4.97293	
-2.86323	2.12591	4.75708	0.000191054	0.000189855	0.000339815	-2.84537	2.12434	5.01943	
-2.86062	2.09856	4.81668	0.00019115	0.000189772	0.000339807	-2.8559	2.09987	5.03073	
-2.84892	2.06363	4.87418	0.000191215	0.000189723	0.000339797	-2.83903	2.05914	5.04832	
-2.83805	2.04894	4.92236	0.000191253	0.0001897	0.000339787	-2.82709	2.064	5.05961	
-2.8203	2.01678	4.97508	0.000191272	0.000189696	0.000339776	-2.7998	2.02558	5.08478	
-2.86358	1.99291	4.14784	0.000191273	0.000189707	0.000339765	-2.81116	2.01473	5.0966	
-2.84006	1.98667	4.35119	0.000191169	0.000189687	0.000339805	-2.77017	2.01963	5.11483	
-2.84103	1.96734	4.50289	0.000191164	0.000189716	0.000339817	-2.79792	2.00281	5.10882	
-2.88358	1.95871	3.76151	0.000191199	0.000189722	0.000339809	-2.8	1.9918	5.16516	
-2.86609	1.93086	4.05332	0.00019091	0.000189894	0.000339847	-2.77221	1.94109	5.20747	
-2.87853	1.93747	3.40051	0.000190852	0.000189999	0.000339849	-2.73687	1.93753	5.184	
-2.88212	1.94754	2.87046	0.000190475	0.000190273	0.000339889	-2.7129	1.91898	5.17	
-2.87542	1.91853	3.33898	0.000190054	0.00019052	0.000339973	-2.73399	1.88485	5.21447	
-2.84501	1.89118	3.70923	0.000189938	0.000190734	0.000339981	-2.68008	1.86939	5.22065	
-2.81514	1.90645	3.12259	0.000189955	0.000190791	0.000339958	-2.61677	1.85809	5.28174	
-2.79324	1.85321	3.56224	0.000189829	0.00019095	0.000339934	-2.61089	1.79612	5.31657	
-2.78817	1.81076	3.89944	0.000189841	0.000190999	0.0003399	-2.6337	1.77003	5.30815	
-2.77508	1.81229	3.27845	0.000189957	0.000190885	0.000339881	-2.59756	1.75383	5.30221	
-2.76035	1.76517	3.68183	0.000189866	0.000190999	0.000339864	-2.59462	1.71431	5.32079	
-2.72917	1.71368	4.0156	0.000189919	0.000190984	0.00033984	-2.55871	1.67271	5.34152	
-2.71068	1.66286	4.29957	0.000190077	0.000190808	0.000339835	-2.56614	1.63983	5.3936	
-2.69101	1.6454	4.52112	0.000190309	0.000190529	0.000339849	-2.57251	1.66506	5.39932	
-2.65044	1.61023	4.72277	0.000190558	0.000190241	0.00033987	-2.53821	1.62467	5.45005	
-2.61073	1.58866	4.87012	0.000190777	0.000189999	0.000339889	-2.50082	1.61459	5.45371	
-2.55849	1.55322	5.00326	0.000190937	0.00018984	0.000339899	-2.45372	1.57426	5.48121	
-2.51169	1.53052	5.11428	0.000191031	0.000189762	0.000339899	-2.41963	1.54908	5.49909	
-2.50243	1.49974	5.20079	0.000191065	0.000189752	0.000339889	-2.44609	1.50521	5.51926	
-2.51911	1.45993	4.33731	0.000191055	0.000189792	0.000339874	-2.42885	1.4727	5.5249	
-2.50251	1.43589	4.57083	0.000191083	0.000189703	0.000339888	-2.42339	1.44554	5.52653	
-2.47809	1.43155	4.7808	0.000191153	0.000189687	0.000339876	-2.405	1.47144	5.56447	
-2.51961	1.40918	3.99902	0.000191213	0.000189677	0.000339851	-2.42714	1.44145	5.61506	
-2.53742	1.42094	3.3642	0.000191057	0.000189738	0.000339873	-2.39495	1.4623	5.61979	
-2.49392	1.42054	3.7797	0.000190582	0.000189988	0.000339967	-2.33456	1.46525	5.57659	
-2.47293	1.41148	4.11628	0.000190478	0.000190178	0.000339984	-2.3337	1.46178	5.55211	
-2.42928	1.40467	4.39089	0.000190546	0.000190198	0.000339961	-2.29231	1.47146	5.54531	
-2.40722	1.38932	4.60893	0.000190697	0.000190088	0.000339934	-2.30654	1.45681	5.5275	
-2.41222	1.39499	3.85575	0.000190863	0.000189937	0.000339915	-2.27174	1.44113	5.58681	
-2.42563	1.37436	3.24694	0.000190738	0.000190068	0.000339902	-2.25833	1.36746	5.59973	
-2.41486	1.39717	2.7563	0.000190327	0.000190337	0.000339948	-2.21777	1.37197	5.63589	
-2.40908	1.37929	3.31739	0.000189956	0.000190542	0.000340032	-2.24746	1.36762	5.65142	
-2.38737	1.36702	3.76834	0.000189868	0.000190749	0.000340032	-2.2171	1.38827	5.65287	
-2.38165	1.35343	4.1622	0.000189909	0.000190776	0.000340008	-2.23299	1.40553	5.72488	
-2.38605	1.37819	3.49244	0.00019009	0.000190589	0.000339998	-2.22426	1.41646	5.68404	
-2.351	1.36368	3.92723	0.000190026	0.000190726	0.000339966	-2.18418	1.41392	5.70033	
-2.32424	1.33012	4.25389	0.000190138	0.000190674	0.000339927	-2.17111	1.38039	5.66313	
-2.28908	1.30111	4.54792	0.000190344	0.000190466	0.000339908	-2.14798	1.35581	5.6957	
-2.24419	1.27757	4.78719	0.000190586	0.000190191	0.000339909	-2.12105	1.33091	5.72663	
-2.21058	1.27633	5.00041	0.000190795	0.000189952	0.000339921	-2.11162	1.34993	5.77911	
-2.15978	1.27316	5.13113	0.000190926	0.000189804	0.000339934	-2.06384	1.34583	5.71768	
-2.14967	1.26361	5.25606	0.000190984	0.00018976	0.000339935	-2.10331	1.32747	5.7256	
-2.11903	1.25553	5.38454	0.000190976	0.000189795	0.000339926	-2.08898	1.30775	5.78737	
-2.08295	1.25231	5.50435	0.000190909	0.000189891	0.00033991	-2.05567	1.30167	5.86688	
-2.04951	1.25691	5.62184	0.000190797	0.000190031	0.000339892	-2.02508	1.31288	5.94566	
-2.05248	1.19732	4.68828	0.000190655	0.000190198	0.000339873	-1.98596	1.25703	5.95001	
-2.0313	1.19158	4.94849	0.000190815	0.000189955	0.000339894	-1.96805	1.25655	5.97455	
-2.00895	1.20683	5.18284	0.000190935	0.000189891	0.000339884	-1.96313	1.29419	6.03187	
-1.94922	1.20723	5.36615	0.000190965	0.000189914	0.000339859	-1.88431	1.29139	6.04725	
-1.97754	1.17542	4.47386	0.00019091	0.000189996	0.000339837	-1.89615	1.2689	6.06279	
-1.93875	1.1913	4.80458	0.000191003	0.000189798	0.000339863	-1.85646	1.29556	6.09919	
-1.90386	1.19051	5.07286	0.000191099	0.000189755	0.000339857	-1.82723	1.29506	6.11947	
-1.82995	1.16456	5.28276	0.000191122	0.000189771	0.00033984	-1.72137	1.23634	6.12172	
-1.76055	1.17192	5.44171	0.00019106	0.000189845	0.000339827	-1.64574	1.25329	6.08992	
-1.74346	1.13343	4.54811	0.000190936	0.000189969	0.00033982	-1.59061	1.21393	6.10274	
-1.70244	1.14295	4.85756	0.000191029	0.000189795	0.000339846	-1.57787	1.23389	6.10916	
-1.68254	1.13065	5.09787	0.00019111	0.000189763	0.000339841	-1.59759	1.21937	6.09949	
-1.63877	1.11146	5.27846	0.000191121	0.000189788	0.000339826	-1.5586	1.18132	6.05432	
-1.64547	1.08851	4.40985	0.00019106	0.000189862	0.000339813	-1.53121	1.18269	6.12148	
-1.5936	1.093	4.74288	0.000191101	0.000189727	0.000339841	-1.47109	1.1927	6.1104	
-1.59885	1.09839	3.9844	0.000191173	0.000189703	0.000339837	-1.43837	1.20843	6.14963	
-1.57354	1.09701	4.42018	0.00019102	0.000189724	0.000339884	-1.44149	1.20109	6.19037	
-1.5416	1.07225	4.78069	0.00019107	0.000189741	0.000339884	-1.43273	1.16058	6.22858	
-1.48787	1.06444	5.08373	0.000191147	0.000189699	0.000339871	-1.38824	1.16049	6.26195	
-1.42794	1.07426	5.31781	0.000191152	0.000189681	0.000339869	-1.33585	1.17946	6.258	
-1.39679	1.07338	5.51918	0.000191064	0.000189744	0.000339878	-1.349	1.16534	6.2918	
-1.39	1.05268	4.60951	0.000190898	0.000189892	0.000339888	-1.29499	1.15964	6.32066	
-1.34944	1.0551	4.9598	0.000191002	0.000189767	0.000339902	-1.26418	1.15709	6.34921	
-1.29806	1.04212	5.22227	0.000191072	0.000189765	0.000339884	-1.20957	1.12965	6.32131	
-1.30353	1.0435	4.36667	0.000191048	0.000189825	0.000339861	-1.17875	1.16897	6.2429	
-1.26338	1.03968	4.75182	0.000191084	0.000189709	0.000339879	-1.14873	1.14392	6.27684	
-1.21725	1.01663	5.06306	0.00019116	0.000189693	0.000339866	-1.12055	1.10568	6.30259	
4.10278	1.96696	109.872	0.000191169	0.000189713	0.000339849	-1.0672	1.13914	6.27823	
2.38948	2.05287	90.201	0.000190478	0.000189756	0.000340078	-1.06132	1.117	6.28563	
1.59478	2.20499	74.3097	0.000189982	0.000189866	0.000340337	-1.0178	1.12406	6.31577	
0.811468	2.00463	61.4167	0.000190032	0.000189708	0.000340511	-0.980463	1.1105	6.34739	
0.128986	1.80767	50.9695	0.000190251	0.000189687	0.00034053	-0.919318	1.13811	6.36995	
-0.132746	1.53378	41.4292	0.000189843	0.000189774	0.000340659	-0.875048	1.12825	6.3697	
-0.402141	1.47279	34.7857	0.000189871	0.000189704	0.000340742	-0.834692	1.1211	6.38854	
-0.602542	1.5378	29.4192	0.000189831	0.000189909	0.000340726	-0.826794	1.16402	6.42271	
-0.771034	1.55046	25.0716	0.000190038	0.000189929	0.000340635	-0.798358	1.19561	6.43368	
-0.79912	1.46408	21.5485	0.000189892	0.00018973	0.000340716	-0.735232	1.20956	6.4474	
-0.823325	1.45185	18.6837	0.00018974	0.00018979	0.000340791	-0.729281	1.19439	6.42949	
-0.784446	1.36572	16.3617	0.000189721	0.00018974	0.000340856	-0.699279	1.18575	6.41999	
-0.796625	1.3371	14.4647	0.000189793	0.000189726	0.000340868	-0.649221	1.19829	6.37824	
-0.74193	1.36121	11.8615	0.000189727	0.000189747	0.000340892	-0.608787	1.19968	6.36948	
-0.697236	1.32134	10.8195	0.000189709	0.000189706	0.000340926	-0.575245	1.2366	6.35568	
-0.704225	1.29638	9.97586	0.000189922	0.00018968	0.000340876	-0.577164	1.27322	6.34235	
-0.701739	1.2932	9.30092	0.000189984	0.000189781	0.00034079	-0.533654	1.2829	6.34592	
-0.705103	1.31561	8.75009	0.000189812	0.000190056	0.000340708	-0.528194	1.30116	6.34883	
-0.678298	1.35156	8.32183	0.00018972	0.000190226	0.000340637	-0.50367	1.33114	6.37169	
-0.615494	1.41154	6.85403	0.000189858	0.000190175	0.000340567	-0.467365	1.33284	6.36439	
-0.53533	1.4097	5.66634	0.000189933	0.000189792	0.000340644	-0.442834	1.33247	6.35907	
-0.475365	1.36813	4.70515	0.000189726	0.000189823	0.000340748	-0.390425	1.33108	6.36252	
-0.469201	1.3235	3.92458	0.000189827	0.000189755	0.000340789	-0.369877	1.32174	6.30382	
-0.444782	1.30039	4.36248	0.000189967	0.000189734	0.000340767	-0.329174	1.32649	6.28445	
-0.384372	1.27396	4.71849	0.000190225	0.000189754	0.000340654	-0.250024	1.31425	6.27218	
-0.381316	1.27003	3.93706	0.000190504	0.000189714	0.000340508	-0.214812	1.32489	6.27081	
-0.385509	1.25834	3.29898	0.000190532	0.000189828	0.00034038	-0.195147	1.28381	6.24864	
-0.376782	1.28504	2.78128	0.000190225	0.000190108	0.000340323	-0.154803	1.30566	6.24511	
-0.343032	1.2629	3.42174	0.000189899	0.000190362	0.00034032	-0.135991	1.28459	6.22438	
-0.312422	1.2419	3.93563	0.000189853	0.000190594	0.000340249	-0.111044	1.29108	6.20108	
-0.275588	1.22571	4.35757	0.000189956	0.000190587	0.000340176	-0.0878287	1.31053	6.20048	
-0.23281	1.20325	4.70022	0.000190193	0.000190358	0.000340135	-0.0646809	1.29325	6.19878	
-0.225905	1.22025	3.92108	0.000190468	0.000190067	0.000340119	-0.0392613	1.29873	6.177	
-0.193853	1.2123	4.33876	0.000190496	0.000190145	0.000340072	-0.0353448	1.30299	6.16091	
-0.140547	1.20075	4.66426	0.000190665	0.000190068	0.000340013	0.00368258	1.29861	6.13751	
-0.0845463	1.19761	4.93717	0.000190852	0.000189909	0.000339972	0.0483728	1.30478	6.1263	
-0.0114609	1.19051	5.14648	0.000190979	0.000189776	0.000339952	0.129728	1.28417	6.09326	
0.0034052	1.18183	4.27849	0.000191017	0.000189732	0.000339944	0.178703	1.27505	6.07915	
0.0464135	1.1688	4.59266	0.00019104	0.000189715	0.000339937	0.197038	1.25438	6.03065	
0.0702192	1.14057	4.84489	0.000191125	0.000189703	0.000339906	0.177701	1.20257	6.00471	
0.0979366	1.13819	5.05531	0.000191189	0.000189681	0.000339875	0.171861	1.21893	5.99988	
0.102336	1.1453	4.20669	0.000191194	0.000189688	0.000339854	0.234095	1.24936	6.00909	
0.126277	1.12885	4.53804	0.000191138	0.000189685	0.000339865	0.229186	1.21676	5.9909	
0.114788	1.13081	3.6692	0.000191186	0.000189691	0.00033985	0.271698	1.21263	5.95765	
0.105126	1.14549	3.08279	0.000190846	0.000189864	0.000339904	0.290359	1.20899	5.92616	
0.107123	1.16307	2.60436	0.000190319	0.000190162	0.000340015	0.302594	1.17887	5.96726	
0.133279	1.16178	3.23708	0.000189952	0.000190362	0.000340134	0.323022	1.19044	5.98084	
0.157201	1.13162	3.76385	0.00018985	0.000190617	0.00034014	0.344387	1.164	6.0154	
0.19031	1.11123	4.17451	0.000189872	0.000190683	0.000340111	0.382614	1.16136	5.99797	
0.236692	1.08921	4.50936	0.000190045	0.000190521	0.000340093	0.416271	1.15928	5.99224	
0.290891	1.07889	4.79212	0.000190311	0.000190241	0.000340089	0.457054	1.17018	6.00355	
0.308166	1.0966	3.98928	0.00019057	0.000189976	0.000340089	0.504848	1.19059	6.00689	
0.324204	1.12206	3.34644	0.000190603	0.000190037	0.000340055	0.55487	1.20238	6.00488	
0.338449	1.13957	2.81901	0.000190292	0.000190279	0.000340063	0.575809	1.17963	6.0225	
0.364155	1.17343	2.38636	0.000189938	0.000190501	0.000340115	0.610247	1.17696	5.97015	
0.399617	1.19923	2.03709	0.000189807	0.000190533	0.000340178	0.618159	1.16258	5.99782	
0.421727	1.1855	2.76289	0.000189926	0.000190381	0.000340223	0.632715	1.14963	5.97155	
0.44589	1.20214	2.34513	0.000189916	0.000190554	0.000340186	0.632618	1.14304	5.95136	
0.448437	1.18059	3.00076	0.000190045	0.000190546	0.000340123	0.641276	1.14165	5.90884	
0.47745	1.15351	3.51253	0.000189922	0.000190739	0.000340066	0.705536	1.13008	5.85292	
0.514485	1.09777	3.94285	0.000189756	0.000190854	0.000340055	0.752642	1.07542	5.82745	
0.550118	1.04829	4.27898	0.000189759	0.000190762	0.000340081	0.770105	1.04624	5.79438	
0.564479	1.06442	3.56907	0.000189953	0.000190513	0.000340115	0.779085	1.06459	5.79088	
0.581668	1.06242	2.99808	0.00018996	0.000190635	0.000340084	0.809467	1.03052	5.72515	
0.612506	1.03973	3.47501	0.000189798	0.000190806	0.000340066	0.827475	1.03222	5.64339	
0.624764	1.07898	2.91115	0.000189802	0.000190912	0.000340015	0.837681	1.06883	5.6219	
0.651483	1.11	2.45468	0.000189717	0.000191017	0.000339982	0.865768	1.06503	5.61333	
0.705228	1.1483	2.08685	0.000189729	0.000190935	0.000339991	0.936111	1.08835	5.62023	
0.7435	1.11763	2.73106	0.00018991	0.000190673	0.000340024	0.983559	1.05651	5.58347	
0.777638	1.08188	3.26571	0.000189924	0.000190766	0.000340003	1.03601	1.03243	5.59289	
0.808516	1.05164	3.68514	0.000189782	0.000190908	0.000339991	1.06151	1.02144	5.55725	
0.839995	0.999337	4.03873	0.00018971	0.000190917	0.000340008	1.07053	0.978782	5.56308	
0.858292	0.961015	4.28635	0.000189811	0.000190751	0.000340041	1.04796	0.954885	5.4896	
0.888559	0.949893	3.57251	0.000190043	0.000190499	0.000340065	1.1047	0.920737	5.4886	
0.917997	0.911919	3.92243	0.000190029	0.000190618	0.000340039	1.11601	0.901836	5.4704	
0.937738	0.921176	3.27708	0.000190147	0.000190593	0.000339991	1.15456	0.903817	5.46857	
0.925934	0.949031	2.7443	0.000189982	0.00019077	0.000339963	1.11944	0.912352	5.4041	
0.957962	0.929007	3.21186	0.000189779	0.000190867	0.000339987	1.15165	0.900097	5.34113	
0.970026	0.900078	3.61884	0.00018974	0.000191001	0.000339964	1.14869	0.879951	5.37359	
0.992783	0.866906	3.91015	0.000189771	0.000191015	0.000339936	1.17289	0.859056	5.29924	
1.02438	0.842124	4.16223	0.000189896	0.000190889	0.000339922	1.18821	0.853085	5.28711	
1.05732	0.805334	4.36038	0.000190107	0.00019066	0.000339921	1.20693	0.812365	5.26821	
1.09107	0.766271	4.51443	0.000190357	0.0001904	0.000339924	1.22847	0.770279	5.24848	
1.12478	0.752552	4.6304	0.000190601	0.000190164	0.000339922	1.24618	0.779312	5.20833	
1.15982	0.726244	4.7166	0.000190809	0.000189979	0.000339913	1.27083	0.750495	5.16586	
1.19083	0.706953	4.79716	0.000190971	0.00018985	0.000339896	1.28418	0.730326	5.17089	
1.2281	0.691436	4.86073	0.000191089	0.000189767	0.000339874	1.31677	0.719893	5.16511	
1.20343	0.684055	4.02704	0.000191167	0.000189722	0.000339851	1.31606	0.723773	5.16468	
1.22969	0.646591	4.21896	0.000191042	0.000189767	0.000339868	1.34373	0.653624	5.13368	
1.20532	0.630707	3.51311	0.000191029	0.000189823	0.000339861	1.3422	0.615704	5.08381	
1.23092	0.6091	3.80234	0.00019065	0.000190065	0.000339907	1.3586	0.597371	5.06689	
1.24906	0.561969	4.02165	0.000190542	0.000190233	0.000339909	1.37518	0.533167	5.04081	
1.26397	0.516224	4.19695	0.000190563	0.000190279	0.000339886	1.3762	0.488275	5.01148	
1.2819	0.483086	4.33607	0.000190655	0.000190229	0.000339858	1.37788	0.462558	5.00513	
1.30832	0.447131	4.4642	0.000190777	0.00019013	0.000339836	1.39846	0.438714	5.02249	
1.34587	0.432504	4.55813	0.000190907	0.000190012	0.00033982	1.44045	0.44528	5.00538	
1.3756	0.38838	4.6094	0.000191025	0.000189905	0.000339807	1.46281	0.3881	4.94296	
1.35261	0.385634	3.82262	0.00019112	0.000189825	0.000339795	1.465	0.393362	4.93904	
1.368	0.356919	4.0267	0.000190897	0.000189963	0.00033982	1.47404	0.361514	4.94373	
1.3399	0.354822	3.34712	0.000190836	0.000190056	0.000339821	1.46551	0.335548	4.98535	
1.35058	0.332223	3.65468	0.000190437	0.000190324	0.000339869	1.4577	0.313081	4.99606	
1.35775	0.30745	3.89796	0.00019032	0.000190495	0.000339874	1.45902	0.290772	4.98223	
1.38709	0.283338	4.08149	0.00019034	0.000190529	0.000339857	1.50078	0.2755	4.938	
1.40949	0.242836	4.21937	0.000190437	0.00019046	0.000339838	1.5212	0.236204	4.89209	
1.43557	0.199412	4.34072	0.000190572	0.00019034	0.000339823	1.53914	0.191884	4.8812	
1.45712	0.164555	4.44481	0.000190721	0.0001902	0.000339812	1.54914	0.162198	4.89818	
1.48543	0.145828	4.51176	0.000190865	0.000190063	0.000339804	1.57299	0.157863	4.87396	
1.49301	0.124319	4.56205	0.000190989	0.000189951	0.000339795	1.55947	0.144616	4.85943	
1.50943	0.0895187	4.61368	0.000191089	0.000189865	0.000339785	1.57022	0.0968963	4.86144	
1.52132	0.0426919	4.63999	0.000191169	0.000189799	0.000339775	1.56804	0.0323797	4.82391	
1.53572	0.00691217	4.66469	0.000191229	0.000189753	0.000339764	1.578	-3.74963e-05	4.81425	
1.54075	-0.0349253	4.66817	0.000191273	0.000189721	0.000339754	1.57358	-0.0567413	4.7775	
1.53717	-0.0802347	4.67118	0.000191305	0.000189701	0.000339745	1.55747	-0.117754	4.76501	
1.56281	-0.11673	4.67226	0.000191327	0.000189688	0.000339737	1.60454	-0.147532	4.73365	
1.56854	-0.141151	4.66204	0.000191342	0.000189679	0.00033973	1.60307	-0.157376	4.70363	
1.59093	-0.169207	4.64681	0.000191352	0.000189674	0.000339724	1.634	-0.1784	4.66509	
1.56697	-0.192265	3.84658	0.000191358	0.000189672	0.00033972	1.6563	-0.19998	4.60696	
1.53859	-0.206167	3.19575	0.000191069	0.000189788	0.000339781	1.6588	-0.234253	4.57017	
1.55231	-0.251179	3.44818	0.000190499	0.000190073	0.000339917	1.66239	-0.312834	4.56783	
1.58096	-0.277295	3.65775	0.000190269	0.000190344	0.000339972	1.70669	-0.316014	4.57629	
1.58302	-0.284582	3.04666	0.000190196	0.000190517	0.000339965	1.73307	-0.35787	4.57347	
1.58793	-0.315525	3.32421	0.000189949	0.00019074	0.000339971	1.71658	-0.38212	4.55991	
1.58654	-0.29702	2.77211	0.000189868	0.000190905	0.000339943	1.71953	-0.372609	4.53347	
1.5917	-0.314713	3.12357	0.000189756	0.000190986	0.00033994	1.71569	-0.371913	4.59878	
1.59527	-0.337036	3.3975	0.000189721	0.000191098	0.000339911	1.71708	-0.389054	4.60488	
1.61258	-0.370677	3.61854	0.00018971	0.000191153	0.00033988	1.74062	-0.407761	4.60144	
1.60319	-0.349722	3.01305	0.000189751	0.000191124	0.000339859	1.7241	-0.407804	4.62017	
1.60997	-0.383171	3.31729	0.000189698	0.000191184	0.000339845	1.72812	-0.448524	4.63174	
1.62504	-0.423284	3.52865	0.000189699	0.000191225	0.000339823	1.7539	-0.494049	4.5616	
1.61712	-0.431754	2.93815	0.000189734	0.000191204	0.000339806	1.73458	-0.531447	4.55332	
1.61439	-0.425289	2.45687	0.000189684	0.000191232	0.000339805	1.73087	-0.553668	4.50062	
1.59942	-0.416897	2.06735	0.000189716	0.000191083	0.000339848	1.68131	-0.568451	4.48276	
1.58901	-0.424942	2.52259	0.000189911	0.000190758	0.000339917	1.66119	-0.536934	4.49832	
1.58314	-0.428208	2.11912	0.00019	0.000190751	0.000339922	1.63962	-0.574324	4.50146	
1.56138	-0.460419	2.56874	0.000190209	0.000190563	0.000339918	1.62862	-0.60369	4.50965	
1.55096	-0.47584	2.92583	0.000190209	0.000190625	0.000339893	1.63959	-0.592342	4.50806	
1.53103	-0.511054	3.20588	0.000190051	0.000190782	0.000339881	1.62105	-0.605389	4.48318	
1.55297	-0.520351	2.68059	0.00018987	0.000190933	0.000339886	1.65852	-0.650416	4.50107	
1.53933	-0.557619	3.0112	0.000189886	0.00019097	0.000339869	1.63354	-0.678683	4.48694	
1.50623	-0.598714	3.26835	0.000189819	0.000191073	0.000339847	1.586	-0.708808	4.45463	
1.4931	-0.651039	3.46437	0.000189737	0.000191152	0.000339836	1.57148	-0.758822	4.4022	
1.50324	-0.695906	3.62922	0.000189702	0.000191173	0.000339836	1.59294	-0.784823	4.38816	
1.49914	-0.702973	3.01033	0.000189732	0.000191132	0.00033984	1.60385	-0.821941	4.36032	
1.50251	-0.720592	3.24952	0.000189691	0.000191188	0.000339836	1.59844	-0.799163	4.34984	
1.48878	-0.761876	3.44132	0.000189686	0.000191235	0.000339819	1.56439	-0.831387	4.32875	
1.46775	-0.773561	3.59158	0.000189705	0.000191236	0.000339802	1.52273	-0.811246	4.30701	
1.44846	-0.800669	3.71665	0.000189757	0.000191189	0.000339792	1.49212	-0.828549	4.30147	
1.42159	-0.81983	3.0841	0.000189845	0.000191102	0.000339786	1.47972	-0.899726	4.29795	
1.41496	-0.858591	3.30744	0.000189752	0.000191166	0.000339794	1.47784	-0.93786	4.2935	
1.37551	-0.898061	3.47754	0.000189739	0.000191209	0.000339787	1.40329	-0.973545	4.27125	
1.36777	-0.919244	3.63561	0.000189761	0.000191207	0.000339776	1.41146	-0.967571	4.3074	
1.37289	-0.946198	3.75263	0.000189821	0.00019115	0.000339769	1.43825	-0.987234	4.29742	
1.35783	-0.996065	3.84772	0.000189912	0.000191057	0.000339766	1.40158	-1.05343	4.28791	
1.3443	-1.03532	3.92892	0.000190025	0.000190942	0.000339765	1.37771	-1.07375	4.29835	
1.33539	-1.06609	3.97924	0.00019015	0.000190818	0.000339764	1.38001	-1.09533	4.27485	
1.30248	-1.04887	3.29775	0.000190271	0.000190704	0.000339761	1.36598	-1.07848	4.28239	
1.26574	-1.0754	3.37945	0.000190066	0.000190844	0.000339783	1.29893	-1.12619	4.25049	
1.22474	-1.06375	2.8069	0.000189966	0.000190955	0.000339791	1.26175	-1.1394	4.21563	
1.20795	-1.10076	3.06938	0.000189784	0.000191022	0.000339837	1.23629	-1.18732	4.21075	
1.20982	-1.07772	2.55865	0.000189732	0.000191116	0.000339845	1.26817	-1.18046	4.18633	
1.19394	-1.10467	2.84616	0.000189738	0.000191053	0.00033987	1.24603	-1.19516	4.14937	
1.17155	-1.12736	3.06992	0.000189748	0.0001911	0.000339863	1.222	-1.20532	4.1158	
1.13711	-1.15982	3.25526	0.000189721	0.000191172	0.000339843	1.16982	-1.23672	4.10194	
1.09492	-1.18697	3.41062	0.000189688	0.000191224	0.000339826	1.11223	-1.25801	4.10186	
1.08662	-1.20094	3.53234	0.00018968	0.000191237	0.000339815	1.11876	-1.25092	4.09618	
1.06759	-1.19609	2.9354	0.000189708	0.000191211	0.000339808	1.11151	-1.27548	4.11032	
1.04006	-1.22133	3.13459	0.000189674	0.000191236	0.000339808	1.08014	-1.29186	4.06673	
1.03982	-1.24392	3.30541	0.000189669	0.000191274	0.000339796	1.1012	-1.3037	4.07094	
1.01733	-1.23937	2.75006	0.000189673	0.000191292	0.000339782	1.06467	-1.3354	4.08318	
1.01783	-1.27194	3.00292	0.000189676	0.00019125	0.000339789	1.08387	-1.36619	4.10203	
1.01292	-1.30242	3.19298	0.00018968	0.000191274	0.000339782	1.08606	-1.40072	4.07041	
1.00411	-1.32808	3.37935	0.000189669	0.0001913	0.000339772	1.08593	-1.39851	4.13278	
1.00669	-1.34724	3.48874	0.000189668	0.000191297	0.000339769	1.08577	-1.40051	4.07362	
1.00483	-1.37286	3.57579	0.000189694	0.000191267	0.000339769	1.08882	-1.42101	4.04017	
0.984544	-1.3638	2.96666	0.000189746	0.000191214	0.000339769	1.06686	-1.43551	4.04427	
0.982454	-1.38381	3.17062	0.000189688	0.000191241	0.00033978	1.0656	-1.44893	4.06173	
0.970895	-1.42058	3.32539	0.000189679	0.000191276	0.000339777	1.04433	-1.48201	4.0463	
0.974257	-1.40956	2.76125	0.000189685	0.000191289	0.000339768	1.06633	-1.49252	4.01885	
0.985795	-1.39754	2.30577	0.000189673	0.000191251	0.000339782	1.08095	-1.50375	3.98256	
0.974936	-1.41777	2.60571	0.000189784	0.000191013	0.000339835	1.05795	-1.51857	3.96735	
0.966147	-1.44847	2.83528	0.000189862	0.000190981	0.000339846	1.04354	-1.56037	3.92017	
0.95391	-1.4939	3.03499	0.000189854	0.000191035	0.000339835	1.02257	-1.61452	3.92553	
0.92725	-1.51674	3.21606	0.000189794	0.000191116	0.000339822	0.98365	-1.60696	3.96597	
0.893198	-1.53613	3.33391	0.000189727	0.000191184	0.000339815	0.924165	-1.606	3.93294	
0.88163	-1.56039	3.44541	0.000189691	0.000191223	0.00033981	0.929521	-1.61446	3.93078	
0.874058	-1.58944	3.53649	0.000189691	0.000191227	0.000339806	0.923581	-1.63355	3.92928	
0.884156	-1.61014	3.57762	0.000189724	0.000191202	0.000339801	0.962596	-1.64773	3.86711	
0.85929	-1.61076	2.96255	0.000189774	0.000191168	0.000339793	0.924774	-1.68543	3.85143	
0.841734	-1.64464	3.1232	0.000189701	0.000191206	0.000339801	0.890628	-1.72876	3.84214	
0.836554	-1.68113	3.23382	0.000189684	0.000191252	0.000339795	0.890796	-1.76376	3.79342	
0.822014	-1.70856	3.34143	0.00018968	0.000191283	0.000339781	0.879354	-1.77484	3.81853	
0.832345	-1.71879	3.40492	0.000189688	0.000191293	0.000339768	0.907873	-1.76362	3.77864	
0.824299	-1.74285	3.47263	0.000189705	0.000191286	0.000339757	0.891928	-1.78436	3.78647	
0.832835	-1.76929	3.53154	0.000189735	0.000191263	0.000339749	0.911794	-1.80684	3.79999	
0.828038	-1.78033	3.57099	0.000189776	0.000191227	0.000339743	0.896266	-1.80355	3.78909	
0.82867	-1.80937	3.59692	0.000189821	0.000191186	0.000339738	0.903224	-1.83328	3.76801	
0.794168	-1.78632	2.97213	0.000189866	0.000191147	0.000339734	0.854365	-1.83215	3.72485	
0.792259	-1.78075	3.07679	0.000189745	0.00019119	0.00033976	0.869793	-1.80547	3.66943	
0.777486	-1.80024	3.18924	0.000189705	0.000191237	0.00033977	0.84294	-1.83604	3.6892	
0.763117	-1.8193	3.21004	0.000189691	0.000191275	0.000339767	0.819497	-1.85593	3.69937	
0.739731	-1.79448	2.66519	0.000189683	0.000191303	0.000339759	0.783892	-1.85581	3.67262	
0.73098	-1.81281	2.83307	0.00018969	0.000191228	0.000339779	0.772493	-1.87367	3.64588	
0.689542	-1.79948	2.35602	0.000189713	0.000191224	0.000339782	0.694799	-1.88741	3.62787	
0.686117	-1.81007	2.56931	0.000189847	0.000191022	0.000339809	0.716219	-1.8945	3.58918	
0.662853	-1.81576	2.7522	0.000189929	0.000190974	0.000339811	0.689315	-1.88684	3.57693	
0.65598	-1.79539	2.29012	0.000189929	0.000191007	0.000339799	0.672059	-1.88042	3.54225	
0.646265	-1.7703	1.91183	0.000190084	0.000190835	0.0003398	0.637828	-1.87263	3.52063	
0.651735	-1.75796	1.60909	0.000190333	0.000190507	0.000339829	0.627495	-1.87644	3.50115	
0.64181	-1.76339	1.35985	0.000190592	0.000190167	0.000339874	0.580149	-1.90022	3.47342	
0.611464	-1.78612	1.72524	0.000190788	0.000189918	0.000339916	0.556136	-1.93572	3.40795	
0.556731	-1.81126	2.01154	0.000190945	0.00018984	0.00033991	0.489558	-1.971	3.34039	
0.520627	-1.81602	2.25515	0.000190992	0.000189843	0.000339888	0.478193	-1.95872	3.33077	
0.486464	-1.84866	2.41984	0.000190918	0.000189931	0.000339873	0.454752	-1.99817	3.26474	
0.483595	-1.85588	2.01755	0.000190776	0.000190078	0.000339862	0.444321	-2.00501	3.2623	
0.450498	-1.87792	2.25515	0.000190841	0.000190057	0.000339841	0.414541	-2.02056	3.27873	
0.404069	-1.89341	2.42655	0.000190801	0.00019013	0.000339818	0.364934	-2.01589	3.24524	
0.384984	-1.90718	2.01921	0.000190688	0.000190255	0.000339802	0.333553	-2.04795	3.2346	
0.381443	-1.91965	1.68935	0.000190772	0.000190182	0.000339789	0.325183	-2.07591	3.19392	
0.354849	-1.93342	1.98406	0.000190916	0.000189998	0.000339797	0.316949	-2.07654	3.23308	
0.332642	-1.91517	1.66202	0.00019097	0.000189975	0.000339789	0.258322	-2.02837	3.21342	
0.27739	-1.91243	1.93171	0.000191076	0.000189865	0.000339787	0.190631	-2.01434	3.16504	
0.235596	-1.90734	2.13057	0.000191106	0.000189859	0.000339777	0.167436	-1.99919	3.09458	
0.209516	-1.92577	2.31936	0.000191053	0.000189917	0.000339769	0.166668	-2.02607	3.1221	
0.160486	-1.91842	2.43654	0.000190922	0.000190035	0.000339771	0.117912	-2.00162	3.06668	
0.142693	-1.89846	2.01921	0.000190765	0.000190182	0.000339774	0.0897269	-1.98329	2.99295	
0.117387	-1.89682	1.68643	0.000190827	0.000190132	0.000339772	0.0345823	-2.00228	3.00266	
0.105698	-1.88138	1.41446	0.000190954	0.000189967	0.000339785	0.0146092	-1.98469	2.98667	
0.0524739	-1.88008	1.71299	0.000191056	0.000189808	0.000339812	-0.0472504	-1.9756	2.99241	
-0.000204353	-1.86911	1.93837	0.000191137	0.000189769	0.000339811	-0.10297	-1.95819	2.97241	
-0.060954	-1.8881	2.14751	0.000191149	0.000189782	0.000339802	-0.161298	-1.99636	3.01042	
-0.120731	-1.89636	2.29513	0.000191076	0.000189855	0.000339797	-0.216616	-1.99841	2.9784	
-0.158233	-1.91517	2.41245	0.00019095	0.000189975	0.000339797	-0.223697	-2.02218	2.96975	
-0.17631	-1.90955	2.00236	0.000190797	0.000190126	0.000339797	-0.250833	-2.01803	2.93957	
-0.21181	-1.93255	2.18129	0.000190856	0.000190086	0.00033979	-0.272746	-2.04771	2.95474	
-0.234505	-1.94148	2.31302	0.000190843	0.000190125	0.000339777	-0.265961	-2.03871	2.94608	
-0.271483	-1.93431	2.40854	0.000190774	0.000190206	0.000339766	-0.304593	-2.00795	2.90927	
-0.291474	-1.92697	2.48833	0.000190676	0.000190309	0.000339758	-0.302857	-1.99166	2.89646	
-0.325376	-1.92031	2.53472	0.000190565	0.000190423	0.000339753	-0.338716	-1.97104	2.84083	
-0.344057	-1.91525	2.58578	0.000190462	0.000190531	0.000339749	-0.343348	-1.95807	2.83566	
-0.383274	-1.90523	2.59838	0.000190365	0.000190633	0.000339745	-0.399638	-1.93514	2.77687	
-0.430133	-1.90148	2.60352	0.000190291	0.000190715	0.00033974	-0.455208	-1.93089	2.72809	
-0.465029	-1.87873	2.61528	0.000190236	0.000190777	0.000339734	-0.490281	-1.89061	2.71246	
-0.47815	-1.83963	2.15923	0.000190192	0.000190827	0.000339729	-0.506978	-1.86081	2.69514	
-0.497691	-1.80032	1.79527	0.000190334	0.000190642	0.000339742	-0.544326	-1.8311	2.70103	
-0.544243	-1.77735	1.95898	0.000190557	0.000190326	0.000339783	-0.60945	-1.80109	2.6946	
-0.539487	-1.74431	1.62812	0.000190711	0.000190192	0.000339797	-0.595085	-1.77627	2.67573	
-0.553096	-1.72416	1.81771	0.000190888	0.000189988	0.000339814	-0.595095	-1.7565	2.67365	
-0.57994	-1.69187	1.96782	0.000191001	0.000189912	0.00033981	-0.617697	-1.70707	2.66391	
-0.612228	-1.66368	2.07163	0.000191044	0.000189901	0.000339796	-0.654155	-1.67419	2.61977	
-0.639121	-1.63651	2.15187	0.000191035	0.00018993	0.000339781	-0.674638	-1.64279	2.59106	
-0.650531	-1.60379	1.77969	0.000190991	0.000189986	0.000339769	-0.700444	-1.62322	2.51431	
-0.650785	-1.57554	1.47755	0.00019107	0.000189906	0.000339764	-0.711561	-1.60738	2.50538	
-0.658987	-1.53533	1.23802	0.000191148	0.000189784	0.000339776	-0.743755	-1.55236	2.49777	
-0.671474	-1.5091	1.0408	0.000191166	0.000189715	0.000339802	-0.784243	-1.52881	2.46218	
-0.73058	-1.50241	1.30773	0.000191108	0.000189734	0.000339829	-0.868345	-1.55327	2.46422	
-0.778212	-1.49618	1.51241	0.000191147	0.000189742	0.000339826	-0.907932	-1.55802	2.437	
-0.808557	-1.48075	1.68192	0.000191206	0.000189715	0.000339813	-0.914148	-1.53995	2.4447	
-0.850779	-1.45785	1.80648	0.000191249	0.000189685	0.000339802	-0.948666	-1.50363	2.42554	
-0.896214	-1.44537	1.89243	0.000191262	0.000189677	0.000339794	-0.988422	-1.48954	2.37662	
-0.958923	-1.42894	1.96535	0.000191249	0.000189696	0.000339788	-1.05757	-1.462	2.35071	
-0.979921	-1.4074	1.63309	0.000191217	0.000189737	0.000339782	-1.08309	-1.43831	2.39391	
-1.00557	-1.41116	1.75497	0.000191256	0.000189712	0.000339773	-1.09038	-1.46968	2.36528	
-1.02252	-1.38115	1.86362	0.000191274	0.000189714	0.000339761	-1.08417	-1.42273	2.36642	
-1.05797	-1.38317	1.93943	0.000191265	0.000189734	0.000339751	-1.12254	-1.43639	2.33816	
-1.06278	-1.3566	1.60374	0.000191236	0.000189768	0.000339744	-1.12789	-1.4008	2.30377	
-1.09763	-1.34943	1.71251	0.000191271	0.000189727	0.000339742	-1.17085	-1.40186	2.26213	
-1.13443	-1.35718	1.81224	0.000191291	0.000189717	0.000339737	-1.2043	-1.42751	2.26964	
-1.16464	-1.34296	1.87747	0.000191289	0.000189726	0.000339732	-1.22811	-1.39824	2.24507	
-1.16816	-1.31606	1.55551	0.000191272	0.000189747	0.000339728	-1.23345	-1.35637	2.26118	
-1.20046	-1.28029	1.68511	0.000191299	0.000189708	0.000339731	-1.27595	-1.2967	2.26428	
-1.22834	-1.26111	1.80039	0.000191314	0.0001897	0.000339729	-1.29568	-1.28783	2.28003	
-1.2281	-1.24491	1.49305	0.000191309	0.00018971	0.000339727	-1.29598	-1.28016	2.26993	
-1.21764	-1.22923	1.24209	0.000191324	0.000189683	0.000339729	-1.29195	-1.2723	2.27072	
-1.22678	-1.2089	1.38678	0.000191292	0.000189676	0.000339745	-1.28899	-1.24586	2.18074	
-1.21413	-1.19433	1.1544	0.000191299	0.000189683	0.000339748	-1.27853	-1.23277	2.14411	
-1.22932	-1.17402	1.34157	0.000191245	0.000189725	0.000339754	-1.29106	-1.21173	2.15933	
-1.23087	-1.15208	1.49865	0.000191254	0.000189734	0.000339751	-1.27293	-1.19161	2.18663	
-1.25324	-1.12865	1.61126	0.000191283	0.000189712	0.000339747	-1.30405	-1.16857	2.17088	
-1.26443	-1.10128	1.68478	0.000191308	0.000189687	0.000339745	-1.30556	-1.13421	2.12031	
-1.31363	-1.08947	1.73136	0.000191322	0.000189673	0.000339744	-1.39027	-1.13208	2.05879	
-1.35343	-1.07096	1.77428	0.000191326	0.000189671	0.000339742	-1.43205	-1.10598	2.03012	
-1.36237	-1.04756	1.80905	0.000191322	0.000189679	0.00033974	-1.41288	-1.07562	2.02225	
-1.34075	-1.02648	1.4532	0.000191312	0.000189695	0.000339736	-1.3793	-1.05283	1.99951	
-1.33819	-1.01759	1.55002	0.000191323	0.000189672	0.000339739	-1.35393	-1.05516	2.00523	
-1.32381	-0.983574	1.59082	0.000191337	0.000189667	0.000339737	-1.32492	-0.999157	1.93424	
-1.32669	-0.960873	1.31802	0.000191348	0.000189665	0.000339732	-1.36319	-0.977857	1.91718	
-1.34105	-0.935769	1.40395	0.000191329	0.00018967	0.000339735	-1.37917	-0.951416	1.86576	
-1.36202	-0.913018	1.47627	0.000191329	0.000189678	0.000339734	-1.40912	-0.927361	1.85371	
-1.35343	-0.893687	1.22218	0.000191337	0.000189678	0.00033973	-1.40779	-0.907295	1.88823	
-1.38051	-0.855758	1.33633	0.000191295	0.00018971	0.000339732	-1.45525	-0.855212	1.86537	
-1.39521	-0.842397	1.41695	0.000191291	0.000189722	0.00033973	-1.4536	-0.86544	1.84725	
-1.42506	-0.813519	1.49061	0.000191302	0.000189718	0.000339727	-1.48545	-0.828179	1.83445	
-1.42775	-0.790081	1.53348	0.000191319	0.000189703	0.000339724	-1.465	-0.804066	1.79809	
-1.4338	-0.768581	1.26173	0.000191334	0.000189689	0.000339722	-1.49274	-0.779979	1.79654	
-1.42663	-0.752761	1.35414	0.000191305	0.000189711	0.000339724	-1.46493	-0.776556	1.79079	
-1.42873	-0.709742	1.41723	0.000191302	0.000189719	0.000339723	-1.45908	-0.706231	1.76274	
-1.42473	-0.665295	1.47202	0.000191311	0.000189715	0.000339721	-1.43348	-0.647257	1.75044	
-1.42415	-0.637853	1.50389	0.000191324	0.000189703	0.000339719	-1.43432	-0.621936	1.72586	
-1.4148	-0.603657	1.24306	0.000191337	0.000189692	0.000339717	-1.44088	-0.596612	1.65761	
-1.42608	-0.574663	1.32249	0.000191301	0.000189718	0.00033972	-1.4593	-0.572054	1.67876	
-1.43698	-0.546415	1.37272	0.000191293	0.00018973	0.00033972	-1.47702	-0.54792	1.65823	
-1.42775	-0.519383	1.4034	0.000191297	0.000189731	0.000339718	-1.45476	-0.531094	1.62965	
-1.43183	-0.511594	1.42358	0.000191305	0.000189725	0.000339717	-1.45999	-0.546876	1.59052	
-1.43402	-0.492943	1.43743	0.000191315	0.000189717	0.000339715	-1.45432	-0.522215	1.56865	
-1.42739	-0.474366	1.18518	0.000191324	0.00018971	0.000339714	-1.46946	-0.497836	1.60305	
-1.40214	-0.472515	0.979974	0.000191274	0.000189747	0.000339718	-1.44138	-0.508297	1.62304	
-1.41481	-0.455118	1.08203	0.000191155	0.000189836	0.000339731	-1.46868	-0.482413	1.59249	
-1.43207	-0.438503	1.17373	0.000191108	0.00018989	0.000339735	-1.49173	-0.463433	1.59064	
-1.44706	-0.419352	1.24968	0.000191106	0.000189902	0.000339733	-1.5102	-0.437415	1.59076	
-1.46313	-0.3878	1.30798	0.00019113	0.000189885	0.00033973	-1.5238	-0.38856	1.57835	
-1.49042	-0.354355	1.3399	0.000191164	0.000189854	0.000339727	-1.56868	-0.348846	1.5467	
-1.50578	-0.322566	1.39532	0.000191197	0.000189823	0.000339725	-1.57191	-0.31682	1.58189	
-1.52793	-0.282032	1.40948	0.000191233	0.000189789	0.000339723	-1.59534	-0.266923	1.54814	
-1.53049	-0.261666	1.39825	0.000191261	0.000189763	0.000339722	-1.58158	-0.267425	1.47988	
-1.5386	-0.252864	1.39016	0.000191281	0.000189746	0.000339719	-1.58428	-0.268951	1.43638	
-1.5318	-0.261476	1.38676	0.000191294	0.000189737	0.000339717	-1.56095	-0.305501	1.42621	
-1.51726	-0.250768	1.13787	0.000191302	0.000189731	0.000339715	-1.55234	-0.293008	1.41263	
-1.52579	-0.217215	1.17711	0.000191242	0.000189776	0.000339719	-1.56044	-0.230715	1.39586	
-1.5244	-0.198577	0.972324	0.000191209	0.00018981	0.000339721	-1.57912	-0.215167	1.37933	
-1.51759	-0.178283	1.04414	0.000191105	0.000189898	0.000339728	-1.558	-0.194333	1.38207	
-1.49019	-0.153776	0.857983	0.000191057	0.000189951	0.00033973	-1.51336	-0.153754	1.37251	
-1.48418	-0.130116	0.931823	0.000190939	0.000190059	0.000339734	-1.51483	-0.130826	1.34105	
-1.48228	-0.0845114	0.976598	0.000190886	0.00019012	0.000339734	-1.51805	-0.0593735	1.28466	
-1.4664	-0.0526305	1.01469	0.000190868	0.000190146	0.00033973	-1.48674	-0.0328712	1.26773	
-1.47028	-0.019158	1.0478	0.000190873	0.000190149	0.000339726	-1.49965	0.000168539	1.25026	
-1.45432	0.0168798	0.86142	0.000190891	0.000190135	0.000339722	-1.48941	0.0440082	1.26418	
-1.46143	0.048491	0.932037	0.000190826	0.000190197	0.000339721	-1.50481	0.0693137	1.2704	
-1.46062	0.0650383	0.954214	0.000190808	0.000190219	0.000339719	-1.50491	0.0724321	1.19364	
-1.4698	0.0801388	0.786624	0.000190804	0.000190226	0.000339717	-1.54108	0.0844893	1.16421	
-1.4689	0.104941	0.841803	0.000190726	0.000190299	0.000339718	-1.53312	0.106428	1.1435	
-1.46243	0.123652	0.688409	0.000190693	0.000190335	0.000339717	-1.53227	0.131763	1.06185	
-1.46413	0.150622	0.758528	0.000190596	0.000190425	0.000339719	-1.52609	0.155743	1.07695	
-1.47287	0.179685	0.820274	0.000190558	0.000190467	0.000339719	-1.54128	0.186319	1.09736	
-1.4852	0.205846	0.861045	0.000190559	0.000190469	0.000339718	-1.55118	0.214673	1.07366	
-1.50085	0.207357	0.903765	0.00019058	0.00019045	0.000339716	-1.57232	0.188493	1.09045	
-1.49105	0.249744	0.743517	0.000190616	0.000190415	0.000339715	-1.55061	0.271028	1.09825	
-1.45821	0.281626	0.795178	0.000190572	0.000190458	0.000339715	-1.48099	0.305079	1.08027	
-1.41757	0.309204	0.656323	0.000190561	0.000190471	0.000339714	-1.42381	0.347989	1.09901	
-1.37998	0.330148	0.718359	0.000190489	0.000190539	0.000339715	-1.36667	0.354936	1.06347	
-1.36341	0.352961	0.592619	0.000190463	0.000190567	0.000339715	-1.37234	0.384974	1.03948	
-1.34385	0.398798	0.669196	0.000190387	0.00019064	0.000339716	-1.35231	0.4453	1.03299	
-1.34108	0.41293	0.555505	0.000190365	0.000190664	0.000339716	-1.38126	0.444521	0.997122	
-1.31688	0.450895	0.628456	0.0001903	0.000190728	0.000339716	-1.34106	0.48571	0.98124	
-1.29831	0.466128	0.674811	0.000190284	0.000190747	0.000339715	-1.32423	0.475409	0.950833	
-1.2915	0.498503	0.557659	0.000190293	0.000190739	0.000339714	-1.33411	0.528353	0.946399	
-1.29386	0.514842	0.619792	0.000190251	0.000190781	0.000339714	-1.34272	0.536458	0.938872	
-1.2788	0.53013	0.66315	0.000190246	0.000190788	0.000339713	-1.31572	0.532309	0.920465	
-1.25488	0.54316	0.694795	0.000190261	0.000190773	0.000339712	-1.27693	0.536903	0.905109	
-1.24648	0.567038	0.567941	0.000190288	0.000190747	0.000339712	-1.28455	0.578118	0.919623	
-1.23757	0.576971	0.462961	0.000190254	0.00019078	0.000339712	-1.28403	0.588253	0.985101	
-1.21822	0.600965	0.535179	0.000190182	0.000190846	0.000339714	-1.26105	0.620037	0.948498	
-1.21004	0.637312	0.593419	0.000190159	0.000190871	0.000339714	-1.25488	0.665521	0.921998	
-1.20209	0.675877	0.65805	0.000190166	0.000190866	0.000339714	-1.24352	0.710858	0.938717	
-1.17907	0.696616	0.703977	0.000190199	0.000190832	0.000339714	-1.20287	0.710608	0.936383	
-1.14476	0.730707	0.730129	0.000190246	0.000190785	0.000339714	-1.14814	0.757745	0.916767	
-1.14393	0.766536	0.771459	0.000190294	0.000190737	0.000339714	-1.17017	0.797961	0.947743	
-1.14383	0.805177	0.789243	0.000190348	0.000190682	0.000339715	-1.17747	0.839059	0.924852	
-1.13446	0.817848	0.646969	0.000190397	0.000190633	0.000339715	-1.17489	0.838825	0.870643	
-1.11162	0.861254	0.677899	0.000190371	0.000190659	0.000339715	-1.13562	0.899574	0.855635	
-1.08835	0.893332	0.551482	0.000190362	0.00019067	0.000339714	-1.11641	0.937785	0.865042	
-1.05705	0.914611	0.448259	0.000190298	0.00019073	0.000339715	-1.0803	0.958842	0.825722	
-1.04849	0.95881	0.501256	0.000190206	0.000190814	0.000339718	-1.07806	1.01349	0.805795	
-1.0402	0.984769	0.409913	0.000190161	0.000190862	0.000339719	-1.08405	1.03817	0.808302	
-1.02545	1.01472	0.456959	0.000190093	0.000190929	0.00033972	-1.06134	1.06135	0.764968	
-1.01565	1.06011	0.511547	0.000190062	0.000190964	0.000339719	-1.05265	1.1249	0.767867	
-0.996624	1.08491	0.4179	0.000190061	0.000190968	0.000339717	-1.02872	1.14228	0.752552	
-0.986868	1.1119	0.469622	0.000190027	0.000191003	0.000339716	-1.0235	1.15753	0.737168	
-0.963593	1.14358	0.508256	0.000190021	0.000191012	0.000339714	-0.986458	1.19208	0.724646	
-0.959456	1.16439	0.547076	0.000190032	0.000191003	0.000339713	-0.992743	1.19927	0.730796	
-0.941516	1.18782	0.441612	0.000190055	0.000190979	0.000339712	-0.969815	1.22688	0.688616	
-0.911584	1.20707	0.353488	0.000190034	0.000191	0.000339712	-0.938493	1.24674	0.679859	
-0.899385	1.23693	0.287994	0.000189986	0.000191045	0.000339713	-0.9347	1.29065	0.695559	
-0.853166	1.26385	0.346834	0.00018993	0.000191097	0.000339715	-0.857601	1.31472	0.676179	
-0.816152	1.29937	0.413545	0.000189908	0.000191122	0.000339715	-0.813908	1.35038	0.697583	
-0.78914	1.35221	0.472676	0.000189912	0.000191119	0.000339715	-0.784373	1.41756	0.728575	
-0.738792	1.38878	0.499672	0.000189937	0.000191094	0.000339714	-0.712175	1.45594	0.701655	
-0.706418	1.41373	0.504685	0.000189967	0.000191064	0.000339714	-0.686763	1.46465	0.647798	
-0.680189	1.44891	0.411214	0.000189993	0.00019104	0.000339714	-0.671283	1.50852	0.638777	
-0.650459	1.48538	0.448551	0.000189979	0.000191054	0.000339713	-0.633637	1.54188	0.630916	
-0.620996	1.50068	0.360528	0.000189981	0.000191054	0.000339712	-0.622607	1.54022	0.625421	
-0.588801	1.49489	0.385931	0.000189951	0.000191082	0.000339712	-0.588831	1.49369	0.59342	
-0.550539	1.49831	0.400928	0.000189938	0.000191097	0.000339712	-0.537259	1.48733	0.566726	
-0.52386	1.51979	0.415845	0.000189933	0.000191103	0.000339711	-0.515189	1.52272	0.550183	
-0.522543	1.52965	0.436877	0.000189934	0.000191103	0.00033971	-0.545964	1.52574	0.552037	
-0.472635	1.52096	0.348247	0.000189943	0.000191094	0.00033971	-0.47219	1.50631	0.522552	
-0.425283	1.54359	0.356798	0.00018992	0.000191116	0.00033971	-0.404489	1.54374	0.479745	
-0.369856	1.55708	0.361025	0.000189906	0.00019113	0.00033971	-0.339557	1.55958	0.451643	
-0.332025	1.56374	0.292893	0.000189897	0.00019114	0.00033971	-0.309305	1.56483	0.39081	
-0.296994	1.57597	0.3031	0.00018987	0.000191165	0.00033971	-0.281639	1.57737	0.388864	
-0.252485	1.58276	0.315933	0.000189854	0.000191182	0.00033971	-0.227566	1.58201	0.393815	
-0.219411	1.6044	0.300287	0.000189845	0.000191192	0.00033971	-0.20614	1.61398	0.343826	
-0.170392	1.62988	0.289397	0.000189835	0.000191202	0.00033971	-0.141844	1.65555	0.316972	
-0.13208	1.67357	0.29727	0.000189825	0.000191212	0.000339709	-0.108564	1.71931	0.331088	
-0.123257	1.70217	0.289729	0.00018982	0.000191218	0.000339709	-0.128903	1.75695	0.320463	
-0.101613	1.71269	0.280842	0.000189814	0.000191224	0.000339709	-0.109896	1.74683	0.307563	
-0.0684937	1.71294	0.278807	0.000189808	0.00019123	0.000339709	-0.0691234	1.72223	0.313324	
-0.0300517	1.72425	0.220708	0.000189803	0.000191235	0.000339708	-0.0227085	1.74326	0.318374	
-0.0147852	1.73002	0.24479	0.000189786	0.000191251	0.000339709	-0.0176178	1.73458	0.355454	
0.0242017	1.74997	0.243709	0.000189779	0.000191259	0.000339709	0.033723	1.76897	0.317183	
0.0563457	1.76165	0.193204	0.000189773	0.000191264	0.000339709	0.0529076	1.7779	0.321248	
0.0850985	1.7724	0.192605	0.000189759	0.000191278	0.000339709	0.0849432	1.78892	0.295995	
0.123919	1.8024	0.200882	0.000189749	0.000191288	0.000339709	0.131755	1.83808	0.273919	
0.156048	1.80544	0.187561	0.000189743	0.000191295	0.000339709	0.163215	1.82001	0.237733	
0.190932	1.80755	0.196372	0.000189736	0.000191301	0.000339709	0.198232	1.80287	0.25802	
0.208841	1.82642	0.216397	0.000189733	0.000191305	0.000339709	0.19901	1.83729	0.282313	
0.234861	1.83925	0.212312	0.000189735	0.000191304	0.000339709	0.222826	1.85353	0.264595	
0.264869	1.84961	0.195803	0.000189735	0.000191303	0.000339708	0.250745	1.86583	0.224776	
0.296957	1.87293	0.205513	0.000189733	0.000191306	0.000339708	0.287803	1.90215	0.254163	
0.338527	1.8716	0.202364	0.000189733	0.000191306	0.000339708	0.34665	1.87926	0.251517	
0.387967	1.88955	0.155235	0.000189732	0.000191307	0.000339708	0.420912	1.91129	0.219396	
0.430552	1.90485	0.150389	0.000189724	0.000191314	0.000339708	0.465751	1.92982	0.189191	
0.461211	1.91957	0.160396	0.000189717	0.000191321	0.000339708	0.486237	1.94787	0.208016	
0.517645	1.93368	0.169176	0.000189713	0.000191325	0.000339708	0.556013	1.95745	0.23237	
0.56278	1.94721	0.151699	0.000189712	0.000191326	0.000339708	0.601058	1.96745	0.189163	
0.616315	1.9356	0.1396	0.000189709	0.00019133	0.000339708	0.665516	1.93147	0.176776	
0.685387	1.94448	0.111643	0.000189705	0.000191334	0.000339708	0.755057	1.94026	0.134404	
0.741919	1.94864	0.0938629	0.000189698	0.00019134	0.000339708	0.809698	1.95199	0.102519	
0.786365	1.95777	0.0655005	0.000189691	0.000191346	0.000339709	0.841043	1.96897	0.133775	
0.824145	1.96431	0.0558139	0.000189684	0.000191353	0.000339709	0.868875	1.96756	0.10324	
0.867828	1.97486	0.0309856	0.000189678	0.000191358	0.000339709	0.908849	1.9916	0.0921831	
0.889676	1.97701	0.0387955	0.000189673	0.000191363	0.000339709	0.9021	1.98492	0.100589	
0.932207	1.99608	0.0209408	0.00018967	0.000191367	0.000339709	0.952964	2.02915	0.0701763	
0.991305	2.02345	0.0136176	0.000189667	0.00019137	0.000339709	1.03331	2.06928	0.053305	
1.02274	2.0244	-0.000819187	0.000189665	0.000191372	0.000339709	1.04982	2.04989	0.0169428	
1.05816	2.03768	-0.0257856	0.000189664	0.000191374	0.000339709	1.09042	2.06932	-0.0279524	
1.10399	2.04763	-0.0435296	0.000189663	0.000191375	0.000339709	1.14052	2.07359	-0.0553994	
1.1469	2.0677	-0.0503468	0.000189662	0.000191375	0.000339709	1.17575	2.09724	-0.0549934	
1.18329	2.04713	-0.0433287	0.000189663	0.000191374	0.000339709	1.19962	2.039	-0.00936959	
1.21233	2.04248	-0.0572639	0.000189663	0.000191374	0.000339709	1.2198	2.03902	-0.0326058	
1.25338	2.03581	-0.0905585	0.000189664	0.000191374	0.000339709	1.27676	2.03009	-0.0909509	
1.29364	2.02902	-0.0891517	0.000189666	0.000191371	0.000339709	1.32011	2.01822	-0.122334	
1.33562	2.03059	-0.121647	0.000189669	0.000191369	0.000339709	1.36029	2.02791	-0.164419	
1.38407	2.03494	-0.143762	0.000189673	0.000191364	0.000339709	1.41734	2.04333	-0.17888	
1.40707	2.04236	-0.163271	0.000189678	0.000191358	0.000339709	1.41863	2.05187	-0.19281	
1.43292	2.03693	-0.181521	0.000189685	0.000191351	0.00033971	1.43208	2.05119	-0.198977	
1.46862	2.05763	-0.202014	0.000189693	0.000191343	0.00033971	1.47858	2.09671	-0.218363	
1.49829	2.05766	-0.222874	0.000189703	0.000191333	0.00033971	1.50848	2.08412	-0.230724	
