0.00921162	0.0669581	0.0541714	0.00090909	0.00090909	0.00179487	0.0222783	0.0248711	0.0331304	
0.0648568	0.0795185	0.0415242	0.000466711	0.000466905	0.000916628	0.0658584	0.0517843	0.0279897	
0.10669	0.0377049	0.108225	0.000329456	0.000329944	0.000640339	0.105181	0.0141871	0.107504	
0.131286	0.0313018	0.0804997	0.000267716	0.000268477	0.000513536	0.126063	0.0224404	0.0582496	
0.183635	0.0410581	0.0786532	0.000235439	0.000236437	0.000445526	0.187029	0.0435586	0.0819664	
0.202256	0.0424444	0.0870824	0.000217236	0.000218426	0.000405995	0.193839	0.0527308	0.0868349	
0.229291	0.0371287	0.120965	0.00020653	0.000207869	0.000381939	0.216541	0.030427	0.137025	
0.257559	0.0184895	0.10531	0.00020008	0.000201524	0.000366891	0.24732	0.000316439	0.175921	
0.289886	0.0435298	0.149266	0.000196135	0.000197657	0.000357317	0.285639	0.0553002	0.204294	
0.317885	0.059438	0.165474	0.000193704	0.000195272	0.00035116	0.314871	0.083315	0.198086	
0.36587	0.0724067	0.200086	0.000192199	0.000193792	0.000347174	0.379089	0.0926675	0.23839	
0.392762	0.0738835	0.19922	0.000191267	0.000192866	0.000344583	0.403143	0.079526	0.215817	
0.415685	0.0867253	0.229479	0.000190688	0.000192287	0.000342893	0.413151	0.0871622	0.246747	
0.433722	0.0912861	0.260617	0.000190332	0.000191919	0.000341791	0.418494	0.0876764	0.284004	
0.453573	0.0966911	0.285005	0.000190117	0.000191681	0.00034107	0.431229	0.0945272	0.307221	
0.462459	0.119178	0.295465	0.00018999	0.000191524	0.000340599	0.4217	0.133492	0.30409	
0.506612	0.131932	0.305591	0.000189916	0.00019142	0.000340291	0.496874	0.145953	0.303181	
0.53191	0.149074	0.319135	0.000189874	0.000191351	0.00034009	0.526368	0.171248	0.315196	
0.559165	0.167235	0.346554	0.000189853	0.000191303	0.000339958	0.558551	0.187686	0.358069	
0.578552	0.165845	0.377518	0.000189848	0.000191263	0.000339872	0.566722	0.167492	0.410323	
0.593302	0.185542	0.416541	0.000189856	0.000191226	0.000339816	0.574129	0.190765	0.453923	
0.613207	0.194465	0.451676	0.000189876	0.000191188	0.00033978	0.597528	0.192695	0.496472	
0.640673	0.202642	0.488473	0.000189904	0.000191148	0.000339756	0.631772	0.201566	0.549367	
0.655733	0.217731	0.524902	0.000189939	0.000191105	0.000339741	0.633342	0.219527	0.579327	
0.689934	0.238978	0.561823	0.000189979	0.00019106	0.000339732	0.678687	0.244827	0.616368	
0.710197	0.27021	0.589637	0.000190024	0.000191011	0.000339726	0.700683	0.28953	0.620201	
0.741039	0.293153	0.592977	0.00019007	0.000190964	0.000339722	0.73829	0.31288	0.592831	
0.763989	0.305757	0.633152	0.000190106	0.000190928	0.000339719	0.761107	0.30871	0.662724	
0.776803	0.326439	0.542588	0.000190149	0.000190884	0.000339717	0.752031	0.345044	0.658464	
0.804678	0.333569	0.57343	0.000190144	0.00019089	0.000339715	0.798377	0.329861	0.665259	
0.820335	0.341327	0.582942	0.000190151	0.000190884	0.000339714	0.808624	0.329728	0.620949	
0.859606	0.372884	0.606043	0.00019016	0.000190876	0.000339712	0.86472	0.383286	0.63515	
0.876809	0.406138	0.52034	0.000190176	0.000190861	0.000339711	0.867088	0.435478	0.630238	
0.915139	0.417082	0.545127	0.000190153	0.000190883	0.000339711	0.921261	0.430949	0.623641	
0.927826	0.440101	0.580355	0.000190144	0.000190892	0.00033971	0.912202	0.459514	0.651937	
0.941866	0.465244	0.602628	0.000190152	0.000190885	0.00033971	0.920309	0.483858	0.657021	
0.972107	0.475	0.511704	0.000190168	0.000190869	0.00033971	0.955383	0.486666	0.672924	
0.988005	0.488006	0.549366	0.000190143	0.000190894	0.00033971	0.964039	0.493297	0.668909	
1.01665	0.514799	0.592427	0.000190139	0.000190899	0.00033971	1.00214	0.530548	0.69031	
1.03929	0.550714	0.633775	0.000190153	0.000190884	0.000339709	1.02697	0.578289	0.72476	
1.05209	0.570222	0.541693	0.000190181	0.000190855	0.00033971	1.03106	0.599058	0.777016	
1.0674	0.61538	0.612007	0.000190165	0.000190871	0.00033971	1.0489	0.654254	0.804412	
1.0705	0.648482	0.65959	0.000190181	0.000190855	0.00033971	1.04236	0.683899	0.809231	
1.07781	0.680297	0.564555	0.000190214	0.000190822	0.00033971	1.03803	0.722723	0.766123	
1.07591	0.731086	0.614678	0.000190199	0.000190837	0.00033971	1.02987	0.793401	0.76314	
1.09133	0.779049	0.65909	0.000190208	0.000190829	0.00033971	1.0582	0.850136	0.783593	
1.1131	0.819381	0.712269	0.000190233	0.000190803	0.00033971	1.10182	0.875869	0.818512	
1.14985	0.852681	0.747205	0.000190275	0.000190759	0.000339711	1.15259	0.899155	0.835484	
1.16877	0.909693	0.79187	0.000190323	0.00019071	0.000339711	1.17194	0.968241	0.860175	
1.18431	0.933628	0.830732	0.000190379	0.000190653	0.000339712	1.18371	0.962881	0.896294	
1.19367	0.961851	0.703627	0.000190438	0.000190592	0.000339713	1.17363	1.00009	0.881504	
1.2202	0.979801	0.743037	0.000190427	0.000190605	0.000339714	1.21851	0.997914	0.876083	
1.24313	0.997603	0.793588	0.000190434	0.0001906	0.000339713	1.24222	1.00655	0.909535	
1.25035	1.02675	0.832177	0.000190461	0.000190574	0.000339712	1.23397	1.04104	0.924845	
1.27125	1.03261	0.856675	0.000190498	0.000190536	0.000339712	1.26023	1.02586	0.922975	
1.29171	1.07921	0.877205	0.000190537	0.000190497	0.000339712	1.28589	1.10454	0.916631	
1.30674	1.11438	0.915618	0.000190576	0.000190458	0.000339712	1.30251	1.14322	0.957892	
1.32105	1.1569	0.91642	0.000190621	0.000190412	0.000339712	1.30999	1.19175	0.925108	
1.33217	1.19473	0.928816	0.000190656	0.000190378	0.000339712	1.31691	1.22965	0.934522	
1.3711	1.20674	0.944148	0.000190687	0.000190348	0.000339711	1.38019	1.21067	0.944472	
1.38008	1.23789	0.952765	0.000190716	0.00019032	0.000339711	1.37846	1.24788	0.947095	
1.40123	1.28185	0.959719	0.00019074	0.000190296	0.000339711	1.39857	1.30996	0.941153	
1.43344	1.32766	0.960475	0.000190762	0.000190275	0.00033971	1.44126	1.36582	0.925811	
1.45162	1.37262	0.811788	0.000190777	0.00019026	0.00033971	1.44767	1.42528	0.979328	
1.45948	1.41742	0.84944	0.000190721	0.000190311	0.000339711	1.44454	1.47687	0.971575	
1.4826	1.45252	0.897736	0.000190695	0.000190338	0.000339712	1.47599	1.50686	1.00159	
1.48952	1.49543	0.763388	0.000190697	0.000190337	0.000339712	1.46397	1.54991	0.992037	
1.50928	1.53059	0.651931	0.000190638	0.000190393	0.000339713	1.48191	1.58767	0.996887	
1.51987	1.56808	0.734151	0.000190539	0.000190483	0.000339716	1.48457	1.6191	1.00357	
1.53091	1.61537	0.628539	0.000190505	0.000190521	0.000339717	1.48223	1.68558	1.06142	
1.52841	1.66557	0.720284	0.000190433	0.000190592	0.000339718	1.4692	1.73357	1.05565	
1.54527	1.69235	0.79348	0.000190421	0.000190607	0.000339717	1.50538	1.73664	1.05465	
1.54932	1.74049	0.859914	0.000190447	0.000190583	0.000339716	1.50886	1.78472	1.06206	
1.54387	1.78289	0.930643	0.000190497	0.000190531	0.000339716	1.49401	1.82816	1.10607	
1.54981	1.81241	0.999384	0.000190566	0.000190459	0.000339717	1.51557	1.83843	1.15856	
1.5565	1.83571	0.846987	0.000190648	0.000190373	0.000339719	1.51504	1.85861	1.18484	
1.56322	1.88407	0.938954	0.000190647	0.000190378	0.000339719	1.53153	1.9182	1.21576	
1.56532	1.94594	1.0077	0.000190684	0.000190344	0.000339718	1.53566	2.00765	1.22888	
1.56694	1.9769	1.06742	0.000190739	0.000190288	0.000339717	1.53436	2.01896	1.24321	
1.59474	2.01751	0.903634	0.000190804	0.000190222	0.000339718	1.56913	2.07384	1.25473	
1.59346	2.04897	0.769041	0.000190786	0.000190241	0.000339717	1.53669	2.10155	1.2853	
1.58657	2.0755	0.889045	0.000190706	0.000190314	0.00033972	1.52377	2.11527	1.31232	
1.5832	2.13865	0.992325	0.000190701	0.000190324	0.000339719	1.52732	2.20027	1.34161	
1.60546	2.16537	0.848551	0.000190741	0.000190285	0.000339719	1.55117	2.21772	1.33939	
1.59618	2.20436	0.951138	0.000190712	0.000190316	0.000339718	1.53448	2.24683	1.34412	
1.58693	2.24559	1.04303	0.000190733	0.000190296	0.000339716	1.52019	2.28705	1.35348	
1.58796	2.28778	1.12206	0.000190787	0.000190241	0.000339716	1.53177	2.33345	1.37921	
1.58876	2.305	1.18838	0.000190858	0.000190166	0.000339718	1.54646	2.31583	1.39279	
1.60628	2.32806	1.21901	0.000190934	0.000190086	0.00033972	1.58832	2.32104	1.36665	
1.61451	2.35821	1.25164	0.000191001	0.000190018	0.000339722	1.60908	2.35703	1.35937	
1.60503	2.37843	1.27908	0.00019106	0.00018996	0.000339722	1.58425	2.36631	1.35605	
1.60456	2.41269	1.30637	0.000191111	0.000189911	0.000339722	1.58467	2.41132	1.36773	
1.59306	2.44645	1.34532	0.000191154	0.00018987	0.000339721	1.55554	2.45323	1.41661	
1.60057	2.46702	1.37694	0.000191194	0.000189831	0.00033972	1.57639	2.45544	1.43033	
1.60222	2.50247	1.38826	0.000191229	0.000189797	0.000339719	1.58706	2.50486	1.40401	
1.60719	2.51357	1.42677	0.000191256	0.000189772	0.000339717	1.59402	2.4888	1.46405	
1.6031	2.55265	1.43733	0.000191281	0.000189748	0.000339717	1.58896	2.54443	1.45699	
1.60277	2.58842	1.21288	0.000191301	0.00018973	0.000339715	1.56674	2.5925	1.51022	
1.60921	2.62682	1.27448	0.000191267	0.000189756	0.000339718	1.58371	2.6381	1.50693	
1.60213	2.66481	1.34722	0.000191257	0.000189769	0.000339718	1.57789	2.67722	1.54114	
1.5984	2.69077	1.39614	0.000191266	0.000189763	0.000339717	1.57721	2.69335	1.55239	
1.58259	2.71795	1.43076	0.000191282	0.000189749	0.000339716	1.54492	2.718	1.54429	
1.58732	2.73459	1.45958	0.000191299	0.000189732	0.000339715	1.56865	2.71906	1.55072	
1.6013	2.77337	1.22819	0.000191315	0.000189717	0.000339714	1.57494	2.78231	1.55939	
1.59792	2.82709	1.31224	0.000191281	0.000189743	0.000339717	1.56303	2.85327	1.5808	
1.5952	2.87101	1.10912	0.000191276	0.000189751	0.000339717	1.54118	2.90449	1.66639	
1.58282	2.91706	0.949593	0.000191211	0.000189805	0.000339721	1.4998	2.96086	1.70021	
1.56611	2.9401	1.10691	0.000191095	0.000189901	0.00033973	1.48844	2.96196	1.71264	
1.55804	3.0024	1.25894	0.000191073	0.000189933	0.000339732	1.49667	3.0448	1.76636	
1.56454	3.04601	1.3621	0.000191105	0.000189905	0.000339731	1.52868	3.08836	1.76692	
1.54207	3.08632	1.45008	0.000191156	0.000189852	0.000339731	1.48834	3.11549	1.76656	
1.53943	3.13063	1.52048	0.000191208	0.000189796	0.000339733	1.50148	3.1642	1.77236	
1.54314	3.16119	1.57808	0.000191254	0.000189747	0.000339735	1.51928	3.18182	1.77984	
1.53557	3.20514	1.62164	0.00019129	0.000189711	0.000339736	1.5151	3.22973	1.77436	
1.53976	3.24717	1.6562	0.000191315	0.000189689	0.000339735	1.53314	3.26815	1.76026	
1.54345	3.28571	1.39238	0.000191331	0.000189677	0.000339734	1.51167	3.30796	1.74012	
1.54465	3.31232	1.48376	0.000191331	0.000189677	0.000339733	1.51384	3.32138	1.77523	
1.561	3.33705	1.25001	0.000191341	0.000189675	0.00033973	1.5282	3.34125	1.75378	
1.56389	3.34759	1.06437	0.000191306	0.000189699	0.000339732	1.50815	3.32998	1.75257	
1.54363	3.35978	1.21574	0.000191215	0.000189765	0.000339742	1.47256	3.33256	1.77081	
1.52467	3.3842	1.3176	0.000191199	0.000189794	0.000339742	1.45984	3.36273	1.74439	
1.49741	3.4197	1.40575	0.000191215	0.00018979	0.000339739	1.42137	3.41644	1.73434	
1.48773	3.43674	1.49829	0.000191244	0.000189765	0.000339735	1.43439	3.41738	1.77232	
1.47462	3.47827	1.57444	0.000191277	0.000189732	0.000339733	1.43065	3.46862	1.80391	
1.44994	3.51997	1.65535	0.000191305	0.000189702	0.000339733	1.39975	3.52303	1.85315	
1.43283	3.5656	1.72969	0.000191323	0.000189681	0.000339734	1.39398	3.58611	1.90413	
1.38758	3.6041	1.79666	0.000191328	0.000189674	0.000339735	1.32857	3.62483	1.95799	
1.35514	3.64178	1.8593	0.00019132	0.000189681	0.000339736	1.29789	3.66614	2.00206	
1.33494	3.67013	1.90795	0.000191299	0.000189702	0.000339737	1.28937	3.68395	2.02984	
1.30022	3.70828	1.96852	0.000191269	0.000189734	0.000339736	1.24956	3.72415	2.09454	
1.26445	3.72965	2.02411	0.000191228	0.000189777	0.000339735	1.21044	3.73042	2.13542	
1.25695	3.75712	1.69104	0.000191178	0.000189828	0.000339734	1.20327	3.74416	2.12092	
1.24809	3.78414	1.76794	0.000191219	0.000189781	0.000339736	1.20533	3.77757	2.09863	
1.23654	3.81072	1.85392	0.000191243	0.000189765	0.000339734	1.21442	3.80117	2.11722	
1.21985	3.82152	1.92542	0.000191245	0.000189772	0.00033973	1.1991	3.79934	2.14665	
1.20982	3.85888	1.97241	0.000191226	0.000189794	0.000339726	1.20413	3.85943	2.13903	
1.19434	3.89647	2.02616	0.000191196	0.000189826	0.000339724	1.19108	3.90884	2.15942	
1.18092	3.93266	2.06834	0.000191155	0.000189868	0.000339722	1.17678	3.95017	2.17688	
1.19283	3.95948	2.10966	0.000191108	0.000189915	0.000339722	1.22635	3.96773	2.20246	
1.1985	3.98553	2.14761	0.000191056	0.000189967	0.000339721	1.23644	3.98778	2.23055	
1.18835	4.02056	2.19644	0.000191002	0.000190022	0.00033972	1.22336	4.03375	2.28199	
1.1844	4.0555	2.23832	0.000190941	0.000190082	0.00033972	1.21908	4.07161	2.31487	
1.177	4.06652	2.25217	0.000190877	0.000190146	0.00033972	1.21336	4.0605	2.29412	
1.15994	4.09521	2.27902	0.000190825	0.000190201	0.000339719	1.19101	4.09168	2.31803	
1.14874	4.12721	2.32368	0.000190774	0.000190253	0.000339718	1.17877	4.13218	2.38302	
1.11677	4.16485	2.3705	0.000190716	0.000190311	0.000339718	1.12611	4.19097	2.43014	
1.08578	4.19465	2.39258	0.000190652	0.000190375	0.000339717	1.07724	4.21343	2.43216	
1.07968	4.23698	1.99986	0.000190595	0.000190433	0.000339717	1.05621	4.2368	2.50084	
1.0734	4.28577	1.67923	0.000190707	0.000190292	0.000339727	1.03345	4.28322	2.51509	
1.0399	4.30334	1.85755	0.000190868	0.000190062	0.000339758	0.986577	4.28655	2.5305	
1.02682	4.34372	1.56602	0.000190971	0.000189976	0.000339767	0.952252	4.33035	2.52487	
1.01994	4.36057	1.75021	0.000191083	0.000189845	0.00033978	0.974677	4.34179	2.50924	
0.98675	4.36458	1.92521	0.000191154	0.0001898	0.000339776	0.938323	4.32654	2.56083	
0.960614	4.36302	2.09268	0.000191166	0.000189806	0.000339768	0.920056	4.31212	2.63647	
0.953265	4.38283	1.75916	0.000191112	0.000189861	0.000339764	0.897963	4.32645	2.68477	
0.94438	4.3868	1.93882	0.000191164	0.000189818	0.000339758	0.909137	4.32419	2.68038	
0.921986	4.402	2.09203	0.000191164	0.000189832	0.00033975	0.897131	4.34211	2.68792	
0.91258	4.42107	2.21479	0.000191108	0.000189889	0.000339745	0.907933	4.38094	2.69723	
0.891299	4.44025	2.32857	0.000191011	0.00018998	0.000339745	0.885849	4.40131	2.72488	
0.840751	4.45123	2.39859	0.000190884	0.000190099	0.000339748	0.813112	4.41076	2.69717	
0.810278	4.46588	2.46974	0.000190756	0.000190225	0.00033975	0.78495	4.43796	2.70719	
0.761943	4.48269	2.54117	0.000190628	0.000190353	0.000339751	0.728017	4.46621	2.74297	
0.72697	4.50296	2.58295	0.000190502	0.000190481	0.000339751	0.694835	4.4871	2.73037	
0.677447	4.53507	2.64772	0.000190393	0.000190596	0.000339749	0.629748	4.53926	2.8021	
0.642738	4.57281	2.21191	0.000190288	0.000190706	0.000339746	0.574872	4.55977	2.75434	
0.614543	4.61244	1.86147	0.000190387	0.00019059	0.000339751	0.539277	4.58555	2.77609	
0.58348	4.61436	2.04264	0.000190582	0.000190326	0.000339778	0.522006	4.56709	2.75704	
0.543481	4.63462	2.21508	0.000190701	0.00019023	0.000339784	0.482888	4.60295	2.82124	
0.517454	4.66241	2.3457	0.000190725	0.000190232	0.000339778	0.474857	4.64986	2.83887	
0.494138	4.67477	1.97373	0.000190679	0.000190292	0.000339769	0.431144	4.62422	2.86468	
0.474568	4.68716	2.15772	0.000190788	0.000190183	0.000339765	0.433287	4.64404	2.87398	
0.429269	4.71189	2.308	0.000190809	0.00019018	0.000339756	0.375994	4.68438	2.88727	
0.393019	4.72159	2.43056	0.000190756	0.00019024	0.000339749	0.354184	4.69408	2.88867	
0.349349	4.72396	2.54123	0.000190654	0.000190339	0.000339746	0.307245	4.6948	2.92817	
0.333768	4.75199	2.12843	0.000190524	0.000190464	0.000339747	0.283791	4.71061	2.89337	
0.297685	4.76468	2.30374	0.000190606	0.000190378	0.000339749	0.250514	4.72525	2.93566	
0.264587	4.77105	2.43163	0.000190606	0.000190391	0.000339745	0.22967	4.73578	2.93414	
0.219186	4.76859	2.54335	0.000190548	0.000190456	0.00033974	0.181365	4.7319	2.93489	
0.170085	4.77501	2.62556	0.000190449	0.000190553	0.000339738	0.126864	4.74785	2.94053	
0.125513	4.8028	2.69253	0.00019034	0.00019066	0.000339738	0.0873359	4.80093	2.94023	
0.0954665	4.83604	2.25102	0.000190232	0.000190767	0.000339739	0.0430997	4.81088	2.95287	
0.0462111	4.84352	1.90067	0.000190329	0.000190652	0.000339745	-0.0419818	4.77737	2.95269	
0.0118364	4.84379	2.09906	0.000190527	0.000190385	0.000339774	-0.0648959	4.77894	2.93026	
-0.024211	4.84419	2.26757	0.00019064	0.000190296	0.00033978	-0.0878976	4.78362	2.9314	
-0.0568712	4.85455	2.42117	0.000190657	0.000190303	0.000339774	-0.104223	4.80601	2.94717	
-0.0787868	4.88271	2.03184	0.000190593	0.000190378	0.000339768	-0.145702	4.82502	2.93127	
-0.130257	4.90272	2.22667	0.000190702	0.000190268	0.000339764	-0.198397	4.85835	2.95482	
-0.160254	4.90484	2.38307	0.000190716	0.000190272	0.000339756	-0.209936	4.85475	2.96574	
-0.188617	4.91659	2.52018	0.000190653	0.000190342	0.00033975	-0.223957	4.87365	3.01078	
-0.217582	4.91632	2.6361	0.000190536	0.000190454	0.000339748	-0.227762	4.87117	3.04324	
-0.255393	4.92528	2.72672	0.000190394	0.000190587	0.00033975	-0.276064	4.89716	3.04372	
-0.267976	4.94502	2.28695	0.000190253	0.000190723	0.000339753	-0.294506	4.88676	3.06217	
-0.305582	4.94059	2.44098	0.000190331	0.000190642	0.000339756	-0.336925	4.88034	3.05933	
-0.338392	4.91875	2.57672	0.00019034	0.000190649	0.000339751	-0.36398	4.84533	3.06829	
-0.384283	4.91968	2.67584	0.000190289	0.00019071	0.000339746	-0.420514	4.85452	3.06321	
-0.396635	4.93881	2.77516	0.000190207	0.000190794	0.000339742	-0.393621	4.91327	3.10121	
-0.433998	4.94754	2.8631	0.000190107	0.000190891	0.000339741	-0.443444	4.93105	3.13803	
-0.47026	4.96796	2.39793	0.000190006	0.000190989	0.000339741	-0.503894	4.92334	3.15381	
-0.505442	4.97488	2.55563	0.000190093	0.000190884	0.000339748	-0.538323	4.93551	3.17196	
-0.559434	4.95922	2.68238	0.000190117	0.000190875	0.000339746	-0.600683	4.89823	3.16333	
-0.585771	4.96864	2.76487	0.000190085	0.000190917	0.000339742	-0.606011	4.92815	3.13098	
-0.624828	4.95158	2.86818	0.00019003	0.000190977	0.000339738	-0.645194	4.90571	3.18099	
-0.651433	4.93834	2.95671	0.000189954	0.00019105	0.000339736	-0.659847	4.88765	3.22014	
-0.692882	4.93014	3.03619	0.000189877	0.000191124	0.000339737	-0.714911	4.89215	3.26544	
-0.715463	4.9098	3.1106	0.000189808	0.00019119	0.000339738	-0.718808	4.86094	3.31426	
-0.744992	4.88891	3.15602	0.000189752	0.000191244	0.00033974	-0.746301	4.83706	3.30499	
-0.773691	4.86666	3.204	0.000189714	0.000191284	0.00033974	-0.775303	4.81442	3.3271	
-0.787641	4.89539	2.67275	0.000189691	0.000191311	0.000339738	-0.785098	4.83833	3.3457	
-0.822618	4.90257	2.25222	0.000189723	0.000191237	0.000339753	-0.842323	4.80123	3.36056	
-0.842615	4.92637	1.90884	0.000189879	0.000190972	0.000339801	-0.876049	4.81784	3.34646	
-0.853257	4.95144	1.62306	0.000190144	0.000190593	0.000339867	-0.904731	4.84158	3.3384	
-0.881976	4.94417	1.95025	0.000190434	0.000190224	0.00033993	-0.935558	4.83408	3.31427	
-0.920277	4.9345	2.23492	0.00019063	0.000190111	0.000339933	-0.968811	4.8229	3.35191	
-0.942994	4.91894	2.46713	0.000190673	0.000190135	0.00033991	-0.964134	4.81412	3.37041	
-0.964683	4.90262	2.67245	0.000190585	0.000190253	0.000339887	-0.957175	4.80393	3.43021	
-0.968978	4.91099	2.24551	0.000190413	0.000190432	0.000339874	-0.974161	4.80147	3.44965	
-0.97583	4.91762	1.90037	0.000190478	0.000190412	0.00033985	-1.00031	4.78896	3.43851	
-0.987832	4.90801	1.62676	0.000190647	0.000190231	0.000339842	-1.04684	4.76103	3.48033	
-1.02476	4.89608	2.01189	0.000190831	0.000190008	0.000339852	-1.08266	4.75593	3.53177	
-1.07904	4.85629	2.29694	0.000190903	0.000189986	0.000339839	-1.13412	4.69383	3.50427	
-1.1369	4.84448	2.53362	0.000190833	0.00019007	0.000339827	-1.1915	4.70886	3.49114	
-1.15444	4.84224	2.13939	0.000190655	0.000190235	0.000339825	-1.21365	4.69396	3.48607	
-1.19129	4.81464	2.39627	0.000190704	0.000190221	0.000339812	-1.23322	4.66414	3.46227	
-1.22841	4.79135	2.64069	0.000190634	0.000190313	0.000339796	-1.25294	4.66252	3.53505	
-1.26341	4.76528	2.82555	0.00019046	0.000190477	0.000339792	-1.27261	4.64762	3.53734	
-1.29473	4.7426	2.96902	0.000190253	0.000190665	0.000339797	-1.29316	4.63646	3.53644	
-1.32864	4.74405	2.48976	0.000190062	0.000190842	0.000339804	-1.35048	4.61457	3.51706	
-1.36471	4.71246	2.68117	0.000190096	0.000190829	0.0003398	-1.38218	4.58971	3.48128	
-1.40185	4.67347	2.86134	0.000190065	0.00019089	0.000339788	-1.41289	4.55592	3.51531	
-1.42207	4.63339	3.00883	0.00018998	0.000190986	0.000339777	-1.41752	4.51562	3.53342	
-1.43972	4.5896	3.1464	0.000189879	0.000191085	0.000339772	-1.41307	4.46669	3.5879	
-1.45398	4.53105	3.26198	0.000189788	0.000191168	0.000339772	-1.41857	4.40169	3.63069	
-1.47056	4.5111	3.34832	0.000189726	0.000191224	0.000339774	-1.43834	4.41545	3.63037	
-1.48058	4.4706	3.4169	0.000189699	0.000191251	0.000339776	-1.43699	4.38339	3.6387	
-1.50308	4.45418	3.47425	0.000189701	0.000191255	0.000339774	-1.47334	4.39636	3.65498	
-1.53097	4.46755	2.8994	0.000189723	0.000191242	0.00033977	-1.49889	4.3876	3.67795	
-1.54082	4.45867	3.09307	0.00018968	0.000191252	0.00033978	-1.50502	4.40344	3.75887	
-1.55849	4.46763	3.23719	0.000189672	0.000191284	0.000339776	-1.52274	4.44683	3.77621	
-1.57264	4.46298	3.36509	0.00018967	0.000191306	0.000339767	-1.53433	4.4613	3.80802	
-1.59938	4.45091	3.47325	0.000189679	0.000191305	0.000339759	-1.57249	4.4535	3.84292	
-1.61475	4.42694	3.5465	0.000189708	0.000191277	0.000339755	-1.58331	4.41121	3.83908	
-1.63772	4.38616	3.6177	0.000189754	0.000191232	0.000339752	-1.61336	4.35275	3.84972	
-1.66306	4.35333	3.68559	0.000189816	0.000191173	0.00033975	-1.65046	4.31299	3.87705	
-1.68389	4.32887	3.71587	0.00018989	0.000191101	0.000339748	-1.66927	4.29372	3.84874	
-1.7108	4.29085	3.78192	0.000189961	0.000191035	0.000339745	-1.70183	4.25723	3.91985	
-1.71914	4.26383	3.83204	0.000190043	0.000190957	0.000339741	-1.70447	4.22857	3.94829	
-1.72855	4.2522	3.87436	0.000190126	0.000190878	0.000339739	-1.70083	4.23972	3.97496	
-1.74284	4.24531	3.93193	0.000190208	0.0001908	0.000339736	-1.7112	4.25659	4.02797	
-1.77028	4.2612	3.28013	0.000190295	0.000190715	0.000339733	-1.71333	4.24953	4.03156	
-1.78389	4.23707	3.4273	0.000190073	0.000190859	0.00033976	-1.73681	4.21555	4.01564	
-1.82315	4.20491	3.54414	0.000189986	0.000190958	0.00033977	-1.80251	4.17072	4.00936	
-1.83797	4.19176	3.64132	0.000189964	0.000191004	0.000339766	-1.81569	4.16602	4.01351	
-1.86389	4.17229	3.73256	0.000189981	0.000191004	0.000339758	-1.85419	4.14828	4.0459	
-1.89302	4.15912	3.1194	0.000190031	0.000190963	0.000339751	-1.8559	4.08744	4.02508	
-1.93999	4.15817	2.62073	0.000189866	0.000191066	0.00033977	-1.90859	4.04862	4.02093	
-1.95357	4.12831	2.91315	0.000189737	0.000191041	0.000339836	-1.92423	4.02214	4.0612	
-1.97181	4.10246	3.12604	0.000189716	0.000191106	0.000339854	-1.9346	4.01532	4.02568	
-2.0159	4.06091	3.30496	0.000189696	0.000191179	0.000339844	-2.00903	3.97036	4.01995	
-2.03619	4.01044	3.45063	0.000189682	0.000191224	0.000339828	-2.01789	3.91319	4.01459	
-2.06312	3.96833	3.59871	0.000189693	0.000191227	0.000339815	-2.04572	3.88725	4.07651	
-2.09888	3.93274	3.69549	0.000189743	0.00019118	0.000339807	-2.09465	3.86168	4.06639	
-2.1265	3.90762	3.77473	0.000189824	0.000191105	0.0003398	-2.12573	3.85761	4.06418	
-2.13661	3.88567	3.86631	0.000189926	0.000191013	0.000339794	-2.114	3.85765	4.13634	
-2.16581	3.90318	3.22695	0.000190045	0.000190901	0.000339787	-2.12062	3.86113	4.14758	
-2.17608	3.88606	3.40554	0.000189903	0.000191007	0.000339797	-2.12948	3.84911	4.12657	
-2.20785	3.8902	2.85279	0.000189866	0.000191073	0.000339792	-2.15486	3.81819	4.1489	
-2.23502	3.87525	3.12955	0.000189739	0.000191119	0.000339818	-2.19761	3.81917	4.17659	
-2.27815	3.87217	3.33591	0.000189708	0.000191189	0.000339817	-2.2601	3.84074	4.17334	
-2.30825	3.90226	2.79829	0.000189703	0.000191227	0.000339805	-2.28282	3.85477	4.1832	
-2.32499	3.87213	3.06841	0.000189684	0.00019122	0.000339809	-2.29762	3.81063	4.18089	
-2.35372	3.86433	3.29992	0.000189678	0.00019126	0.000339798	-2.32468	3.82575	4.21587	
-2.38705	3.82724	3.47338	0.00018967	0.000191282	0.000339787	-2.36617	3.78518	4.19742	
-2.44438	3.83974	2.90873	0.000189688	0.000191262	0.000339783	-2.44141	3.77086	4.20057	
-2.47092	3.79259	3.17416	0.000189668	0.000191269	0.000339785	-2.45936	3.70402	4.22064	
-2.50271	3.74518	3.40748	0.000189666	0.000191297	0.000339777	-2.48431	3.65308	4.26773	
-2.52976	3.75353	2.85952	0.000189677	0.000191289	0.000339771	-2.50159	3.64941	4.30168	
-2.55935	3.71708	3.13502	0.000189666	0.000191278	0.000339776	-2.5362	3.61475	4.2909	
-2.5819	3.72006	2.64114	0.000189665	0.000191303	0.00033977	-2.55225	3.59657	4.3084	
-2.5967	3.67724	2.96713	0.000189707	0.000191218	0.000339782	-2.55499	3.5588	4.29799	
-2.62835	3.69635	2.50342	0.000189711	0.000191242	0.000339778	-2.60304	3.57053	4.24507	
-2.65108	3.65907	2.84155	0.000189809	0.000191111	0.000339788	-2.61857	3.5323	4.24467	
-2.68199	3.62577	3.1416	0.000189814	0.000191135	0.000339783	-2.64584	3.51824	4.29614	
-2.70246	3.57971	3.36607	0.000189748	0.000191195	0.000339783	-2.65955	3.47325	4.28218	
-2.74058	3.58911	2.82849	0.000189693	0.000191223	0.000339792	-2.72408	3.47148	4.30697	
-2.77397	3.59353	2.38878	0.000189705	0.000191223	0.000339793	-2.76673	3.45047	4.33875	
-2.78919	3.53366	2.77193	0.000189819	0.00019104	0.000339818	-2.75436	3.37002	4.33947	
-2.80642	3.48708	3.07958	0.000189841	0.000191062	0.000339816	-2.75203	3.33772	4.349	
-2.8252	3.4335	3.33133	0.000189775	0.000191137	0.000339811	-2.76262	3.29631	4.33923	
-2.851	3.42941	2.79871	0.000189706	0.000191186	0.000339816	-2.80449	3.28494	4.32922	
-2.84905	3.41972	2.3725	0.000189724	0.000191189	0.000339811	-2.78638	3.2484	4.3633	
-2.84526	3.3828	2.76629	0.000189847	0.000191008	0.00033983	-2.75371	3.23313	4.38171	
-2.8543	3.32896	3.11324	0.000189864	0.000191036	0.000339823	-2.75352	3.18346	4.45201	
-2.84665	3.32061	2.6274	0.000189782	0.00019112	0.000339819	-2.74694	3.14989	4.45926	
-2.85481	3.26754	3.00855	0.000189839	0.000191081	0.00033981	-2.76488	3.10663	4.50016	
-2.86043	3.20885	3.32017	0.00018979	0.000191148	0.000339798	-2.75797	3.05922	4.53367	
-2.85975	3.15838	3.55583	0.000189714	0.000191197	0.000339803	-2.75587	3.04018	4.51789	
-2.8523	3.11268	3.75896	0.000189696	0.000191175	0.00033982	-2.74363	3.01931	4.5433	
-2.86683	3.0706	3.9196	0.000189763	0.000191074	0.000339841	-2.78732	2.99653	4.54927	
-2.86872	3.02067	4.07227	0.000189903	0.000190919	0.000339857	-2.80025	2.96116	4.59589	
-2.87	2.95596	4.2206	0.000190094	0.000190727	0.000339866	-2.80702	2.88929	4.67377	
-2.85808	2.91329	4.31825	0.000190311	0.000190514	0.000339869	-2.79738	2.85663	4.67625	
-2.86075	2.86332	4.38469	0.000190522	0.000190323	0.000339864	-2.80879	2.81062	4.65459	
-2.85445	2.83171	4.46935	0.000190706	0.000190166	0.000339851	-2.8057	2.79642	4.7075	
-2.86294	2.76757	4.53112	0.000190866	0.000190031	0.000339835	-2.84033	2.71391	4.73203	
-2.837	2.72379	4.60643	0.000190998	0.000189924	0.000339818	-2.79624	2.68433	4.78975	
-2.85938	2.70793	3.83991	0.000191103	0.000189837	0.000339803	-2.77309	2.676	4.80614	
-2.87656	2.67966	3.22494	0.000190896	0.000189966	0.000339823	-2.75307	2.62075	4.81324	
-2.84338	2.64282	3.54872	0.00019041	0.000190241	0.000339911	-2.71078	2.57826	4.8425	
-2.86632	2.62155	2.98542	0.000190254	0.000190458	0.000339934	-2.73319	2.52081	4.82609	
-2.85119	2.57886	3.33994	0.000189967	0.000190686	0.000339968	-2.71902	2.48559	4.81097	
-2.84759	2.52315	3.63583	0.000189883	0.00019086	0.000339952	-2.72752	2.42699	4.81342	
-2.83243	2.47635	3.89822	0.000189897	0.000190911	0.000339921	-2.71705	2.40179	4.87555	
-2.86008	2.46571	3.26821	0.000190004	0.000190825	0.000339897	-2.74881	2.37562	4.89704	
-2.87003	2.41836	3.58076	0.000189892	0.000190956	0.000339878	-2.77713	2.33587	4.87058	
-2.8661	2.38937	3.84128	0.000189907	0.000190992	0.000339849	-2.77608	2.34432	4.88332	
-2.86865	2.33733	4.06449	0.000190006	0.000190907	0.000339829	-2.79092	2.28486	4.92099	
-2.86994	2.28573	4.22365	0.000190174	0.000190726	0.000339823	-2.80036	2.23541	4.88543	
-2.88513	2.24949	4.34906	0.000190374	0.000190514	0.000339824	-2.8446	2.22233	4.8529	
-2.88025	2.22359	4.45647	0.000190576	0.000190309	0.000339826	-2.83946	2.21646	4.86943	
-2.86898	2.18852	4.57039	0.000190763	0.000190128	0.000339824	-2.83107	2.17642	4.92007	
-2.88092	2.15701	4.66969	0.000190924	0.000189975	0.000339821	-2.87013	2.15102	4.97293	
-2.86323	2.12591	4.75708	0.000191054	0.000189855	0.000339815	-2.84537	2.12434	5.01943	
-2.86062	2.09856	4.81668	0.00019115	0.000189772	0.000339807	-2.8559	2.09987	5.03073	
-2.84892	2.06363	4.87418	0.000191215	0.000189723	0.000339797	-2.83903	2.05914	5.04832	
-2.83805	2.04894	4.92236	0.000191253	0.0001897	0.000339787	-2.82709	2.064	5.05961	
-2.8203	2.01678	4.97508	0.000191272	0.000189696	0.000339776	-2.7998	2.02558	5.08478	
-2.86358	1.99291	4.14784	0.000191273	0.000189707	0.000339765	-2.81116	2.01473	5.0966	
-2.84006	1.98667	4.35119	0.000191169	0.000189687	0.000339805	-2.77017	2.01963	5.11483	
-2.84103	1.96734	4.50289	0.000191164	0.000189716	0.000339817	-2.79792	2.00281	5.10882	
-2.88358	1.95871	3.76151	0.000191199	0.000189722	0.000339809	-2.8	1.9918	5.16516	
-2.86609	1.93086	4.05332	0.00019091	0.000189894	0.000339847	-2.77221	1.94109	5.20747	
-2.87853	1.93748	3.40051	0.000190852	0.000189999	0.000339849	-2.73687	1.93753	5.184	
-2.88212	1.94754	2.87046	0.000190475	0.000190273	0.000339889	-2.7129	1.91898	5.17	
-2.87542	1.91853	3.33898	0.000190054	0.00019052	0.000339973	-2.73399	1.88485	5.21447	
-2.84501	1.89118	3.70923	0.000189938	0.000190734	0.000339981	-2.68008	1.86939	5.22065	
-2.81133	1.89748	3.32146	0.000189955	0.000190791	0.000339958	-2.61677	1.85809	5.28174	
-2.78882	1.84335	3.72344	0.000189875	0.000190937	0.000339922	-2.61089	1.79612	5.31657	
-2.78181	1.80158	4.03002	0.000189929	0.000190927	0.000339888	-2.6337	1.77003	5.30815	
-2.77156	1.80197	3.38751	0.000190085	0.000190763	0.000339873	-2.59756	1.75383	5.30221	
-2.75549	1.75628	3.77022	0.000189984	0.000190884	0.000339858	-2.59462	1.71431	5.32079	
-2.72305	1.70641	4.08734	0.000190046	0.00019086	0.000339836	-2.55871	1.67271	5.34152	
-2.70387	1.65731	4.35764	0.000190212	0.000190683	0.000339829	-2.56614	1.63983	5.3936	
-2.68417	1.6414	4.56821	0.000190439	0.000190417	0.000339839	-2.57251	1.66506	5.39932	
-2.64393	1.60758	4.7609	0.000190669	0.000190153	0.000339857	-2.53821	1.62467	5.45005	
-2.60484	1.58701	4.90099	0.000190861	0.000189939	0.000339874	-2.50082	1.61459	5.45371	
-2.55332	1.55233	5.02819	0.000190995	0.000189806	0.000339882	-2.45372	1.57426	5.48121	
-2.50724	1.53016	5.13441	0.000191066	0.000189749	0.000339882	-2.41963	1.54908	5.49909	
-2.49866	1.49972	5.217	0.000191082	0.000189755	0.000339873	-2.44609	1.50521	5.51926	
-2.51583	1.45896	4.35041	0.00019106	0.000189804	0.000339859	-2.42885	1.4727	5.5249	
-2.49975	1.43522	4.58138	0.000191089	0.000189705	0.000339878	-2.42339	1.44554	5.52653	
-2.47575	1.43116	4.78933	0.000191158	0.000189687	0.000339869	-2.405	1.47144	5.56447	
-2.51765	1.40832	4.00591	0.000191216	0.000189678	0.000339846	-2.42714	1.44145	5.61506	
-2.53587	1.4198	3.36978	0.000191062	0.000189732	0.00033987	-2.39495	1.4623	5.61979	
-2.49263	1.41969	3.78422	0.000190588	0.000189978	0.000339967	-2.33456	1.46525	5.57659	
-2.47182	1.41085	4.11993	0.000190484	0.000190168	0.000339985	-2.3337	1.46178	5.55211	
-2.42832	1.40421	4.39385	0.000190552	0.000190189	0.000339962	-2.29231	1.47146	5.54531	
-2.40639	1.38899	4.61132	0.000190703	0.000190081	0.000339935	-2.30654	1.45681	5.5275	
-2.41159	1.39459	3.85769	0.000190868	0.000189931	0.000339915	-2.27174	1.44113	5.58681	
-2.42517	1.37393	3.24849	0.000190743	0.000190063	0.000339903	-2.25833	1.36746	5.59973	
-2.41454	1.39676	2.75756	0.00019033	0.000190333	0.000339949	-2.21777	1.37197	5.63589	
-2.4088	1.37897	3.3184	0.000189957	0.000190539	0.000340033	-2.24746	1.36762	5.65142	
-2.38712	1.36678	3.76917	0.000189869	0.000190747	0.000340033	-2.2171	1.38827	5.65287	
-2.38142	1.35323	4.16287	0.000189911	0.000190774	0.000340008	-2.23299	1.40553	5.72488	
-2.38589	1.37801	3.49298	0.000190091	0.000190587	0.000339998	-2.22426	1.41646	5.68404	
-2.35085	1.36355	3.92766	0.000190028	0.000190724	0.000339966	-2.18418	1.41392	5.70033	
-2.32411	1.33001	4.25424	0.000190139	0.000190672	0.000339928	-2.17111	1.38039	5.66313	
-2.28897	1.30103	4.5482	0.000190345	0.000190465	0.000339908	-2.14798	1.35581	5.6957	
-2.24409	1.27751	4.78742	0.000190587	0.00019019	0.000339909	-2.12105	1.33091	5.72663	
-2.21049	1.27628	5.00059	0.000190795	0.000189952	0.000339921	-2.11162	1.34993	5.77911	
-2.15971	1.27313	5.13128	0.000190926	0.000189804	0.000339934	-2.06384	1.34583	5.71768	
-2.14962	1.26359	5.25618	0.000190984	0.000189759	0.000339935	-2.10331	1.32747	5.7256	
-2.11898	1.25551	5.38463	0.000190976	0.000189795	0.000339926	-2.08898	1.30775	5.78737	
-2.08292	1.2523	5.50443	0.000190909	0.000189891	0.00033991	-2.05567	1.30167	5.86688	
-2.04948	1.2569	5.6219	0.000190797	0.000190031	0.000339892	-2.02508	1.31288	5.94566	
-2.05245	1.19731	4.68833	0.000190655	0.000190198	0.000339873	-1.98596	1.25703	5.95001	
-2.03128	1.19157	4.94853	0.000190815	0.000189955	0.000339894	-1.96805	1.25655	5.97455	
-2.00893	1.20682	5.18288	0.000190935	0.000189891	0.000339884	-1.96313	1.29419	6.03187	
-1.94921	1.20723	5.36618	0.000190965	0.000189914	0.000339859	-1.88431	1.29139	6.04725	
-1.97753	1.17542	4.47389	0.00019091	0.000189996	0.000339837	-1.89615	1.2689	6.06279	
-1.93874	1.19129	4.8046	0.000191003	0.000189798	0.000339863	-1.85646	1.29556	6.09919	
-1.90386	1.1905	5.07287	0.000191099	0.000189755	0.000339857	-1.82723	1.29506	6.11947	
-1.82994	1.16456	5.28277	0.000191122	0.000189771	0.00033984	-1.72137	1.23634	6.12172	
-1.76055	1.17192	5.44172	0.00019106	0.000189845	0.000339827	-1.64574	1.25329	6.08992	
-1.74346	1.13343	4.54812	0.000190936	0.000189969	0.00033982	-1.59061	1.21393	6.10274	
-1.70244	1.14295	4.85756	0.000191029	0.000189795	0.000339846	-1.57787	1.23389	6.10916	
-1.68254	1.13065	5.09787	0.00019111	0.000189763	0.000339841	-1.59759	1.21937	6.09949	
-1.63877	1.11146	5.27846	0.000191121	0.000189788	0.000339826	-1.5586	1.18132	6.05432	
-1.64547	1.08851	4.40985	0.00019106	0.000189862	0.000339813	-1.53121	1.18269	6.12148	
-1.5936	1.093	4.74288	0.000191101	0.000189727	0.000339841	-1.47109	1.1927	6.1104	
-1.59885	1.09839	3.9844	0.000191173	0.000189703	0.000339837	-1.43837	1.20843	6.14963	
-1.57354	1.09701	4.42018	0.00019102	0.000189724	0.000339884	-1.44149	1.20109	6.19037	
-1.5416	1.07225	4.78069	0.00019107	0.000189741	0.000339884	-1.43273	1.16058	6.22858	
-1.48787	1.06444	5.08373	0.000191147	0.000189699	0.000339871	-1.38824	1.16049	6.26195	
-1.42794	1.07426	5.31781	0.000191152	0.000189681	0.000339869	-1.33585	1.17946	6.258	
-1.39679	1.07338	5.51918	0.000191064	0.000189744	0.000339878	-1.349	1.16534	6.2918	
-1.39	1.05268	4.60951	0.000190898	0.000189892	0.000339888	-1.29499	1.15964	6.32066	
-1.34944	1.0551	4.9598	0.000191002	0.000189767	0.000339902	-1.26418	1.15709	6.34921	
-1.29806	1.04212	5.22227	0.000191072	0.000189765	0.000339884	-1.20957	1.12965	6.32131	
-1.30353	1.0435	4.36667	0.000191048	0.000189825	0.000339861	-1.17875	1.16897	6.2429	
-1.26338	1.03968	4.75182	0.000191084	0.000189709	0.000339879	-1.14873	1.14392	6.27684	
-1.21725	1.01663	5.06306	0.00019116	0.000189693	0.000339866	-1.12055	1.10568	6.30259	
4.10278	1.96697	109.872	0.000191169	0.000189713	0.000339849	-1.0672	1.13914	6.27823	
2.38948	2.05288	90.2014	0.000190478	0.000189756	0.000340078	-1.06132	1.117	6.28563	
1.59468	2.20509	74.3101	0.000189982	0.000189866	0.000340337	-1.0178	1.12406	6.31577	
0.811401	2.00469	61.4174	0.000190032	0.000189708	0.000340511	-0.980463	1.1105	6.34739	
0.128969	1.80756	50.97	0.000190251	0.000189687	0.00034053	-0.919318	1.13811	6.36995	
-0.132685	1.53367	41.4293	0.000189843	0.000189774	0.000340659	-0.875048	1.12825	6.3697	
-0.402062	1.47268	34.7857	0.000189871	0.000189704	0.000340742	-0.834692	1.1211	6.38854	
-0.602468	1.5377	29.4192	0.000189831	0.000189909	0.000340726	-0.826794	1.16402	6.42271	
-0.770968	1.55037	25.0713	0.000190038	0.000189929	0.000340635	-0.798358	1.19561	6.43368	
-0.799085	1.464	21.5479	0.000189892	0.00018973	0.000340716	-0.735232	1.20956	6.4474	
-0.823271	1.45179	18.6832	0.00018974	0.00018979	0.000340791	-0.729281	1.19439	6.42949	
-0.784417	1.36566	16.3609	0.000189721	0.00018974	0.000340856	-0.699279	1.18575	6.41999	
-0.796595	1.33708	14.4637	0.000189793	0.000189726	0.000340868	-0.649221	1.19829	6.37824	
-0.741859	1.36116	11.8607	0.000189727	0.000189747	0.000340892	-0.608787	1.19968	6.36948	
-0.697194	1.32129	10.8189	0.000189709	0.000189706	0.000340926	-0.575245	1.2366	6.35568	
-0.704204	1.29636	9.97537	0.000189922	0.00018968	0.000340876	-0.577164	1.27322	6.34235	
-0.70172	1.2932	9.30052	0.000189984	0.000189781	0.00034079	-0.533654	1.2829	6.34592	
-0.705079	1.31562	8.74976	0.000189811	0.000190056	0.000340708	-0.528194	1.30116	6.34883	
-0.678269	1.35157	8.32156	0.00018972	0.000190226	0.000340637	-0.50367	1.33114	6.37169	
-0.615451	1.41155	6.85382	0.000189859	0.000190175	0.000340567	-0.467365	1.33284	6.36439	
-0.53529	1.40969	5.66617	0.000189933	0.000189792	0.000340644	-0.442834	1.33247	6.35907	
-0.475336	1.36812	4.70501	0.000189726	0.000189823	0.000340748	-0.390425	1.33108	6.36252	
-0.469182	1.32349	3.92447	0.000189827	0.000189755	0.000340789	-0.369877	1.32174	6.30382	
-0.444769	1.30039	4.36239	0.000189966	0.000189734	0.000340767	-0.329174	1.32649	6.28445	
-0.384364	1.27395	4.71841	0.000190225	0.000189754	0.000340654	-0.250024	1.31425	6.27218	
-0.38131	1.27003	3.937	0.000190504	0.000189714	0.000340508	-0.214812	1.32489	6.27081	
-0.385504	1.25834	3.29893	0.000190532	0.000189828	0.00034038	-0.195147	1.28381	6.24864	
-0.376777	1.28504	2.78124	0.000190225	0.000190108	0.000340323	-0.154803	1.30566	6.24511	
-0.343029	1.2629	3.42171	0.000189899	0.000190362	0.00034032	-0.135991	1.28459	6.22438	
-0.31242	1.2419	3.9356	0.000189853	0.000190594	0.000340249	-0.111044	1.29108	6.20108	
-0.275588	1.22571	4.35755	0.000189956	0.000190587	0.000340176	-0.0878287	1.31053	6.20048	
-0.23281	1.20325	4.70021	0.000190193	0.000190358	0.000340135	-0.0646809	1.29325	6.19878	
-0.225905	1.22026	3.92107	0.000190468	0.000190067	0.000340119	-0.0392613	1.29873	6.177	
-0.193854	1.21231	4.33875	0.000190496	0.000190145	0.000340072	-0.0353448	1.30299	6.16091	
-0.140548	1.20075	4.66425	0.000190665	0.000190068	0.000340013	0.00368258	1.29861	6.13751	
-0.0845472	1.19761	4.93716	0.000190852	0.000189909	0.000339972	0.0483728	1.30478	6.1263	
-0.0114617	1.19051	5.14647	0.000190979	0.000189776	0.000339952	0.129728	1.28417	6.09326	
0.00340445	1.18183	4.27848	0.000191017	0.000189732	0.000339944	0.178703	1.27505	6.07915	
0.0464129	1.1688	4.59266	0.00019104	0.000189715	0.000339937	0.197038	1.25438	6.03065	
0.0702187	1.14057	4.84489	0.000191125	0.000189703	0.000339906	0.177701	1.20257	6.00471	
0.0979361	1.13819	5.05531	0.000191189	0.000189681	0.000339875	0.171861	1.21893	5.99988	
0.102335	1.14531	4.20669	0.000191194	0.000189688	0.000339854	0.234095	1.24936	6.00909	
0.126277	1.12885	4.53804	0.000191138	0.000189685	0.000339865	0.229186	1.21676	5.9909	
0.120633	1.13	3.78505	0.000191186	0.000189691	0.00033985	0.271698	1.21263	5.95765	
0.109252	1.14229	3.17674	0.000190916	0.000189842	0.000339886	0.290359	1.20899	5.92616	
0.108473	1.15852	2.68068	0.0001904	0.000190137	0.000339986	0.302594	1.17887	5.96726	
0.135416	1.15699	3.29906	0.000189991	0.000190364	0.000340104	0.323022	1.19044	5.98084	
0.160723	1.12688	3.81422	0.000189885	0.000190614	0.000340112	0.344387	1.164	6.0154	
0.19486	1.10717	4.21545	0.000189924	0.00019066	0.000340086	0.382614	1.16136	5.99797	
0.241694	1.08616	4.54264	0.000190111	0.000190482	0.00034007	0.416271	1.15928	5.99224	
0.295853	1.07689	4.81916	0.000190375	0.000190203	0.000340067	0.457054	1.17018	6.00355	
0.311788	1.09408	4.0113	0.000190621	0.000189948	0.000340069	0.504848	1.19059	6.00689	
0.326754	1.11906	3.3644	0.00019065	0.000190005	0.000340039	0.55487	1.20238	6.00488	
0.34	1.13647	2.83361	0.00019033	0.000190246	0.000340052	0.575809	1.17963	6.0225	
0.364889	1.17056	2.39824	0.000189961	0.000190476	0.00034011	0.610247	1.17696	5.97015	
0.399782	1.1968	2.04674	0.000189813	0.000190521	0.000340177	0.618159	1.16258	5.99782	
0.422087	1.18347	2.77073	0.000189922	0.000190378	0.000340225	0.632715	1.14963	5.97155	
0.445941	1.20046	2.35149	0.00018991	0.000190555	0.00034019	0.632618	1.14304	5.95136	
0.448666	1.1791	3.00593	0.000190036	0.00019055	0.000340127	0.641276	1.14165	5.90884	
0.477817	1.15219	3.51674	0.000189915	0.000190743	0.000340069	0.705536	1.13008	5.85292	
0.51495	1.09665	3.94629	0.000189753	0.000190856	0.000340056	0.752642	1.07542	5.82745	
0.550621	1.04738	4.28176	0.00018976	0.000190762	0.000340081	0.770105	1.04624	5.79438	
0.564803	1.06365	3.57133	0.000189956	0.000190511	0.000340114	0.779085	1.06459	5.79088	
0.581853	1.06175	2.99991	0.000189963	0.000190633	0.000340084	0.809467	1.03052	5.72515	
0.612706	1.03918	3.4765	0.0001898	0.000190804	0.000340065	0.827475	1.03222	5.64339	
0.62487	1.07852	2.91235	0.000189804	0.000190911	0.000340015	0.837681	1.06883	5.6219	
0.651517	1.10961	2.45565	0.000189718	0.000191016	0.000339982	0.865768	1.06503	5.61333	
0.705217	1.14798	2.08764	0.000189729	0.000190934	0.000339991	0.936111	1.08835	5.62023	
0.743514	1.11736	2.73171	0.000189909	0.000190673	0.000340025	0.983559	1.05651	5.58347	
0.777671	1.08165	3.26623	0.000189923	0.000190766	0.000340003	1.03601	1.03243	5.59289	
0.808562	1.05145	3.68557	0.000189782	0.000190908	0.000339991	1.06151	1.02144	5.55725	
0.840049	0.999179	4.03908	0.00018971	0.000190917	0.000340008	1.07053	0.978782	5.56308	
0.858346	0.960889	4.28663	0.000189811	0.00019075	0.000340041	1.04796	0.954885	5.4896	
0.888594	0.949787	3.57274	0.000190043	0.000190499	0.000340065	1.1047	0.920737	5.4886	
0.918031	0.911834	3.92261	0.00019003	0.000190618	0.000340039	1.11601	0.901836	5.4704	
0.93776	0.921103	3.27723	0.000190148	0.000190593	0.000339991	1.15456	0.903817	5.46857	
0.925946	0.948969	2.74442	0.000189983	0.00019077	0.000339963	1.11944	0.912352	5.4041	
0.957974	0.928957	3.21195	0.000189779	0.000190866	0.000339987	1.15165	0.900097	5.34113	
0.970039	0.900037	3.61892	0.00018974	0.000191001	0.000339964	1.14869	0.879951	5.37359	
0.992796	0.866873	3.91021	0.000189771	0.000191015	0.000339936	1.17289	0.859056	5.29924	
1.02439	0.842098	4.16228	0.000189896	0.000190889	0.000339922	1.18821	0.853085	5.28711	
1.05733	0.805314	4.36042	0.000190107	0.000190659	0.000339921	1.20693	0.812365	5.26821	
1.09108	0.766255	4.51447	0.000190357	0.0001904	0.000339924	1.22847	0.770279	5.24848	
1.12478	0.75254	4.63043	0.000190601	0.000190164	0.000339922	1.24618	0.779312	5.20833	
1.15983	0.726235	4.71662	0.000190809	0.000189979	0.000339913	1.27083	0.750495	5.16586	
1.19084	0.706946	4.79718	0.000190971	0.00018985	0.000339896	1.28418	0.730326	5.17089	
1.2281	0.691431	4.86074	0.000191089	0.000189767	0.000339874	1.31677	0.719893	5.16511	
1.20344	0.684049	4.02705	0.000191167	0.000189722	0.000339851	1.31606	0.723773	5.16468	
1.22969	0.646587	4.21897	0.000191042	0.000189767	0.000339868	1.34373	0.653624	5.13368	
1.20532	0.630704	3.51312	0.000191029	0.000189823	0.000339861	1.3422	0.615704	5.08381	
1.23092	0.609097	3.80234	0.00019065	0.000190065	0.000339907	1.3586	0.597371	5.06689	
1.24906	0.561967	4.02165	0.000190542	0.000190233	0.000339909	1.37518	0.533167	5.04081	
1.27049	0.510383	4.36995	0.000190563	0.000190279	0.000339886	1.3762	0.488275	5.01148	
1.2896	0.478155	4.47611	0.000190705	0.000190151	0.000339869	1.37788	0.462558	5.00513	
1.3166	0.443479	4.57754	0.000190851	0.000190021	0.000339854	1.39846	0.438714	5.02249	
1.35419	0.43002	4.65004	0.000190984	0.000189905	0.00033984	1.44045	0.44528	5.00538	
1.38354	0.386735	4.68364	0.000191093	0.000189817	0.000339825	1.46281	0.3881	4.94296	
1.35929	0.380791	3.88274	0.000191175	0.000189758	0.000339809	1.465	0.393362	4.93904	
1.374	0.353051	4.07531	0.000190969	0.000189873	0.000339834	1.47404	0.361514	4.94373	
1.34415	0.349221	3.38641	0.000190912	0.000189963	0.000339834	1.46551	0.335548	4.98535	
1.35445	0.327837	3.68647	0.000190504	0.000190234	0.000339885	1.4577	0.313081	4.99606	
1.36142	0.303998	3.9237	0.000190382	0.000190413	0.00033989	1.45902	0.290772	4.98223	
1.39054	0.280638	4.10237	0.000190398	0.000190457	0.000339871	1.50078	0.2755	4.938	
1.41264	0.240747	4.23625	0.00019049	0.0001904	0.000339848	1.5212	0.236204	4.89209	
1.4384	0.197826	4.35436	0.000190619	0.000190291	0.000339829	1.53914	0.191884	4.8812	
1.45963	0.163369	4.45582	0.00019076	0.000190161	0.000339815	1.54914	0.162198	4.89818	
1.48761	0.144935	4.52067	0.000190896	0.000190034	0.000339805	1.57299	0.157863	4.87396	
1.49488	0.123646	4.56924	0.000191013	0.00018993	0.000339794	1.55947	0.144616	4.85943	
1.51102	0.0890211	4.61947	0.000191108	0.00018985	0.000339784	1.57022	0.0968963	4.86144	
1.52266	0.0423184	4.64456	0.000191183	0.000189788	0.000339773	1.56804	0.0323797	4.82391	
1.53685	0.00663288	4.66828	0.000191239	0.000189745	0.000339762	1.578	-3.74963e-05	4.81425	
1.54169	-0.0351394	4.67105	0.000191281	0.000189716	0.000339752	1.57358	-0.0567413	4.7775	
1.53796	-0.0803993	4.67349	0.00019131	0.000189697	0.000339743	1.55747	-0.117754	4.76501	
1.56346	-0.116857	4.67412	0.000191331	0.000189685	0.000339735	1.60454	-0.147532	4.73365	
1.56909	-0.141252	4.66387	0.000191345	0.000189678	0.000339729	1.60307	-0.157376	4.70363	
1.59139	-0.169288	4.64828	0.000191354	0.000189673	0.000339723	1.634	-0.1784	4.66509	
1.56735	-0.192424	3.84777	0.00019136	0.000189671	0.000339719	1.6563	-0.19998	4.60696	
1.53888	-0.206368	3.19671	0.000191071	0.000189786	0.000339781	1.6588	-0.234253	4.57017	
1.55254	-0.251339	3.44895	0.000190501	0.000190071	0.000339917	1.66239	-0.312834	4.56783	
1.58116	-0.277424	3.65836	0.000190271	0.000190342	0.000339972	1.70669	-0.316014	4.57629	
1.58316	-0.284711	3.04716	0.000190197	0.000190515	0.000339965	1.73307	-0.35787	4.57347	
1.58804	-0.315628	3.32461	0.00018995	0.000190738	0.000339971	1.71658	-0.38212	4.55991	
1.58662	-0.297115	2.77243	0.000189869	0.000190904	0.000339943	1.71953	-0.372609	4.53347	
1.59176	-0.31479	3.12383	0.000189757	0.000190985	0.000339941	1.71569	-0.371913	4.59878	
1.59533	-0.3371	3.39771	0.000189721	0.000191097	0.000339911	1.71708	-0.389054	4.60488	
1.61263	-0.370729	3.61871	0.00018971	0.000191152	0.00033988	1.74062	-0.407761	4.60144	
1.60323	-0.349768	3.01319	0.000189751	0.000191123	0.000339859	1.7241	-0.407804	4.62017	
1.61	-0.383209	3.3174	0.000189699	0.000191184	0.000339845	1.72812	-0.448524	4.63174	
1.62507	-0.423315	3.52874	0.000189699	0.000191225	0.000339823	1.7539	-0.494049	4.5616	
1.61714	-0.43178	2.93823	0.000189734	0.000191204	0.000339806	1.73458	-0.531447	4.55332	
1.6144	-0.425311	2.45693	0.000189684	0.000191232	0.000339805	1.73087	-0.553668	4.50062	
1.59943	-0.416915	2.0674	0.000189716	0.000191083	0.000339848	1.68131	-0.568451	4.48276	
1.58902	-0.424956	2.52263	0.000189911	0.000190758	0.000339917	1.66119	-0.536934	4.49832	
1.58314	-0.42822	2.11915	0.00019	0.000190751	0.000339922	1.63962	-0.574324	4.50146	
1.56138	-0.460429	2.56877	0.000190209	0.000190563	0.000339918	1.62862	-0.60369	4.50965	
1.55097	-0.475849	2.92586	0.000190209	0.000190625	0.000339893	1.63959	-0.592342	4.50806	
1.53103	-0.511061	3.2059	0.000190051	0.000190782	0.000339881	1.62105	-0.605389	4.48318	
1.55297	-0.520357	2.6806	0.00018987	0.000190933	0.000339886	1.65852	-0.650416	4.50107	
1.53934	-0.557623	3.01121	0.000189886	0.00019097	0.000339869	1.63354	-0.678683	4.48694	
1.50623	-0.598718	3.26836	0.000189819	0.000191073	0.000339847	1.586	-0.708808	4.45463	
1.4931	-0.651042	3.46437	0.000189737	0.000191152	0.000339836	1.57148	-0.758822	4.4022	
1.50324	-0.695908	3.62923	0.000189702	0.000191173	0.000339836	1.59294	-0.784823	4.38816	
1.49914	-0.702976	3.01033	0.000189732	0.000191132	0.00033984	1.60385	-0.821941	4.36032	
1.50251	-0.720598	3.24912	0.000189691	0.000191188	0.000339836	1.59844	-0.799163	4.34984	
1.48878	-0.761881	3.44059	0.000189686	0.000191235	0.000339819	1.56439	-0.831387	4.32875	
1.46774	-0.773561	3.59058	0.000189705	0.000191237	0.000339802	1.52273	-0.811246	4.30701	
1.44844	-0.800663	3.71544	0.000189757	0.00019119	0.000339792	1.49212	-0.828549	4.30147	
1.42159	-0.819805	3.08271	0.000189844	0.000191103	0.000339786	1.47972	-0.899726	4.29795	
1.41496	-0.858559	3.3059	0.000189752	0.000191167	0.000339794	1.47784	-0.93786	4.2935	
1.37549	-0.898017	3.4763	0.000189738	0.00019121	0.000339786	1.40329	-0.973545	4.27125	
1.36774	-0.919201	3.6342	0.00018976	0.000191208	0.000339776	1.41146	-0.967571	4.3074	
1.37284	-0.946151	3.75144	0.000189819	0.000191151	0.000339769	1.43825	-0.987234	4.29742	
1.35778	-0.996023	3.84635	0.000189911	0.000191058	0.000339766	1.40158	-1.05343	4.28791	
1.34424	-1.03527	3.92777	0.000190024	0.000190944	0.000339765	1.37771	-1.07375	4.29835	
1.33533	-1.06605	3.97827	0.000190149	0.00019082	0.000339764	1.38001	-1.09533	4.27485	
1.30245	-1.0488	3.29692	0.00019027	0.000190705	0.000339761	1.36598	-1.07848	4.28239	
1.26768	-1.07888	3.45847	0.000190065	0.000190845	0.000339783	1.29893	-1.12619	4.25049	
1.22566	-1.06783	2.87079	0.000189992	0.000190939	0.000339787	1.26175	-1.1394	4.21563	
1.2087	-1.10488	3.12065	0.000189802	0.000191025	0.000339827	1.23629	-1.18732	4.21075	
1.20916	-1.08166	2.59982	0.000189745	0.000191121	0.000339834	1.26817	-1.18046	4.18633	
1.1936	-1.10839	2.87906	0.000189727	0.000191074	0.000339861	1.24603	-1.19516	4.14937	
1.1716	-1.13086	3.09609	0.00018973	0.000191125	0.000339855	1.222	-1.20532	4.1158	
1.1375	-1.16303	3.2764	0.000189707	0.000191192	0.000339837	1.16982	-1.23672	4.10194	
1.09556	-1.18982	3.42721	0.000189681	0.000191237	0.00033982	1.11223	-1.25801	4.10186	
1.0874	-1.20342	3.54532	0.000189681	0.000191242	0.000339809	1.11876	-1.25092	4.09618	
1.06769	-1.19826	2.94545	0.000189717	0.00019121	0.000339803	1.11151	-1.27548	4.11032	
1.04028	-1.22318	3.14225	0.000189677	0.000191237	0.000339804	1.08014	-1.29186	4.06673	
1.04011	-1.2455	3.31116	0.000189671	0.000191274	0.000339793	1.1012	-1.3037	4.07094	
1.01728	-1.24071	2.7547	0.000189675	0.000191291	0.00033978	1.06467	-1.3354	4.08318	
1.01787	-1.27306	3.00663	0.000189675	0.000191251	0.000339788	1.08387	-1.36619	4.10203	
1.01302	-1.30337	3.19553	0.000189678	0.000191275	0.000339781	1.08606	-1.40072	4.07041	
1.00425	-1.32887	3.38097	0.000189668	0.000191301	0.000339772	1.08593	-1.39851	4.13278	
1.00683	-1.34789	3.4896	0.000189668	0.000191297	0.000339769	1.08577	-1.40051	4.07362	
1.00497	-1.37339	3.57604	0.000189695	0.000191267	0.000339768	1.08882	-1.42101	4.04017	
0.984595	-1.36424	2.96641	0.000189747	0.000191214	0.000339768	1.06686	-1.43551	4.04427	
0.98251	-1.38416	3.16996	0.000189689	0.00019124	0.00033978	1.0656	-1.44893	4.06173	
0.970944	-1.42084	3.32481	0.000189679	0.000191275	0.000339776	1.04433	-1.48201	4.0463	
0.974291	-1.40976	2.76073	0.000189685	0.000191289	0.000339768	1.06633	-1.49252	4.01885	
0.985829	-1.3977	2.3049	0.000189673	0.000191251	0.000339781	1.08095	-1.50375	3.98256	
0.97497	-1.41788	2.60455	0.000189784	0.000191012	0.000339836	1.05795	-1.51857	3.96735	
0.966174	-1.44855	2.83389	0.000189862	0.00019098	0.000339847	1.04354	-1.56037	3.92017	
0.953925	-1.49394	3.03342	0.000189855	0.000191034	0.000339835	1.02257	-1.61452	3.92553	
0.927249	-1.51675	3.21434	0.000189795	0.000191115	0.000339822	0.98365	-1.60696	3.96597	
0.893182	-1.53612	3.33207	0.000189728	0.000191184	0.000339815	0.924165	-1.606	3.93294	
0.881598	-1.56036	3.44388	0.000189691	0.000191223	0.00033981	0.929521	-1.61446	3.93078	
0.874015	-1.5894	3.53483	0.000189691	0.000191228	0.000339806	0.923581	-1.63355	3.92928	
0.884107	-1.6101	3.57587	0.000189723	0.000191203	0.000339801	0.962596	-1.64773	3.86711	
0.859289	-1.61069	2.96072	0.000189773	0.000191169	0.000339793	0.924774	-1.68543	3.85143	
0.841728	-1.64457	3.12132	0.0001897	0.000191207	0.000339801	0.890628	-1.72876	3.84214	
0.83654	-1.68106	3.23189	0.000189683	0.000191252	0.000339795	0.890796	-1.76376	3.79342	
0.821989	-1.70848	3.33946	0.000189679	0.000191284	0.000339781	0.879354	-1.77484	3.81853	
0.832311	-1.71871	3.40292	0.000189687	0.000191294	0.000339768	0.907873	-1.76362	3.77864	
0.824256	-1.74276	3.4706	0.000189704	0.000191287	0.000339757	0.891928	-1.78436	3.78647	
0.832783	-1.7692	3.52949	0.000189734	0.000191264	0.000339749	0.911794	-1.80684	3.79999	
0.82798	-1.78024	3.56891	0.000189774	0.000191229	0.000339743	0.896266	-1.80355	3.78909	
0.828845	-1.80996	3.60842	0.000189819	0.000191188	0.000339738	0.903224	-1.83328	3.76801	
0.794305	-1.78698	2.98103	0.000189868	0.000191144	0.000339734	0.854365	-1.83215	3.72485	
0.792347	-1.78139	3.08359	0.000189747	0.000191189	0.000339759	0.869793	-1.80547	3.66943	
0.777578	-1.80084	3.19434	0.000189707	0.000191237	0.00033977	0.84294	-1.83604	3.6892	
0.763518	-1.82373	3.28882	0.000189692	0.000191275	0.000339767	0.819497	-1.85593	3.69937	
0.739273	-1.79915	2.72855	0.00018969	0.000191295	0.000339759	0.783892	-1.85581	3.67262	
0.730421	-1.81733	2.884	0.000189681	0.000191245	0.000339776	0.772493	-1.87367	3.64588	
0.68776	-1.80346	2.39673	0.000189695	0.00019125	0.000339778	0.694799	-1.88741	3.62787	
0.684645	-1.81376	2.60192	0.00018981	0.000191062	0.000339806	0.716219	-1.8945	3.58918	
0.66178	-1.81923	2.77855	0.000189886	0.000191018	0.000339808	0.689315	-1.88684	3.57693	
0.654264	-1.79815	2.31103	0.000189889	0.000191049	0.000339797	0.672059	-1.88042	3.54225	
0.644164	-1.77236	1.92832	0.000190041	0.000190875	0.0003398	0.637828	-1.87263	3.52063	
0.64954	-1.75938	1.62204	0.000190292	0.000190542	0.000339831	0.627495	-1.87644	3.50115	
0.639723	-1.7643	1.36992	0.000190558	0.000190193	0.000339878	0.580149	-1.90022	3.47342	
0.6098	-1.78703	1.733	0.000190763	0.000189933	0.000339922	0.556136	-1.93572	3.40795	
0.555376	-1.81217	2.01743	0.000190926	0.000189851	0.000339916	0.489558	-1.971	3.34039	
0.519538	-1.8169	2.25991	0.000190976	0.000189854	0.000339893	0.478193	-1.95872	3.33077	
0.485586	-1.84949	2.4233	0.000190905	0.000189941	0.000339876	0.454752	-1.99817	3.26474	
0.482803	-1.85647	2.01995	0.000190765	0.000190089	0.000339864	0.444321	-2.00501	3.2623	
0.449873	-1.87845	2.25705	0.000190832	0.000190066	0.000339842	0.414541	-2.02056	3.27873	
0.403572	-1.89389	2.42767	0.000190794	0.000190137	0.000339819	0.364934	-2.01589	3.24524	
0.384545	-1.90753	2.01971	0.000190682	0.000190261	0.000339802	0.333553	-2.04795	3.2346	
0.381071	-1.9199	1.68971	0.000190768	0.000190186	0.000339789	0.325183	-2.07591	3.19392	
0.354557	-1.93364	1.98394	0.000190913	0.000190001	0.000339797	0.316949	-2.07654	3.23308	
0.332402	-1.91534	1.66152	0.000190968	0.000189977	0.00033979	0.258322	-2.02837	3.21342	
0.277207	-1.91256	1.93089	0.000191074	0.000189866	0.000339787	0.190631	-2.01434	3.16504	
0.235458	-1.90744	2.12949	0.000191105	0.00018986	0.000339777	0.167436	-1.99919	3.09458	
0.209413	-1.92584	2.31807	0.000191053	0.000189917	0.00033977	0.166668	-2.02607	3.1221	
0.160413	-1.91846	2.43546	0.000190923	0.000190034	0.000339771	0.117912	-2.00162	3.06668	
0.142651	-1.89849	2.01792	0.000190766	0.000190182	0.000339774	0.0897269	-1.98329	2.99295	
0.117385	-1.89685	1.68583	0.000190828	0.000190131	0.000339772	0.0345823	-2.00228	3.00266	
0.105715	-1.88141	1.41443	0.000190956	0.000189966	0.000339785	0.0146092	-1.98469	2.98667	
0.052489	-1.8801	1.71342	0.000191057	0.000189808	0.000339812	-0.0472504	-1.9756	2.99241	
-0.000194821	-1.86912	1.93916	0.000191137	0.000189768	0.000339811	-0.10297	-1.95819	2.97241	
-0.0609557	-1.88811	2.1482	0.000191149	0.000189782	0.000339802	-0.161298	-1.99636	3.01042	
-0.120733	-1.89638	2.29613	0.000191076	0.000189855	0.000339797	-0.216616	-1.99841	2.9784	
-0.158242	-1.9152	2.41331	0.000190949	0.000189976	0.000339797	-0.223697	-2.02218	2.96975	
-0.176328	-1.90957	2.00351	0.000190796	0.000190127	0.000339797	-0.250833	-2.01803	2.93957	
-0.21183	-1.93258	2.18267	0.000190855	0.000190087	0.00033979	-0.272746	-2.04771	2.95474	
-0.234528	-1.94151	2.31459	0.000190842	0.000190126	0.000339777	-0.265961	-2.03871	2.94608	
-0.271507	-1.93436	2.41026	0.000190772	0.000190208	0.000339766	-0.304593	-2.00795	2.90927	
-0.291498	-1.92703	2.49017	0.000190674	0.000190311	0.000339759	-0.302857	-1.99166	2.89646	
-0.325401	-1.92037	2.53666	0.000190562	0.000190426	0.000339753	-0.338716	-1.97104	2.84083	
-0.344082	-1.91533	2.58781	0.00019046	0.000190533	0.000339749	-0.343348	-1.95807	2.83566	
-0.383301	-1.90531	2.60046	0.000190362	0.000190635	0.000339745	-0.399638	-1.93514	2.77687	
-0.430162	-1.90156	2.60566	0.000190288	0.000190717	0.00033974	-0.455208	-1.93089	2.72809	
-0.550536	-2.00729	5.53034	0.000190233	0.00019078	0.000339734	-0.490281	-1.89061	2.71246	
-0.514843	-1.97505	4.52106	0.00018985	0.000190037	0.000340144	-0.506978	-1.86081	2.69514	
-0.542124	-1.95398	3.70694	0.000189875	0.000189925	0.000340388	-0.544326	-1.8311	2.70103	
-0.590608	-1.92486	3.50355	0.000189922	0.000190053	0.00034045	-0.60945	-1.80109	2.6946	
-0.615192	-1.8791	2.87761	0.000189909	0.000190276	0.000340408	-0.595085	-1.77627	2.67573	
-0.625128	-1.84329	2.82901	0.000189759	0.000190511	0.000340356	-0.595095	-1.7565	2.67365	
-0.645595	-1.79784	2.78408	0.000189711	0.000190699	0.000340279	-0.617697	-1.70707	2.66391	
-0.671071	-1.75713	2.73017	0.000189716	0.000190834	0.000340188	-0.654155	-1.67419	2.61977	
-0.691008	-1.71825	2.68329	0.000189752	0.000190918	0.000340097	-0.674638	-1.64279	2.59106	
-0.708943	-1.66438	2.20799	0.000189804	0.000190961	0.000340015	-0.700444	-1.62322	2.51431	
-0.71054	-1.61763	1.82323	0.000189989	0.000190762	0.000339977	-0.711561	-1.60738	2.50538	
-0.715322	-1.56237	1.5162	0.000190268	0.000190415	0.000339982	-0.743755	-1.55236	2.49777	
-0.721722	-1.52479	1.26503	0.000190541	0.000190082	0.000340005	-0.784243	-1.52881	2.46218	
-0.772102	-1.51692	1.48933	0.000190732	0.000189865	0.000340027	-0.868345	-1.55327	2.46422	
-0.813203	-1.50987	1.65979	0.00019091	0.000189783	0.000340003	-0.907932	-1.55802	2.437	
-0.83809	-1.49369	1.80092	0.000191043	0.000189741	0.000339957	-0.914148	-1.53995	2.4447	
-0.875581	-1.46978	1.90199	0.000191121	0.000189728	0.000339909	-0.948666	-1.50363	2.42554	
-0.916939	-1.45608	1.96946	0.000191151	0.000189741	0.000339868	-0.988422	-1.48954	2.37662	
-0.976142	-1.43844	2.02734	0.000191149	0.000189776	0.000339835	-1.05757	-1.462	2.35071	
-0.994694	-1.41367	1.68293	0.000191124	0.000189825	0.000339809	-1.08309	-1.43831	2.39391	
-1.01782	-1.4167	1.79527	0.000191184	0.000189777	0.00033979	-1.09038	-1.46968	2.36528	
-1.03265	-1.38605	1.89599	0.000191215	0.000189768	0.000339773	-1.08417	-1.42273	2.36642	
-1.06634	-1.38747	1.96556	0.000191215	0.000189783	0.000339758	-1.12254	-1.43639	2.33816	
-1.06991	-1.35942	1.62474	0.000191192	0.000189814	0.000339747	-1.12789	-1.4008	2.30377	
-1.1035	-1.35187	1.72943	0.000191238	0.000189758	0.000339745	-1.17085	-1.40186	2.26213	
-1.13927	-1.35932	1.8259	0.000191265	0.000189741	0.000339739	-1.2043	-1.42751	2.26964	
-1.16862	-1.3448	1.88846	0.000191268	0.000189747	0.000339734	-1.22811	-1.39824	2.24507	
-1.17151	-1.31726	1.56433	0.000191254	0.000189765	0.000339729	-1.23345	-1.35637	2.26118	
-1.2032	-1.28134	1.69218	0.000191286	0.000189719	0.000339732	-1.27595	-1.2967	2.26428	
-1.23059	-1.26204	1.80606	0.000191305	0.000189709	0.00033973	-1.29568	-1.28783	2.28003	
-1.22998	-1.24551	1.49761	0.000191301	0.000189717	0.000339727	-1.29598	-1.28016	2.26993	
-1.2192	-1.2296	1.24575	0.000191319	0.000189687	0.00033973	-1.29195	-1.2723	2.27072	
-1.22806	-1.20922	1.38973	0.000191289	0.000189677	0.000339746	-1.28899	-1.24586	2.18074	
-1.21518	-1.19452	1.15677	0.000191297	0.000189682	0.00033975	-1.27853	-1.23277	2.14411	
-1.23018	-1.17419	1.34348	0.000191245	0.000189724	0.000339756	-1.29106	-1.21173	2.15933	
-1.23158	-1.15224	1.50018	0.000191254	0.000189732	0.000339752	-1.27293	-1.19161	2.18663	
-1.25382	-1.1288	1.61248	0.000191283	0.000189711	0.000339748	-1.30405	-1.16857	2.17088	
-1.26491	-1.10141	1.68577	0.000191308	0.000189686	0.000339745	-1.30556	-1.13421	2.12031	
-1.31402	-1.08958	1.73215	0.000191322	0.000189672	0.000339744	-1.39027	-1.13208	2.05879	
-1.35375	-1.07105	1.77492	0.000191326	0.000189671	0.000339742	-1.43205	-1.10598	2.03012	
-1.36263	-1.04764	1.80956	0.000191322	0.000189679	0.00033974	-1.41288	-1.07562	2.02225	
-1.34275	-1.02681	1.48782	0.000191312	0.000189695	0.000339736	-1.3793	-1.05283	1.99951	
-1.34025	-1.01782	1.57805	0.000191326	0.000189674	0.000339737	-1.35393	-1.05516	2.00523	
-1.32582	-0.983793	1.61348	0.00019134	0.000189669	0.000339734	-1.32492	-0.999157	1.93424	
-1.32859	-0.96078	1.33635	0.00019135	0.000189668	0.00033973	-1.36319	-0.977857	1.91718	
-1.3428	-0.935704	1.41877	0.000191333	0.000189668	0.000339733	-1.37917	-0.951416	1.86576	
-1.3636	-0.913008	1.48826	0.000191334	0.000189674	0.000339733	-1.40912	-0.927361	1.85371	
-1.35483	-0.893467	1.23187	0.000191343	0.000189674	0.000339729	-1.40779	-0.907295	1.88823	
-1.38175	-0.855617	1.34415	0.000191302	0.000189703	0.000339732	-1.45525	-0.855212	1.86537	
-1.39631	-0.842316	1.42328	0.000191297	0.000189715	0.00033973	-1.4536	-0.86544	1.84725	
-1.42602	-0.81349	1.49572	0.000191308	0.000189712	0.000339727	-1.48545	-0.828179	1.83445	
-1.42859	-0.790081	1.53761	0.000191323	0.000189698	0.000339724	-1.465	-0.804066	1.79809	
-1.4345	-0.768492	1.26506	0.000191338	0.000189686	0.000339722	-1.49274	-0.779979	1.79654	
-1.42723	-0.752704	1.35684	0.000191308	0.000189708	0.000339724	-1.46493	-0.776556	1.79079	
-1.42924	-0.709707	1.4194	0.000191305	0.000189716	0.000339723	-1.45908	-0.706231	1.76274	
-1.42517	-0.665277	1.47376	0.000191313	0.000189712	0.000339721	-1.43348	-0.647257	1.75044	
-1.42452	-0.637845	1.50529	0.000191326	0.000189702	0.000339719	-1.43432	-0.621936	1.72586	
-1.4151	-0.603619	1.24419	0.000191338	0.000189691	0.000339717	-1.44088	-0.596612	1.65761	
-1.42634	-0.574636	1.3234	0.000191302	0.000189717	0.00033972	-1.4593	-0.572054	1.67876	
-1.4372	-0.546396	1.37345	0.000191294	0.000189729	0.00033972	-1.47702	-0.54792	1.65823	
-1.42795	-0.519366	1.40433	0.000191298	0.00018973	0.000339719	-1.45476	-0.531094	1.62965	
-1.432	-0.511581	1.42433	0.000191306	0.000189724	0.000339717	-1.45999	-0.546876	1.59052	
-1.43416	-0.492932	1.43804	0.000191315	0.000189717	0.000339715	-1.45432	-0.522215	1.56865	
-1.42751	-0.474346	1.18567	0.000191324	0.000189709	0.000339714	-1.46946	-0.497836	1.60305	
-1.40224	-0.472489	0.980369	0.000191274	0.000189746	0.000339718	-1.44138	-0.508297	1.62304	
-1.41489	-0.455097	1.08235	0.000191155	0.000189835	0.000339731	-1.46868	-0.482413	1.59249	
-1.43214	-0.438487	1.17398	0.000191108	0.000189889	0.000339735	-1.49173	-0.463433	1.59064	
-1.44712	-0.41934	1.24988	0.000191107	0.000189901	0.000339733	-1.5102	-0.437415	1.59076	
-1.46318	-0.387791	1.30815	0.00019113	0.000189884	0.00033973	-1.5238	-0.38856	1.57835	
-1.49047	-0.354348	1.34003	0.000191164	0.000189854	0.000339727	-1.56868	-0.348846	1.5467	
-1.50581	-0.322561	1.39543	0.000191197	0.000189823	0.000339725	-1.57191	-0.31682	1.58189	
-1.52796	-0.282028	1.40956	0.000191233	0.000189789	0.000339723	-1.59534	-0.266923	1.54814	
-1.53051	-0.261663	1.39832	0.000191261	0.000189762	0.000339722	-1.58158	-0.267425	1.47988	
-1.53862	-0.252862	1.39021	0.000191281	0.000189746	0.000339719	-1.58428	-0.268951	1.43638	
-1.53182	-0.261474	1.3868	0.000191294	0.000189737	0.000339717	-1.56095	-0.305501	1.42621	
-1.51727	-0.250766	1.13791	0.000191302	0.000189731	0.000339715	-1.55234	-0.293008	1.41263	
-1.52581	-0.217212	1.17714	0.000191242	0.000189776	0.000339719	-1.56044	-0.230715	1.39586	
-1.52441	-0.198574	0.972348	0.00019121	0.00018981	0.000339721	-1.57912	-0.215167	1.37933	
-1.5176	-0.178281	1.04416	0.000191105	0.000189898	0.000339728	-1.558	-0.194333	1.38207	
-1.49019	-0.153774	0.857999	0.000191057	0.000189951	0.00033973	-1.51336	-0.153754	1.37251	
-1.48418	-0.130114	0.931836	0.000190939	0.000190059	0.000339734	-1.51483	-0.130826	1.34105	
-1.48229	-0.0845101	0.976608	0.000190886	0.00019012	0.000339734	-1.51805	-0.0593735	1.28466	
-1.46641	-0.0526267	1.0143	0.000190868	0.000190146	0.00033973	-1.48674	-0.0328712	1.26773	
-1.47029	-0.0191548	1.04707	0.000190873	0.000190149	0.000339726	-1.49965	0.000168539	1.25026	
-1.45432	0.0168782	0.860344	0.000190891	0.000190135	0.000339722	-1.48941	0.0440082	1.26418	
-1.46142	0.0484815	0.931161	0.000190825	0.000190198	0.000339722	-1.50481	0.0693137	1.2704	
-1.4606	0.0650247	0.953503	0.000190807	0.00019022	0.000339719	-1.50491	0.0724321	1.19364	
-1.46978	0.0801178	0.786041	0.000190803	0.000190227	0.000339717	-1.54108	0.0844893	1.16421	
-1.46888	0.104921	0.841326	0.000190725	0.0001903	0.000339718	-1.53312	0.106428	1.1435	
-1.46241	0.123629	0.687942	0.000190692	0.000190336	0.000339717	-1.53227	0.131763	1.06185	
-1.46411	0.150604	0.757744	0.000190595	0.000190426	0.000339719	-1.52609	0.155743	1.07695	
-1.47285	0.179667	0.819232	0.000190557	0.000190468	0.000339719	-1.54128	0.186319	1.09736	
-1.48517	0.205828	0.859794	0.000190558	0.00019047	0.000339718	-1.55118	0.214673	1.07366	
-1.50082	0.207337	0.902343	0.000190579	0.000190452	0.000339716	-1.57232	0.188493	1.09045	
-1.49102	0.249714	0.741961	0.000190614	0.000190417	0.000339715	-1.55061	0.271028	1.09825	
-1.45817	0.281592	0.793515	0.00019057	0.00019046	0.000339715	-1.48099	0.305079	1.08027	
-1.41754	0.309159	0.654572	0.000190559	0.000190473	0.000339714	-1.42381	0.347989	1.09901	
-1.37994	0.3301	0.716538	0.000190486	0.000190541	0.000339715	-1.36667	0.354936	1.06347	
-1.36337	0.352902	0.590738	0.00019046	0.00019057	0.000339715	-1.37234	0.384974	1.03948	
-1.3438	0.398738	0.66727	0.000190384	0.000190642	0.000339716	-1.35231	0.4453	1.03299	
-1.34104	0.412856	0.553939	0.000190362	0.000190667	0.000339716	-1.38126	0.444521	0.997122	
-1.31683	0.450824	0.627064	0.000190297	0.000190731	0.000339716	-1.34106	0.48571	0.98124	
-1.29826	0.466059	0.673683	0.000190281	0.000190749	0.000339715	-1.32423	0.475409	0.950833	
-1.29145	0.498433	0.556619	0.00019029	0.000190742	0.000339714	-1.33411	0.528353	0.946399	
-1.29381	0.514779	0.618821	0.000190249	0.000190783	0.000339714	-1.34272	0.536458	0.938872	
-1.27876	0.530073	0.662237	0.000190244	0.00019079	0.000339713	-1.31572	0.532309	0.920465	
-1.25484	0.543109	0.693929	0.00019026	0.000190775	0.000339712	-1.27693	0.536903	0.905109	
-1.24644	0.566986	0.567113	0.000190286	0.000190749	0.000339712	-1.28455	0.578118	0.919623	
-1.23754	0.576919	0.462162	0.000190252	0.000190782	0.000339712	-1.28403	0.588253	0.985101	
-1.21819	0.600917	0.534406	0.00019018	0.000190847	0.000339714	-1.26105	0.620037	0.948498	
-1.21001	0.637268	0.592666	0.000190157	0.000190873	0.000339714	-1.25488	0.665521	0.921998	
-1.20205	0.675837	0.657314	0.000190165	0.000190867	0.000339714	-1.24352	0.710858	0.938717	
-1.17903	0.69658	0.703254	0.000190198	0.000190833	0.000339714	-1.20287	0.710608	0.936383	
-1.14473	0.730673	0.729419	0.000190244	0.000190786	0.000339714	-1.14814	0.757745	0.916767	
-1.14389	0.766505	0.770757	0.000190292	0.000190738	0.000339714	-1.17017	0.797961	0.947743	
-1.14379	0.805148	0.788547	0.000190347	0.000190683	0.000339715	-1.17747	0.839059	0.924852	
-1.13443	0.817817	0.646278	0.000190396	0.000190634	0.000339715	-1.17489	0.838825	0.870643	
-1.11159	0.861224	0.677214	0.000190369	0.000190661	0.000339715	-1.13562	0.899574	0.855635	
-1.08832	0.893299	0.550801	0.000190361	0.000190671	0.000339714	-1.11641	0.937785	0.865042	
-1.05703	0.914576	0.447582	0.000190297	0.000190731	0.000339715	-1.0803	0.958842	0.825722	
-1.04847	0.958775	0.500695	0.000190205	0.000190816	0.000339719	-1.07806	1.01349	0.805795	
-1.04018	0.984734	0.409446	0.00019016	0.000190864	0.000339719	-1.08405	1.03817	0.808302	
-1.02543	1.01469	0.456569	0.000190092	0.00019093	0.00033972	-1.06134	1.06135	0.764968	
-1.01563	1.06008	0.511218	0.000190061	0.000190965	0.000339719	-1.05265	1.1249	0.767867	
-0.996609	1.08488	0.417633	0.00019006	0.000190969	0.000339717	-1.02872	1.14228	0.752552	
-0.986853	1.11187	0.469394	0.000190027	0.000191004	0.000339716	-1.0235	1.15753	0.737168	
-0.963579	1.14355	0.508071	0.000190021	0.000191012	0.000339714	-0.986458	1.19208	0.724646	
-0.959444	1.16438	0.546798	0.000190031	0.000191003	0.000339713	-0.992743	1.19927	0.730796	
-0.941506	1.18781	0.441261	0.000190055	0.00019098	0.000339712	-0.969815	1.22688	0.688616	
-0.911576	1.20705	0.353077	0.000190034	0.000191001	0.000339712	-0.938493	1.24674	0.679859	
-0.899379	1.23691	0.287533	0.000189986	0.000191045	0.000339713	-0.9347	1.29065	0.695559	
-0.853158	1.26383	0.34638	0.000189929	0.000191097	0.000339715	-0.857601	1.31472	0.676179	
-0.816144	1.29935	0.413051	0.000189907	0.000191122	0.000339715	-0.813908	1.35038	0.697583	
-0.789129	1.35219	0.472149	0.000189912	0.000191119	0.000339715	-0.784373	1.41756	0.728575	
-0.738779	1.38876	0.49912	0.000189936	0.000191095	0.000339714	-0.712175	1.45594	0.701655	
-0.706404	1.41371	0.504111	0.000189966	0.000191065	0.000339714	-0.686763	1.46465	0.647798	
-0.680177	1.44889	0.410623	0.000189992	0.00019104	0.000339714	-0.671283	1.50852	0.638777	
-0.650446	1.48535	0.447946	0.000189978	0.000191055	0.000339713	-0.633637	1.54188	0.630916	
-0.620985	1.50066	0.359911	0.00018998	0.000191055	0.000339712	-0.622607	1.54022	0.625421	
-0.588789	1.49486	0.385304	0.000189951	0.000191083	0.000339712	-0.588831	1.49369	0.59342	
-0.550526	1.49828	0.400409	0.000189937	0.000191098	0.000339712	-0.537259	1.48733	0.566726	
-0.523846	1.51977	0.415298	0.000189932	0.000191104	0.000339711	-0.515189	1.52272	0.550183	
-0.522529	1.52962	0.436305	0.000189934	0.000191103	0.00033971	-0.545964	1.52574	0.552037	
-0.472623	1.52093	0.347658	0.000189942	0.000191095	0.00033971	-0.47219	1.50631	0.522552	
-0.42527	1.54356	0.35631	0.00018992	0.000191117	0.00033971	-0.404489	1.54374	0.479745	
-0.369844	1.55705	0.360504	0.000189906	0.000191131	0.00033971	-0.339557	1.55958	0.451643	
-0.332015	1.56371	0.292345	0.000189896	0.000191141	0.00033971	-0.309305	1.56483	0.39081	
-0.296984	1.57594	0.302644	0.00018987	0.000191166	0.00033971	-0.281639	1.57737	0.388864	
-0.252475	1.58273	0.315438	0.000189853	0.000191183	0.00033971	-0.227566	1.58201	0.393815	
-0.219401	1.60438	0.29976	0.000189845	0.000191192	0.00033971	-0.20614	1.61398	0.343826	
-0.170382	1.62985	0.288959	0.000189835	0.000191202	0.00033971	-0.141844	1.65555	0.316972	
-0.132071	1.67354	0.296789	0.000189825	0.000191213	0.000339709	-0.108564	1.71931	0.331088	
-0.123248	1.70215	0.289212	0.000189819	0.000191218	0.000339709	-0.128903	1.75695	0.320463	
-0.101605	1.71267	0.280296	0.000189814	0.000191224	0.000339709	-0.109896	1.74683	0.307563	
-0.0684849	1.71291	0.278238	0.000189808	0.00019123	0.000339709	-0.0691234	1.72223	0.313324	
-0.0300446	1.72423	0.220037	0.000189803	0.000191236	0.000339708	-0.0227085	1.74326	0.318374	
-0.0147774	1.73	0.244036	0.000189786	0.000191252	0.000339709	-0.0176178	1.73458	0.355454	
0.0242101	1.74994	0.242889	0.000189778	0.000191259	0.000339709	0.033723	1.76897	0.317183	
0.0563537	1.76162	0.192538	0.000189773	0.000191265	0.000339709	0.0529076	1.7779	0.321248	
0.0851068	1.77237	0.192064	0.000189759	0.000191279	0.000339709	0.0849432	1.78892	0.295995	
0.123927	1.80237	0.200424	0.000189748	0.000191289	0.000339709	0.131755	1.83808	0.273919	
0.156056	1.80541	0.187189	0.000189742	0.000191295	0.000339709	0.163215	1.82001	0.237733	
0.19094	1.80752	0.196069	0.000189736	0.000191302	0.000339709	0.198232	1.80287	0.25802	
0.208849	1.82639	0.216152	0.000189733	0.000191305	0.000339709	0.19901	1.83729	0.282313	
0.234868	1.83922	0.212113	0.000189734	0.000191304	0.000339709	0.222826	1.85353	0.264595	
0.264875	1.84959	0.19564	0.000189735	0.000191303	0.000339708	0.250745	1.86583	0.224776	
0.296963	1.87291	0.20538	0.000189733	0.000191306	0.000339708	0.287803	1.90215	0.254163	
0.338532	1.87158	0.202255	0.000189733	0.000191306	0.000339708	0.34665	1.87926	0.251517	
0.387971	1.88954	0.155147	0.000189732	0.000191307	0.000339708	0.420912	1.91129	0.219396	
0.430555	1.90484	0.150316	0.000189724	0.000191315	0.000339708	0.465751	1.92982	0.189191	
0.461214	1.91956	0.160336	0.000189717	0.000191321	0.000339708	0.486237	1.94787	0.208016	
0.517648	1.93367	0.169126	0.000189713	0.000191325	0.000339709	0.556013	1.95745	0.23237	
0.562782	1.94721	0.151658	0.000189712	0.000191326	0.000339708	0.601058	1.96745	0.189163	
0.616317	1.93559	0.139565	0.000189709	0.00019133	0.000339708	0.665516	1.93147	0.176776	
0.685389	1.94447	0.111612	0.000189705	0.000191334	0.000339708	0.755057	1.94026	0.134404	
0.74192	1.94864	0.0938366	0.000189698	0.00019134	0.000339708	0.809698	1.95199	0.102519	
0.786366	1.95777	0.0654772	0.000189691	0.000191346	0.000339709	0.841043	1.96897	0.133775	
0.824146	1.9643	0.055793	0.000189684	0.000191353	0.000339709	0.868875	1.96756	0.10324	
0.867828	1.97487	0.0305184	0.000189678	0.000191358	0.000339709	0.908849	1.9916	0.0921831	
0.889676	1.97701	0.0379663	0.000189673	0.000191363	0.000339709	0.9021	1.98492	0.100589	
0.932207	1.99607	0.020265	0.00018967	0.000191367	0.000339709	0.952964	2.02915	0.0701763	
0.991306	2.02343	0.0129697	0.000189667	0.00019137	0.000339709	1.03331	2.06928	0.053305	
1.02274	2.02438	-0.00134475	0.000189665	0.000191372	0.000339709	1.04982	2.04989	0.0169428	
1.05816	2.03766	-0.0262209	0.000189664	0.000191374	0.000339709	1.09042	2.06932	-0.0279524	
1.10399	2.0476	-0.0439831	0.000189663	0.000191375	0.000339709	1.14052	2.07359	-0.0553994	
1.1469	2.06768	-0.0508153	0.000189662	0.000191375	0.000339709	1.17575	2.09724	-0.0549934	
1.18329	2.04711	-0.0438096	0.000189663	0.000191374	0.000339709	1.19962	2.039	-0.00936959	
1.21233	2.04245	-0.0576633	0.000189663	0.000191374	0.000339709	1.2198	2.03902	-0.0326058	
1.25338	2.03579	-0.0908913	0.000189664	0.000191374	0.000339709	1.27676	2.03009	-0.0909509	
1.29364	2.02899	-0.0895226	0.000189666	0.000191371	0.000339709	1.32011	2.01822	-0.122334	
1.33562	2.03057	-0.121957	0.000189669	0.000191369	0.000339709	1.36029	2.02791	-0.164419	
1.38407	2.03492	-0.144022	0.000189673	0.000191364	0.000339709	1.41734	2.04333	-0.17888	
1.40707	2.04234	-0.163482	0.000189678	0.000191358	0.000339709	1.41863	2.05187	-0.19281	
1.43291	2.03691	-0.181693	0.000189685	0.000191351	0.00033971	1.43208	2.05119	-0.198977	
1.46862	2.05761	-0.202163	0.000189694	0.000191343	0.00033971	1.47858	2.09671	-0.218363	
1.49829	2.05765	-0.223005	0.000189703	0.000191333	0.00033971	1.50848	2.08412	-0.230724	
